# time cluster_size count
150000.000000 650 1
200000.000000 1 2
200000.000000 648 1
250000.000000 1 8
250000.000000 642 1
300000.000000 1 16
300000.000000 2 1
300000.000000 4 1
300000.000000 628 1
350000.000000 1 20
350000.000000 2 2
350000.000000 3 1
350000.000000 623 1
400000.000000 1 15
400000.000000 2 7
400000.000000 3 2
400000.000000 615 1
450000.000000 1 22
450000.000000 2 5
450000.000000 3 2
450000.000000 612 1
500000.000000 1 23
500000.000000 2 1
500000.000000 625 1
550000.000000 1 20
550000.000000 2 2
550000.000000 3 1
550000.000000 623 1
600000.000000 1 11
600000.000000 2 2
600000.000000 3 1
600000.000000 632 1
650000.000000 1 16
650000.000000 2 4
650000.000000 626 1
700000.000000 1 19
700000.000000 2 1
700000.000000 629 1
750000.000000 1 20
750000.000000 2 1
750000.000000 628 1
800000.000000 1 16
800000.000000 2 6
800000.000000 3 1
800000.000000 619 1
850000.000000 1 17
850000.000000 2 5
850000.000000 623 1
900000.000000 1 21
900000.000000 2 4
900000.000000 621 1
950000.000000 1 20
950000.000000 2 4
950000.000000 622 1
1000000.000000 1 20
1000000.000000 2 3
1000000.000000 3 1
1000000.000000 4 2
1000000.000000 613 1
1050000.000000 1 17
1050000.000000 2 2
1050000.000000 3 4
1050000.000000 4 1
1050000.000000 613 1
1100000.000000 1 14
1100000.000000 2 5
1100000.000000 3 1
1100000.000000 623 1
1150000.000000 1 13
1150000.000000 2 3
1150000.000000 3 1
1150000.000000 628 1
1200000.000000 1 16
1200000.000000 2 6
1200000.000000 622 1
1250000.000000 1 17
1250000.000000 2 1
1250000.000000 3 1
1250000.000000 628 1
1300000.000000 1 20
1300000.000000 2 1
1300000.000000 628 1
1350000.000000 1 18
1350000.000000 2 4
1350000.000000 3 1
1350000.000000 621 1
1400000.000000 1 21
1400000.000000 2 3
1400000.000000 623 1
1450000.000000 1 15
1450000.000000 2 2
1450000.000000 3 1
1450000.000000 628 1
1500000.000000 1 16
1500000.000000 2 3
1500000.000000 628 1
1550000.000000 1 12
1550000.000000 2 1
1550000.000000 3 1
1550000.000000 4 1
1550000.000000 629 1
1600000.000000 1 19
1600000.000000 2 3
1600000.000000 3 1
1600000.000000 622 1
1650000.000000 1 16
1650000.000000 2 1
1650000.000000 3 1
1650000.000000 4 1
1650000.000000 625 1
1700000.000000 1 16
1700000.000000 2 6
1700000.000000 3 1
1700000.000000 619 1
1750000.000000 1 16
1750000.000000 2 7
1750000.000000 620 1
1800000.000000 1 17
1800000.000000 2 2
1800000.000000 4 1
1800000.000000 625 1
1850000.000000 1 14
1850000.000000 2 6
1850000.000000 3 3
1850000.000000 4 1
1850000.000000 611 1
1900000.000000 1 14
1900000.000000 2 2
1900000.000000 632 1
1950000.000000 1 10
1950000.000000 2 2
1950000.000000 636 1
2000000.000000 1 13
2000000.000000 2 6
2000000.000000 3 1
2000000.000000 622 1
2050000.000000 1 17
2050000.000000 2 2
2050000.000000 3 2
2050000.000000 623 1
2100000.000000 1 17
2100000.000000 2 1
2100000.000000 3 2
2100000.000000 625 1
2150000.000000 1 24
2150000.000000 2 1
2150000.000000 624 1
2200000.000000 1 21
2200000.000000 2 1
2200000.000000 3 1
2200000.000000 624 1
2250000.000000 1 16
2250000.000000 2 1
2250000.000000 3 1
2250000.000000 629 1
2300000.000000 1 20
2300000.000000 2 2
2300000.000000 3 3
2300000.000000 617 1
2350000.000000 1 30
2350000.000000 2 3
2350000.000000 3 2
2350000.000000 4 1
2350000.000000 604 1
2400000.000000 1 20
2400000.000000 2 3
2400000.000000 3 4
2400000.000000 4 1
2400000.000000 608 1
2450000.000000 1 8
2450000.000000 2 5
2450000.000000 3 2
2450000.000000 7 1
2450000.000000 619 1
2500000.000000 1 20
2500000.000000 2 1
2500000.000000 3 1
2500000.000000 625 1
2550000.000000 1 19
2550000.000000 2 2
2550000.000000 3 1
2550000.000000 624 1
2600000.000000 1 13
2600000.000000 2 3
2600000.000000 631 1
2650000.000000 1 12
2650000.000000 2 5
2650000.000000 628 1
2700000.000000 1 14
2700000.000000 2 4
2700000.000000 628 1
2750000.000000 1 19
2750000.000000 2 2
2750000.000000 627 1
2800000.000000 1 22
2800000.000000 2 4
2800000.000000 4 1
2800000.000000 616 1
2850000.000000 1 16
2850000.000000 2 5
2850000.000000 3 1
2850000.000000 621 1
2900000.000000 1 14
2900000.000000 2 3
2900000.000000 3 1
2900000.000000 4 1
2900000.000000 623 1
2950000.000000 1 12
2950000.000000 2 1
2950000.000000 3 1
2950000.000000 4 1
2950000.000000 629 1
3000000.000000 1 22
3000000.000000 2 3
3000000.000000 3 1
3000000.000000 6 1
3000000.000000 613 1
3050000.000000 1 21
3050000.000000 2 4
3050000.000000 621 1
3100000.000000 1 18
3100000.000000 2 2
3100000.000000 628 1
3150000.000000 1 16
3150000.000000 2 2
3150000.000000 630 1
3200000.000000 1 17
3200000.000000 2 2
3200000.000000 4 2
3200000.000000 621 1
3250000.000000 1 15
3250000.000000 2 1
3250000.000000 3 1
3250000.000000 630 1
3300000.000000 1 20
3300000.000000 5 1
3300000.000000 625 1
3350000.000000 1 14
3350000.000000 2 1
3350000.000000 3 1
3350000.000000 4 1
3350000.000000 627 1
3400000.000000 1 13
3400000.000000 2 2
3400000.000000 3 2
3400000.000000 627 1
3450000.000000 1 15
3450000.000000 2 1
3450000.000000 3 2
3450000.000000 627 1
3500000.000000 1 11
3500000.000000 2 3
3500000.000000 3 1
3500000.000000 630 1
3550000.000000 1 16
3550000.000000 2 1
3550000.000000 632 1
3600000.000000 1 15
3600000.000000 3 1
3600000.000000 632 1
3650000.000000 1 17
3650000.000000 2 1
3650000.000000 631 1
3700000.000000 1 17
3700000.000000 2 3
3700000.000000 627 1
3750000.000000 1 20
3750000.000000 2 5
3750000.000000 3 1
3750000.000000 617 1
3800000.000000 1 18
3800000.000000 632 1
3850000.000000 1 11
3850000.000000 2 2
3850000.000000 3 1
3850000.000000 632 1
3900000.000000 1 24
3900000.000000 2 4
3900000.000000 3 1
3900000.000000 615 1
3950000.000000 1 23
3950000.000000 2 2
3950000.000000 3 1
3950000.000000 4 1
3950000.000000 616 1
4000000.000000 1 18
4000000.000000 2 4
4000000.000000 3 1
4000000.000000 4 1
4000000.000000 617 1
4050000.000000 1 21
4050000.000000 2 2
4050000.000000 625 1
4100000.000000 1 16
4100000.000000 2 4
4100000.000000 626 1
4150000.000000 1 14
4150000.000000 2 3
4150000.000000 3 1
4150000.000000 627 1
4200000.000000 1 9
4200000.000000 2 3
4200000.000000 3 1
4200000.000000 632 1
4250000.000000 1 14
4250000.000000 2 2
4250000.000000 3 1
4250000.000000 629 1
4300000.000000 1 17
4300000.000000 2 1
4300000.000000 631 1
4350000.000000 1 17
4350000.000000 4 1
4350000.000000 5 1
4350000.000000 624 1
4400000.000000 1 20
4400000.000000 2 2
4400000.000000 3 2
4400000.000000 620 1
4450000.000000 1 21
4450000.000000 2 5
4450000.000000 619 1
4500000.000000 1 18
4500000.000000 2 2
4500000.000000 3 2
4500000.000000 622 1
4550000.000000 1 14
4550000.000000 2 2
4550000.000000 3 1
4550000.000000 629 1
4600000.000000 1 17
4600000.000000 2 5
4600000.000000 623 1
4650000.000000 1 16
4650000.000000 2 3
4650000.000000 628 1
4700000.000000 1 22
4700000.000000 2 1
4700000.000000 3 1
4700000.000000 623 1
4750000.000000 1 13
4750000.000000 2 6
4750000.000000 625 1
4800000.000000 1 21
4800000.000000 2 1
4800000.000000 627 1
4850000.000000 1 16
4850000.000000 2 1
4850000.000000 632 1
4900000.000000 1 23
4900000.000000 2 2
4900000.000000 4 1
4900000.000000 619 1
4950000.000000 1 20
4950000.000000 2 5
4950000.000000 620 1
5000000.000000 1 18
5000000.000000 2 2
5000000.000000 3 1
5000000.000000 4 1
5000000.000000 621 1
5050000.000000 1 16
5050000.000000 2 1
5050000.000000 632 1
5100000.000000 1 23
5100000.000000 2 2
5100000.000000 623 1
5150000.000000 1 18
5150000.000000 2 1
5150000.000000 3 1
5150000.000000 627 1
5200000.000000 1 18
5200000.000000 2 4
5200000.000000 624 1
5250000.000000 1 17
5250000.000000 2 4
5250000.000000 3 1
5250000.000000 622 1
5300000.000000 1 20
5300000.000000 2 2
5300000.000000 3 1
5300000.000000 623 1
5350000.000000 1 14
5350000.000000 2 4
5350000.000000 3 1
5350000.000000 625 1
5400000.000000 1 20
5400000.000000 2 1
5400000.000000 3 1
5400000.000000 625 1
5450000.000000 1 20
5450000.000000 2 2
5450000.000000 4 1
5450000.000000 5 1
5450000.000000 617 1
5500000.000000 1 25
5500000.000000 2 5
5500000.000000 615 1
5550000.000000 1 17
5550000.000000 2 5
5550000.000000 623 1
5600000.000000 1 18
5600000.000000 2 3
5600000.000000 626 1
5650000.000000 1 22
5650000.000000 628 1
5700000.000000 1 22
5700000.000000 3 1
5700000.000000 625 1
5750000.000000 1 19
5750000.000000 2 2
5750000.000000 3 1
5750000.000000 624 1
5800000.000000 1 21
5800000.000000 2 2
5800000.000000 3 1
5800000.000000 622 1
5850000.000000 1 14
5850000.000000 2 3
5850000.000000 3 2
5850000.000000 624 1
5900000.000000 1 17
5900000.000000 4 1
5900000.000000 629 1
5950000.000000 1 19
5950000.000000 6 1
5950000.000000 625 1
6000000.000000 1 16
6000000.000000 2 1
6000000.000000 3 1
6000000.000000 629 1
6050000.000000 1 13
6050000.000000 2 2
6050000.000000 633 1
6100000.000000 1 19
6100000.000000 2 1
6100000.000000 3 1
6100000.000000 4 1
6100000.000000 622 1
6150000.000000 1 10
6150000.000000 2 4
6150000.000000 632 1
6200000.000000 1 20
6200000.000000 2 4
6200000.000000 3 1
6200000.000000 619 1
6250000.000000 1 23
6250000.000000 2 2
6250000.000000 3 2
6250000.000000 617 1
6300000.000000 1 16
6300000.000000 2 6
6300000.000000 622 1
6350000.000000 1 25
6350000.000000 2 1
6350000.000000 623 1
6400000.000000 1 13
6400000.000000 2 3
6400000.000000 3 2
6400000.000000 625 1
6450000.000000 1 19
6450000.000000 2 3
6450000.000000 3 1
6450000.000000 622 1
6500000.000000 1 19
6500000.000000 2 1
6500000.000000 629 1
6550000.000000 1 14
6550000.000000 2 3
6550000.000000 3 1
6550000.000000 627 1
6600000.000000 1 22
6600000.000000 2 3
6600000.000000 3 1
6600000.000000 619 1
6650000.000000 1 28
6650000.000000 2 5
6650000.000000 612 1
6700000.000000 1 15
6700000.000000 2 4
6700000.000000 3 1
6700000.000000 4 1
6700000.000000 620 1
6750000.000000 1 15
6750000.000000 2 7
6750000.000000 621 1
6800000.000000 1 13
6800000.000000 2 3
6800000.000000 631 1
6850000.000000 1 18
6850000.000000 2 2
6850000.000000 4 1
6850000.000000 624 1
6900000.000000 1 25
6900000.000000 2 6
6900000.000000 3 2
6900000.000000 4 1
6900000.000000 603 1
6950000.000000 1 18
6950000.000000 2 7
6950000.000000 3 2
6950000.000000 612 1
7000000.000000 1 24
7000000.000000 2 6
7000000.000000 614 1
7050000.000000 1 19
7050000.000000 2 3
7050000.000000 4 2
7050000.000000 617 1
7100000.000000 1 23
7100000.000000 2 2
7100000.000000 5 1
7100000.000000 618 1
7150000.000000 1 24
7150000.000000 2 2
7150000.000000 622 1
7200000.000000 1 25
7200000.000000 2 2
7200000.000000 621 1
7250000.000000 1 15
7250000.000000 2 3
7250000.000000 5 1
7250000.000000 624 1
7300000.000000 1 15
7300000.000000 2 3
7300000.000000 4 1
7300000.000000 625 1
7350000.000000 1 21
7350000.000000 2 4
7350000.000000 621 1
7400000.000000 1 21
7400000.000000 3 1
7400000.000000 626 1
7450000.000000 1 16
7450000.000000 2 4
7450000.000000 626 1
7500000.000000 1 19
7500000.000000 2 2
7500000.000000 4 1
7500000.000000 623 1
7550000.000000 1 17
7550000.000000 2 5
7550000.000000 623 1
7600000.000000 1 18
7600000.000000 2 2
7600000.000000 628 1
7650000.000000 1 14
7650000.000000 2 3
7650000.000000 630 1
7700000.000000 1 19
7700000.000000 631 1
7750000.000000 1 12
7750000.000000 2 2
7750000.000000 634 1
7800000.000000 1 14
7800000.000000 2 3
7800000.000000 4 1
7800000.000000 626 1
7850000.000000 1 23
7850000.000000 2 3
7850000.000000 621 1
7900000.000000 1 15
7900000.000000 2 5
7900000.000000 625 1
7950000.000000 1 17
7950000.000000 2 2
7950000.000000 629 1
8000000.000000 1 17
8000000.000000 2 4
8000000.000000 3 3
8000000.000000 4 1
8000000.000000 612 1
8050000.000000 1 19
8050000.000000 2 2
8050000.000000 3 1
8050000.000000 624 1
8100000.000000 1 21
8100000.000000 2 3
8100000.000000 5 1
8100000.000000 8 1
8100000.000000 610 1
8150000.000000 1 28
8150000.000000 2 2
8150000.000000 618 1
8200000.000000 1 22
8200000.000000 2 4
8200000.000000 4 1
8200000.000000 616 1
8250000.000000 1 21
8250000.000000 2 3
8250000.000000 623 1
8300000.000000 1 18
8300000.000000 2 2
8300000.000000 3 3
8300000.000000 619 1
8350000.000000 1 18
8350000.000000 2 1
8350000.000000 630 1
8400000.000000 1 14
8400000.000000 2 2
8400000.000000 3 1
8400000.000000 629 1
8450000.000000 1 19
8450000.000000 2 3
8450000.000000 625 1
8500000.000000 1 16
8500000.000000 2 2
8500000.000000 3 1
8500000.000000 627 1
8550000.000000 1 20
8550000.000000 2 1
8550000.000000 3 1
8550000.000000 625 1
8600000.000000 1 19
8600000.000000 2 2
8600000.000000 3 2
8600000.000000 621 1
8650000.000000 1 16
8650000.000000 2 6
8650000.000000 622 1
8700000.000000 1 16
8700000.000000 2 4
8700000.000000 3 1
8700000.000000 623 1
8750000.000000 1 19
8750000.000000 2 4
8750000.000000 3 1
8750000.000000 620 1
8800000.000000 1 21
8800000.000000 2 1
8800000.000000 5 1
8800000.000000 622 1
8850000.000000 1 27
8850000.000000 2 3
8850000.000000 3 1
8850000.000000 614 1
8900000.000000 1 15
8900000.000000 2 4
8900000.000000 627 1
8950000.000000 1 15
8950000.000000 2 2
8950000.000000 631 1
9000000.000000 1 13
9000000.000000 2 4
9000000.000000 3 1
9000000.000000 626 1
9050000.000000 1 14
9050000.000000 2 4
9050000.000000 3 1
9050000.000000 625 1
9100000.000000 1 30
9100000.000000 2 3
9100000.000000 614 1
9150000.000000 1 22
9150000.000000 2 3
9150000.000000 622 1
9200000.000000 1 18
9200000.000000 2 3
9200000.000000 3 1
9200000.000000 4 1
9200000.000000 619 1
9250000.000000 1 21
9250000.000000 2 3
9250000.000000 3 1
9250000.000000 620 1
9300000.000000 1 19
9300000.000000 2 4
9300000.000000 3 1
9300000.000000 620 1
9350000.000000 1 17
9350000.000000 2 3
9350000.000000 3 2
9350000.000000 621 1
9400000.000000 1 20
9400000.000000 2 1
9400000.000000 3 1
9400000.000000 4 2
9400000.000000 617 1
9450000.000000 1 21
9450000.000000 2 5
9450000.000000 4 1
9450000.000000 615 1
9500000.000000 1 24
9500000.000000 2 5
9500000.000000 3 1
9500000.000000 4 1
9500000.000000 609 1
9550000.000000 1 24
9550000.000000 2 3
9550000.000000 3 1
9550000.000000 617 1
9600000.000000 1 23
9600000.000000 2 1
9600000.000000 4 1
9600000.000000 621 1
9650000.000000 1 21
9650000.000000 2 2
9650000.000000 3 3
9650000.000000 616 1
9700000.000000 1 23
9700000.000000 2 3
9700000.000000 3 1
9700000.000000 618 1
9750000.000000 1 23
9750000.000000 2 3
9750000.000000 3 1
9750000.000000 4 1
9750000.000000 614 1
9800000.000000 1 21
9800000.000000 2 3
9800000.000000 623 1
9850000.000000 1 20
9850000.000000 2 2
9850000.000000 3 1
9850000.000000 623 1
9900000.000000 1 15
9900000.000000 2 1
9900000.000000 3 1
9900000.000000 630 1
9950000.000000 1 19
9950000.000000 2 1
9950000.000000 3 1
9950000.000000 626 1
10000000.000000 1 25
10000000.000000 2 3
10000000.000000 3 1
10000000.000000 616 1
10050000.000000 1 27
10050000.000000 2 4
10050000.000000 615 1
10100000.000000 1 20
10100000.000000 2 3
10100000.000000 3 1
10100000.000000 4 1
10100000.000000 617 1
10150000.000000 1 19
10150000.000000 2 1
10150000.000000 3 2
10150000.000000 623 1
10200000.000000 1 16
10200000.000000 2 3
10200000.000000 3 1
10200000.000000 625 1
10250000.000000 1 23
10250000.000000 2 1
10250000.000000 3 1
10250000.000000 4 1
10250000.000000 618 1
10300000.000000 1 16
10300000.000000 2 4
10300000.000000 3 2
10300000.000000 620 1
10350000.000000 1 16
10350000.000000 2 2
10350000.000000 3 1
10350000.000000 627 1
10400000.000000 1 19
10400000.000000 2 3
10400000.000000 625 1
10450000.000000 1 21
10450000.000000 2 3
10450000.000000 3 3
10450000.000000 614 1
10500000.000000 1 23
10500000.000000 2 5
10500000.000000 3 1
10500000.000000 4 1
10500000.000000 610 1
10550000.000000 1 19
10550000.000000 2 4
10550000.000000 3 1
10550000.000000 4 1
10550000.000000 616 1
10600000.000000 1 16
10600000.000000 2 1
10600000.000000 3 2
10600000.000000 626 1
10650000.000000 1 22
10650000.000000 2 1
10650000.000000 626 1
10700000.000000 1 18
10700000.000000 2 5
10700000.000000 622 1
10750000.000000 1 14
10750000.000000 2 4
10750000.000000 3 1
10750000.000000 625 1
10800000.000000 1 17
10800000.000000 2 3
10800000.000000 627 1
10850000.000000 1 22
10850000.000000 2 2
10850000.000000 4 1
10850000.000000 620 1
10900000.000000 1 14
10900000.000000 2 2
10900000.000000 632 1
10950000.000000 1 10
10950000.000000 2 1
10950000.000000 638 1
11000000.000000 1 17
11000000.000000 2 2
11000000.000000 629 1
11050000.000000 1 15
11050000.000000 2 1
11050000.000000 3 1
11050000.000000 630 1
11100000.000000 1 18
11100000.000000 2 3
11100000.000000 626 1
11150000.000000 1 24
11150000.000000 2 1
11150000.000000 3 1
11150000.000000 4 1
11150000.000000 7 1
11150000.000000 610 1
11200000.000000 1 13
11200000.000000 2 7
11200000.000000 623 1
11250000.000000 1 14
11250000.000000 2 8
11250000.000000 620 1
11300000.000000 1 23
11300000.000000 2 1
11300000.000000 3 1
11300000.000000 622 1
11350000.000000 1 16
11350000.000000 2 4
11350000.000000 3 1
11350000.000000 623 1
11400000.000000 1 19
11400000.000000 2 1
11400000.000000 3 2
11400000.000000 623 1
11450000.000000 1 19
11450000.000000 2 3
11450000.000000 6 1
11450000.000000 619 1
11500000.000000 1 18
11500000.000000 2 4
11500000.000000 4 2
11500000.000000 616 1
11550000.000000 1 25
11550000.000000 2 5
11550000.000000 3 1
11550000.000000 612 1
11600000.000000 1 17
11600000.000000 2 6
11600000.000000 3 3
11600000.000000 612 1
11650000.000000 1 21
11650000.000000 2 3
11650000.000000 3 1
11650000.000000 4 2
11650000.000000 612 1
11700000.000000 1 19
11700000.000000 2 3
11700000.000000 3 1
11700000.000000 622 1
11750000.000000 1 16
11750000.000000 2 5
11750000.000000 3 1
11750000.000000 621 1
11800000.000000 1 15
11800000.000000 2 2
11800000.000000 5 1
11800000.000000 626 1
11850000.000000 1 19
11850000.000000 3 3
11850000.000000 622 1
11900000.000000 1 20
11900000.000000 630 1
11950000.000000 1 18
11950000.000000 2 2
11950000.000000 3 1
11950000.000000 625 1
12000000.000000 1 15
12000000.000000 2 5
12000000.000000 625 1
12050000.000000 1 18
12050000.000000 2 2
12050000.000000 628 1
12100000.000000 1 18
12100000.000000 3 1
12100000.000000 629 1
12150000.000000 1 14
12150000.000000 636 1
12200000.000000 1 20
12200000.000000 2 2
12200000.000000 3 1
12200000.000000 4 1
12200000.000000 619 1
12250000.000000 1 18
12250000.000000 2 2
12250000.000000 628 1
12300000.000000 1 19
12300000.000000 2 3
12300000.000000 3 1
12300000.000000 622 1
12350000.000000 1 16
12350000.000000 2 4
12350000.000000 626 1
12400000.000000 1 21
12400000.000000 2 6
12400000.000000 5 1
12400000.000000 612 1
12450000.000000 1 20
12450000.000000 2 7
12450000.000000 616 1
12500000.000000 1 17
12500000.000000 2 3
12500000.000000 6 1
12500000.000000 621 1
12550000.000000 1 20
12550000.000000 2 1
12550000.000000 3 1
12550000.000000 625 1
12600000.000000 1 20
12600000.000000 2 4
12600000.000000 622 1
12650000.000000 1 22
12650000.000000 2 3
12650000.000000 3 2
12650000.000000 4 1
12650000.000000 5 1
12650000.000000 607 1
12700000.000000 1 24
12700000.000000 2 2
12700000.000000 3 1
12700000.000000 619 1
12750000.000000 1 13
12750000.000000 2 1
12750000.000000 3 2
12750000.000000 629 1
12800000.000000 1 15
12800000.000000 2 2
12800000.000000 3 2
12800000.000000 625 1
12850000.000000 1 22
12850000.000000 2 7
12850000.000000 614 1
12900000.000000 1 15
12900000.000000 2 1
12900000.000000 633 1
12950000.000000 1 18
12950000.000000 3 1
12950000.000000 629 1
13000000.000000 1 13
13000000.000000 2 3
13000000.000000 3 1
13000000.000000 628 1
13050000.000000 1 20
13050000.000000 2 2
13050000.000000 3 2
13050000.000000 6 1
13050000.000000 614 1
13100000.000000 1 12
13100000.000000 2 3
13100000.000000 3 2
13100000.000000 626 1
13150000.000000 1 16
13150000.000000 2 2
13150000.000000 630 1
13200000.000000 1 17
13200000.000000 2 2
13200000.000000 4 1
13200000.000000 625 1
13250000.000000 1 18
13250000.000000 2 4
13250000.000000 3 2
13250000.000000 618 1
13300000.000000 1 16
13300000.000000 2 5
13300000.000000 3 1
13300000.000000 621 1
13350000.000000 1 22
13350000.000000 2 2
13350000.000000 624 1
13400000.000000 1 18
13400000.000000 2 2
13400000.000000 628 1
13450000.000000 1 18
13450000.000000 2 2
13450000.000000 3 1
13450000.000000 625 1
13500000.000000 1 21
13500000.000000 2 2
13500000.000000 3 1
13500000.000000 622 1
13550000.000000 1 23
13550000.000000 2 2
13550000.000000 3 1
13550000.000000 5 1
13550000.000000 615 1
13600000.000000 1 20
13600000.000000 2 3
13600000.000000 5 1
13600000.000000 619 1
13650000.000000 1 24
13650000.000000 2 4
13650000.000000 6 1
13650000.000000 612 1
13700000.000000 1 23
13700000.000000 2 3
13700000.000000 3 1
13700000.000000 5 1
13700000.000000 613 1
13750000.000000 1 10
13750000.000000 2 3
13750000.000000 4 1
13750000.000000 630 1
13800000.000000 1 25
13800000.000000 2 3
13800000.000000 619 1
13850000.000000 1 14
13850000.000000 2 2
13850000.000000 3 2
13850000.000000 5 1
13850000.000000 621 1
13900000.000000 1 18
13900000.000000 2 2
13900000.000000 3 1
13900000.000000 625 1
13950000.000000 1 20
13950000.000000 2 1
13950000.000000 628 1
14000000.000000 1 15
14000000.000000 2 6
14000000.000000 623 1
14050000.000000 1 36
14050000.000000 2 2
14050000.000000 3 1
14050000.000000 607 1
14100000.000000 1 19
14100000.000000 2 6
14100000.000000 3 1
14100000.000000 616 1
14150000.000000 1 24
14150000.000000 2 2
14150000.000000 622 1
14200000.000000 1 23
14200000.000000 3 1
14200000.000000 624 1
14250000.000000 1 13
14250000.000000 2 3
14250000.000000 631 1
14300000.000000 1 19
14300000.000000 2 2
14300000.000000 3 1
14300000.000000 5 1
14300000.000000 619 1
14350000.000000 1 25
14350000.000000 2 4
14350000.000000 617 1
14400000.000000 1 18
14400000.000000 2 2
14400000.000000 628 1
14450000.000000 1 18
14450000.000000 2 3
14450000.000000 3 3
14450000.000000 4 1
14450000.000000 613 1
14500000.000000 1 20
14500000.000000 2 7
14500000.000000 616 1
14550000.000000 1 26
14550000.000000 2 2
14550000.000000 620 1
14600000.000000 1 24
14600000.000000 2 3
14600000.000000 3 1
14600000.000000 617 1
14650000.000000 1 15
14650000.000000 2 4
14650000.000000 627 1
14700000.000000 1 17
14700000.000000 2 1
14700000.000000 631 1
14750000.000000 1 12
14750000.000000 2 4
14750000.000000 630 1
14800000.000000 1 21
14800000.000000 2 1
14800000.000000 4 1
14800000.000000 623 1
14850000.000000 1 20
14850000.000000 2 6
14850000.000000 4 1
14850000.000000 614 1
14900000.000000 1 22
14900000.000000 2 4
14900000.000000 3 1
14900000.000000 617 1
14950000.000000 1 15
14950000.000000 2 2
14950000.000000 3 2
14950000.000000 6 1
14950000.000000 619 1
15000000.000000 1 14
15000000.000000 2 7
15000000.000000 5 1
15000000.000000 617 1
15050000.000000 1 14
15050000.000000 2 2
15050000.000000 3 1
15050000.000000 4 1
15050000.000000 625 1
15100000.000000 1 16
15100000.000000 2 2
15100000.000000 3 1
15100000.000000 5 1
15100000.000000 622 1
15150000.000000 1 21
15150000.000000 3 1
15150000.000000 626 1
15200000.000000 1 18
15200000.000000 2 3
15200000.000000 3 1
15200000.000000 6 1
15200000.000000 617 1
15250000.000000 1 15
15250000.000000 2 4
15250000.000000 3 2
15250000.000000 621 1
15300000.000000 1 19
15300000.000000 2 3
15300000.000000 3 2
15300000.000000 619 1
15350000.000000 1 17
15350000.000000 2 2
15350000.000000 629 1
15400000.000000 1 24
15400000.000000 2 2
15400000.000000 3 1
15400000.000000 619 1
15450000.000000 1 17
15450000.000000 2 1
15450000.000000 4 1
15450000.000000 627 1
15500000.000000 1 15
15500000.000000 2 1
15500000.000000 4 1
15500000.000000 629 1
15550000.000000 1 20
15550000.000000 3 1
15550000.000000 627 1
15600000.000000 1 15
15600000.000000 2 3
15600000.000000 629 1
15650000.000000 1 15
15650000.000000 2 3
15650000.000000 3 2
15650000.000000 623 1
15700000.000000 1 16
15700000.000000 2 5
15700000.000000 4 1
15700000.000000 620 1
15750000.000000 1 18
15750000.000000 2 5
15750000.000000 622 1
15800000.000000 1 18
15800000.000000 2 2
15800000.000000 3 1
15800000.000000 625 1
15850000.000000 1 16
15850000.000000 2 1
15850000.000000 632 1
15900000.000000 1 15
15900000.000000 2 1
15900000.000000 633 1
15950000.000000 1 23
15950000.000000 2 2
15950000.000000 623 1
16000000.000000 1 17
16000000.000000 2 5
16000000.000000 623 1
16050000.000000 1 16
16050000.000000 2 6
16050000.000000 3 1
16050000.000000 4 1
16050000.000000 615 1
16100000.000000 1 26
16100000.000000 624 1
16150000.000000 1 16
16150000.000000 2 4
16150000.000000 3 2
16150000.000000 620 1
16200000.000000 1 18
16200000.000000 632 1
16250000.000000 1 24
16250000.000000 2 3
16250000.000000 620 1
16300000.000000 1 19
16300000.000000 2 1
16300000.000000 3 1
16300000.000000 626 1
16350000.000000 1 14
16350000.000000 2 2
16350000.000000 3 2
16350000.000000 4 1
16350000.000000 622 1
16400000.000000 1 21
16400000.000000 2 1
16400000.000000 627 1
16450000.000000 1 19
16450000.000000 2 1
16450000.000000 3 1
16450000.000000 626 1
16500000.000000 1 23
16500000.000000 3 2
16500000.000000 621 1
16550000.000000 1 15
16550000.000000 2 2
16550000.000000 3 1
16550000.000000 628 1
16600000.000000 1 11
16600000.000000 2 5
16600000.000000 629 1
16650000.000000 1 16
16650000.000000 2 2
16650000.000000 3 2
16650000.000000 624 1
16700000.000000 1 24
16700000.000000 2 1
16700000.000000 3 2
16700000.000000 618 1
16750000.000000 1 18
16750000.000000 2 5
16750000.000000 3 1
16750000.000000 619 1
16800000.000000 1 20
16800000.000000 2 5
16800000.000000 3 1
16800000.000000 617 1
16850000.000000 1 22
16850000.000000 2 6
16850000.000000 616 1
16900000.000000 1 18
16900000.000000 2 5
16900000.000000 622 1
16950000.000000 1 26
16950000.000000 2 3
16950000.000000 3 1
16950000.000000 615 1
17000000.000000 1 23
17000000.000000 4 1
17000000.000000 623 1
17050000.000000 1 16
17050000.000000 2 3
17050000.000000 3 1
17050000.000000 5 1
17050000.000000 620 1
17100000.000000 1 23
17100000.000000 2 1
17100000.000000 3 1
17100000.000000 622 1
17150000.000000 1 19
17150000.000000 2 3
17150000.000000 625 1
17200000.000000 1 24
17200000.000000 2 2
17200000.000000 622 1
17250000.000000 1 19
17250000.000000 2 3
17250000.000000 625 1
17300000.000000 1 18
17300000.000000 2 2
17300000.000000 628 1
17350000.000000 1 14
17350000.000000 2 1
17350000.000000 6 1
17350000.000000 628 1
17400000.000000 1 19
17400000.000000 631 1
17450000.000000 1 13
17450000.000000 2 5
17450000.000000 627 1
17500000.000000 1 24
17500000.000000 2 1
17500000.000000 624 1
17550000.000000 1 18
17550000.000000 2 3
17550000.000000 3 2
17550000.000000 620 1
17600000.000000 1 16
17600000.000000 2 4
17600000.000000 3 1
17600000.000000 4 1
17600000.000000 619 1
17650000.000000 1 24
17650000.000000 2 1
17650000.000000 624 1
17700000.000000 1 23
17700000.000000 2 3
17700000.000000 3 1
17700000.000000 618 1
17750000.000000 1 23
17750000.000000 2 5
17750000.000000 617 1
17800000.000000 1 12
17800000.000000 2 1
17800000.000000 3 1
17800000.000000 633 1
17850000.000000 1 15
17850000.000000 2 2
17850000.000000 3 1
17850000.000000 628 1
17900000.000000 1 18
17900000.000000 2 1
17900000.000000 630 1
17950000.000000 1 20
17950000.000000 2 3
17950000.000000 624 1
18000000.000000 1 17
18000000.000000 2 6
18000000.000000 3 1
18000000.000000 618 1
18050000.000000 1 25
18050000.000000 2 1
18050000.000000 3 1
18050000.000000 620 1
18100000.000000 1 9
18100000.000000 2 4
18100000.000000 633 1
18150000.000000 1 12
18150000.000000 3 2
18150000.000000 632 1
18200000.000000 1 20
18200000.000000 2 1
18200000.000000 628 1
18250000.000000 1 12
18250000.000000 2 2
18250000.000000 3 1
18250000.000000 4 1
18250000.000000 627 1
18300000.000000 1 13
18300000.000000 2 1
18300000.000000 3 1
18300000.000000 4 1
18300000.000000 628 1
18350000.000000 1 26
18350000.000000 2 5
18350000.000000 3 1
18350000.000000 7 1
18350000.000000 604 1
18400000.000000 1 22
18400000.000000 2 6
18400000.000000 3 2
18400000.000000 4 1
18400000.000000 606 1
18450000.000000 1 18
18450000.000000 2 6
18450000.000000 620 1
18500000.000000 1 26
18500000.000000 3 1
18500000.000000 621 1
18550000.000000 1 18
18550000.000000 2 4
18550000.000000 3 1
18550000.000000 621 1
18600000.000000 1 26
18600000.000000 2 2
18600000.000000 620 1
18650000.000000 1 18
18650000.000000 2 3
18650000.000000 3 2
18650000.000000 620 1
18700000.000000 1 20
18700000.000000 2 2
18700000.000000 3 2
18700000.000000 620 1
18750000.000000 1 19
18750000.000000 2 2
18750000.000000 3 1
18750000.000000 624 1
18800000.000000 1 14
18800000.000000 2 2
18800000.000000 3 2
18800000.000000 626 1
18850000.000000 1 21
18850000.000000 2 1
18850000.000000 627 1
18900000.000000 1 19
18900000.000000 2 1
18900000.000000 3 2
18900000.000000 623 1
18950000.000000 1 15
18950000.000000 2 1
18950000.000000 3 1
18950000.000000 4 1
18950000.000000 626 1
19000000.000000 1 18
19000000.000000 2 3
19000000.000000 626 1
19050000.000000 1 13
19050000.000000 2 7
19050000.000000 623 1
19100000.000000 1 25
19100000.000000 2 3
19100000.000000 619 1
19150000.000000 1 26
19150000.000000 2 2
19150000.000000 620 1
19200000.000000 1 15
19200000.000000 635 1
19250000.000000 1 17
19250000.000000 2 3
19250000.000000 627 1
19300000.000000 1 17
19300000.000000 633 1
19350000.000000 1 16
19350000.000000 2 1
19350000.000000 632 1
19400000.000000 1 14
19400000.000000 2 1
19400000.000000 634 1
19450000.000000 1 17
19450000.000000 2 1
19450000.000000 3 1
19450000.000000 628 1
19500000.000000 1 16
19500000.000000 2 3
19500000.000000 628 1
19550000.000000 1 17
19550000.000000 2 2
19550000.000000 7 1
19550000.000000 622 1
19600000.000000 1 12
19600000.000000 2 2
19600000.000000 3 1
19600000.000000 4 1
19600000.000000 627 1
19650000.000000 1 14
19650000.000000 2 4
19650000.000000 628 1
19700000.000000 1 18
19700000.000000 2 2
19700000.000000 3 2
19700000.000000 622 1
19750000.000000 1 19
19750000.000000 2 3
19750000.000000 3 1
19750000.000000 622 1
19800000.000000 1 19
19800000.000000 2 2
19800000.000000 627 1
19850000.000000 1 19
19850000.000000 631 1
19900000.000000 1 18
19900000.000000 2 3
19900000.000000 626 1
19950000.000000 1 16
19950000.000000 2 1
19950000.000000 632 1
20000000.000000 1 15
20000000.000000 2 3
20000000.000000 629 1
20050000.000000 1 18
20050000.000000 2 3
20050000.000000 626 1
20100000.000000 1 28
20100000.000000 2 2
20100000.000000 618 1
