# time cluster_size count
50000.000000 1 1
50000.000000 599 1
100000.000000 1 1
100000.000000 6 1
100000.000000 593 1
150000.000000 1 8
150000.000000 6 1
150000.000000 586 1
200000.000000 1 12
200000.000000 2 2
200000.000000 3 1
200000.000000 6 1
200000.000000 7 1
200000.000000 568 1
250000.000000 1 20
250000.000000 2 2
250000.000000 3 1
250000.000000 573 1
300000.000000 1 18
300000.000000 2 6
300000.000000 3 1
300000.000000 4 1
300000.000000 563 1
350000.000000 1 19
350000.000000 2 7
350000.000000 3 1
350000.000000 564 1
400000.000000 1 22
400000.000000 2 2
400000.000000 3 2
400000.000000 568 1
450000.000000 1 24
450000.000000 2 3
450000.000000 3 1
450000.000000 4 1
450000.000000 563 1
500000.000000 1 23
500000.000000 2 3
500000.000000 3 1
500000.000000 5 1
500000.000000 6 1
500000.000000 557 1
550000.000000 1 28
550000.000000 2 8
550000.000000 5 2
550000.000000 546 1
600000.000000 1 24
600000.000000 2 8
600000.000000 3 2
600000.000000 554 1
650000.000000 1 25
650000.000000 2 3
650000.000000 3 3
650000.000000 4 3
650000.000000 548 1
700000.000000 1 28
700000.000000 2 9
700000.000000 3 1
700000.000000 551 1
750000.000000 1 25
750000.000000 2 9
750000.000000 3 2
750000.000000 4 2
750000.000000 543 1
800000.000000 1 33
800000.000000 2 7
800000.000000 3 1
800000.000000 4 1
800000.000000 546 1
850000.000000 1 33
850000.000000 2 6
850000.000000 3 4
850000.000000 5 1
850000.000000 538 1
900000.000000 1 30
900000.000000 2 6
900000.000000 3 1
900000.000000 4 1
900000.000000 551 1
950000.000000 1 35
950000.000000 2 7
950000.000000 3 4
950000.000000 539 1
1000000.000000 1 39
1000000.000000 2 6
1000000.000000 3 2
1000000.000000 4 3
1000000.000000 531 1
1050000.000000 1 37
1050000.000000 2 8
1050000.000000 3 2
1050000.000000 4 1
1050000.000000 537 1
1100000.000000 1 28
1100000.000000 2 10
1100000.000000 3 2
1100000.000000 546 1
1150000.000000 1 33
1150000.000000 2 11
1150000.000000 545 1
1200000.000000 1 34
1200000.000000 2 9
1200000.000000 3 1
1200000.000000 545 1
1250000.000000 1 33
1250000.000000 2 12
1250000.000000 3 1
1250000.000000 540 1
1300000.000000 1 42
1300000.000000 2 6
1300000.000000 3 1
1300000.000000 4 1
1300000.000000 539 1
1350000.000000 1 37
1350000.000000 2 8
1350000.000000 3 4
1350000.000000 535 1
1400000.000000 1 36
1400000.000000 2 10
1400000.000000 3 2
1400000.000000 8 1
1400000.000000 530 1
1450000.000000 1 35
1450000.000000 2 9
1450000.000000 3 5
1450000.000000 4 3
1450000.000000 520 1
1500000.000000 1 41
1500000.000000 2 12
1500000.000000 3 4
1500000.000000 4 3
1500000.000000 5 1
1500000.000000 506 1
1550000.000000 1 37
1550000.000000 2 11
1550000.000000 3 1
1550000.000000 4 4
1550000.000000 522 1
1600000.000000 1 46
1600000.000000 2 4
1600000.000000 3 4
1600000.000000 4 2
1600000.000000 5 1
1600000.000000 521 1
1650000.000000 1 46
1650000.000000 2 9
1650000.000000 3 4
1650000.000000 5 1
1650000.000000 6 2
1650000.000000 507 1
1700000.000000 1 39
1700000.000000 2 7
1700000.000000 3 4
1700000.000000 4 2
1700000.000000 5 2
1700000.000000 7 1
1700000.000000 510 1
1750000.000000 1 38
1750000.000000 2 9
1750000.000000 3 6
1750000.000000 4 2
1750000.000000 5 1
1750000.000000 513 1
1800000.000000 1 44
1800000.000000 2 8
1800000.000000 3 3
1800000.000000 4 1
1800000.000000 5 2
1800000.000000 7 1
1800000.000000 510 1
1850000.000000 1 41
1850000.000000 2 8
1850000.000000 3 5
1850000.000000 4 1
1850000.000000 6 2
1850000.000000 512 1
1900000.000000 1 46
1900000.000000 2 6
1900000.000000 3 3
1900000.000000 4 1
1900000.000000 6 1
1900000.000000 523 1
1950000.000000 1 46
1950000.000000 2 6
1950000.000000 3 1
1950000.000000 4 3
1950000.000000 5 1
1950000.000000 522 1
2000000.000000 1 45
2000000.000000 2 8
2000000.000000 3 1
2000000.000000 4 3
2000000.000000 6 1
2000000.000000 518 1
2050000.000000 1 54
2050000.000000 2 8
2050000.000000 3 2
2050000.000000 4 1
2050000.000000 5 2
2050000.000000 510 1
2100000.000000 1 34
2100000.000000 2 8
2100000.000000 3 4
2100000.000000 4 2
2100000.000000 7 1
2100000.000000 523 1
2150000.000000 1 42
2150000.000000 2 8
2150000.000000 3 6
2150000.000000 7 1
2150000.000000 517 1
2200000.000000 1 35
2200000.000000 2 13
2200000.000000 4 2
2200000.000000 6 1
2200000.000000 10 1
2200000.000000 515 1
2250000.000000 1 38
2250000.000000 2 8
2250000.000000 3 2
2250000.000000 4 3
2250000.000000 5 1
2250000.000000 523 1
2300000.000000 1 45
2300000.000000 2 9
2300000.000000 3 3
2300000.000000 4 1
2300000.000000 6 2
2300000.000000 512 1
2350000.000000 1 45
2350000.000000 2 10
2350000.000000 3 1
2350000.000000 4 2
2350000.000000 5 1
2350000.000000 6 1
2350000.000000 513 1
2400000.000000 1 45
2400000.000000 2 13
2400000.000000 4 1
2400000.000000 10 1
2400000.000000 515 1
2450000.000000 1 42
2450000.000000 2 12
2450000.000000 3 1
2450000.000000 6 1
2450000.000000 11 1
2450000.000000 514 1
2500000.000000 1 43
2500000.000000 2 10
2500000.000000 3 2
2500000.000000 4 2
2500000.000000 9 1
2500000.000000 514 1
2550000.000000 1 51
2550000.000000 2 4
2550000.000000 3 1
2550000.000000 5 1
2550000.000000 6 1
2550000.000000 8 1
2550000.000000 519 1
2600000.000000 1 42
2600000.000000 2 9
2600000.000000 3 1
2600000.000000 4 3
2600000.000000 525 1
2650000.000000 1 36
2650000.000000 2 10
2650000.000000 3 1
2650000.000000 4 2
2650000.000000 533 1
2700000.000000 1 40
2700000.000000 2 8
2700000.000000 3 5
2700000.000000 4 1
2700000.000000 11 1
2700000.000000 514 1
2750000.000000 1 39
2750000.000000 2 9
2750000.000000 3 2
2750000.000000 4 1
2750000.000000 533 1
2800000.000000 1 39
2800000.000000 2 8
2800000.000000 3 1
2800000.000000 4 2
2800000.000000 5 1
2800000.000000 529 1
2850000.000000 1 41
2850000.000000 2 6
2850000.000000 3 2
2850000.000000 4 2
2850000.000000 5 1
2850000.000000 14 1
2850000.000000 514 1
2900000.000000 1 40
2900000.000000 2 12
2900000.000000 4 1
2900000.000000 12 1
2900000.000000 520 1
2950000.000000 1 50
2950000.000000 2 7
2950000.000000 3 1
2950000.000000 4 1
2950000.000000 8 1
2950000.000000 12 1
2950000.000000 509 1
3000000.000000 1 46
3000000.000000 2 8
3000000.000000 3 2
3000000.000000 4 1
3000000.000000 6 1
3000000.000000 522 1
3050000.000000 1 33
3050000.000000 2 8
3050000.000000 3 2
3050000.000000 4 2
3050000.000000 5 2
3050000.000000 12 1
3050000.000000 515 1
3100000.000000 1 37
3100000.000000 2 9
3100000.000000 3 1
3100000.000000 4 1
3100000.000000 5 1
3100000.000000 13 1
3100000.000000 520 1
3150000.000000 1 38
3150000.000000 2 8
3150000.000000 3 2
3150000.000000 4 2
3150000.000000 12 1
3150000.000000 520 1
3200000.000000 1 38
3200000.000000 2 6
3200000.000000 3 1
3200000.000000 5 2
3200000.000000 6 2
3200000.000000 525 1
3250000.000000 1 41
3250000.000000 2 8
3250000.000000 3 1
3250000.000000 4 1
3250000.000000 8 1
3250000.000000 11 1
3250000.000000 517 1
3300000.000000 1 47
3300000.000000 2 11
3300000.000000 3 3
3300000.000000 5 1
3300000.000000 517 1
3350000.000000 1 47
3350000.000000 2 7
3350000.000000 3 1
3350000.000000 4 1
3350000.000000 5 2
3350000.000000 522 1
3400000.000000 1 37
3400000.000000 2 4
3400000.000000 3 5
3400000.000000 4 2
3400000.000000 6 1
3400000.000000 526 1
3450000.000000 1 45
3450000.000000 2 10
3450000.000000 4 1
3450000.000000 6 1
3450000.000000 525 1
3500000.000000 1 46
3500000.000000 2 7
3500000.000000 3 2
3500000.000000 4 2
3500000.000000 526 1
3550000.000000 1 47
3550000.000000 2 8
3550000.000000 3 5
3550000.000000 522 1
3600000.000000 1 44
3600000.000000 2 6
3600000.000000 3 2
3600000.000000 6 1
3600000.000000 532 1
3650000.000000 1 45
3650000.000000 2 8
3650000.000000 3 1
3650000.000000 4 1
3650000.000000 5 1
3650000.000000 527 1
3700000.000000 1 50
3700000.000000 2 7
3700000.000000 3 2
3700000.000000 5 1
3700000.000000 6 1
3700000.000000 519 1
3750000.000000 1 41
3750000.000000 2 8
3750000.000000 3 3
3750000.000000 4 1
3750000.000000 5 1
3750000.000000 525 1
3800000.000000 1 37
3800000.000000 2 10
3800000.000000 4 2
3800000.000000 535 1
3850000.000000 1 46
3850000.000000 2 6
3850000.000000 3 4
3850000.000000 5 1
3850000.000000 525 1
3900000.000000 1 35
3900000.000000 2 7
3900000.000000 3 3
3900000.000000 4 2
3900000.000000 5 2
3900000.000000 524 1
3950000.000000 1 37
3950000.000000 2 8
3950000.000000 3 3
3950000.000000 4 1
3950000.000000 534 1
4000000.000000 1 37
4000000.000000 2 5
4000000.000000 3 1
4000000.000000 4 2
4000000.000000 9 1
4000000.000000 533 1
4050000.000000 1 40
4050000.000000 2 8
4050000.000000 3 1
4050000.000000 4 2
4050000.000000 6 1
4050000.000000 527 1
4100000.000000 1 39
4100000.000000 2 3
4100000.000000 3 3
4100000.000000 4 3
4100000.000000 8 1
4100000.000000 526 1
4150000.000000 1 40
4150000.000000 2 7
4150000.000000 3 3
4150000.000000 4 3
4150000.000000 525 1
4200000.000000 1 45
4200000.000000 2 8
4200000.000000 3 1
4200000.000000 4 1
4200000.000000 5 3
4200000.000000 517 1
4250000.000000 1 43
4250000.000000 2 8
4250000.000000 3 2
4250000.000000 4 2
4250000.000000 5 1
4250000.000000 522 1
4300000.000000 1 44
4300000.000000 2 8
4300000.000000 3 2
4300000.000000 4 1
4300000.000000 5 1
4300000.000000 6 1
4300000.000000 519 1
4350000.000000 1 41
4350000.000000 2 11
4350000.000000 3 2
4350000.000000 4 1
4350000.000000 5 1
4350000.000000 522 1
4400000.000000 1 42
4400000.000000 2 7
4400000.000000 3 3
4400000.000000 4 3
4400000.000000 7 1
4400000.000000 516 1
4450000.000000 1 50
4450000.000000 2 8
4450000.000000 3 2
4450000.000000 7 1
4450000.000000 521 1
4500000.000000 1 46
4500000.000000 2 9
4500000.000000 3 3
4500000.000000 5 1
4500000.000000 522 1
4550000.000000 1 56
4550000.000000 2 11
4550000.000000 3 1
4550000.000000 519 1
4600000.000000 1 38
4600000.000000 2 11
4600000.000000 3 2
4600000.000000 4 1
4600000.000000 5 1
4600000.000000 525 1
4650000.000000 1 42
4650000.000000 2 9
4650000.000000 3 1
4650000.000000 4 2
4650000.000000 7 1
4650000.000000 522 1
4700000.000000 1 41
4700000.000000 2 10
4700000.000000 3 3
4700000.000000 5 1
4700000.000000 525 1
4750000.000000 1 37
4750000.000000 2 10
4750000.000000 3 5
4750000.000000 528 1
4800000.000000 1 43
4800000.000000 2 6
4800000.000000 3 2
4800000.000000 4 1
4800000.000000 5 2
4800000.000000 525 1
4850000.000000 1 38
4850000.000000 2 7
4850000.000000 3 4
4850000.000000 4 2
4850000.000000 5 1
4850000.000000 523 1
4900000.000000 1 38
4900000.000000 2 10
4900000.000000 3 1
4900000.000000 5 1
4900000.000000 7 1
4900000.000000 527 1
4950000.000000 1 40
4950000.000000 2 6
4950000.000000 3 5
4950000.000000 4 1
4950000.000000 6 1
4950000.000000 523 1
5000000.000000 1 38
5000000.000000 2 7
5000000.000000 3 2
5000000.000000 4 2
5000000.000000 6 1
5000000.000000 8 1
5000000.000000 520 1
5050000.000000 1 42
5050000.000000 2 9
5050000.000000 3 2
5050000.000000 4 1
5050000.000000 5 1
5050000.000000 7 1
5050000.000000 518 1
5100000.000000 1 36
5100000.000000 2 7
5100000.000000 3 4
5100000.000000 4 2
5100000.000000 7 1
5100000.000000 523 1
5150000.000000 1 47
5150000.000000 2 4
5150000.000000 3 3
5150000.000000 4 1
5150000.000000 7 1
5150000.000000 525 1
5200000.000000 1 38
5200000.000000 2 8
5200000.000000 3 4
5200000.000000 8 1
5200000.000000 526 1
5250000.000000 1 41
5250000.000000 2 8
5250000.000000 3 4
5250000.000000 4 1
5250000.000000 527 1
5300000.000000 1 36
5300000.000000 2 10
5300000.000000 3 2
5300000.000000 4 1
5300000.000000 6 1
5300000.000000 528 1
5350000.000000 1 48
5350000.000000 2 4
5350000.000000 3 3
5350000.000000 4 2
5350000.000000 5 1
5350000.000000 522 1
5400000.000000 1 44
5400000.000000 2 7
5400000.000000 3 3
5400000.000000 4 1
5400000.000000 5 1
5400000.000000 524 1
5450000.000000 1 49
5450000.000000 2 8
5450000.000000 3 3
5450000.000000 4 1
5450000.000000 522 1
5500000.000000 1 43
5500000.000000 2 10
5500000.000000 3 1
5500000.000000 5 2
5500000.000000 524 1
5550000.000000 1 36
5550000.000000 2 7
5550000.000000 3 7
5550000.000000 5 1
5550000.000000 524 1
5600000.000000 1 46
5600000.000000 2 8
5600000.000000 3 3
5600000.000000 529 1
5650000.000000 1 43
5650000.000000 2 7
5650000.000000 3 4
5650000.000000 5 1
5650000.000000 526 1
5700000.000000 1 48
5700000.000000 2 6
5700000.000000 3 1
5700000.000000 4 1
5700000.000000 533 1
5750000.000000 1 50
5750000.000000 2 8
5750000.000000 3 2
5750000.000000 6 1
5750000.000000 522 1
5800000.000000 1 44
5800000.000000 2 13
5800000.000000 3 1
5800000.000000 527 1
5850000.000000 1 36
5850000.000000 2 7
5850000.000000 3 2
5850000.000000 5 1
5850000.000000 7 1
5850000.000000 532 1
5900000.000000 1 36
5900000.000000 2 9
5900000.000000 3 3
5900000.000000 4 1
5900000.000000 5 1
5900000.000000 528 1
5950000.000000 1 41
5950000.000000 2 12
5950000.000000 3 3
5950000.000000 526 1
6000000.000000 1 44
6000000.000000 2 6
6000000.000000 3 3
6000000.000000 4 2
6000000.000000 527 1
6050000.000000 1 44
6050000.000000 2 5
6050000.000000 3 2
6050000.000000 4 3
6050000.000000 528 1
6100000.000000 1 50
6100000.000000 2 8
6100000.000000 3 4
6100000.000000 522 1
6150000.000000 1 41
6150000.000000 2 6
6150000.000000 3 2
6150000.000000 4 1
6150000.000000 5 1
6150000.000000 532 1
6200000.000000 1 44
6200000.000000 2 12
6200000.000000 3 3
6200000.000000 523 1
6250000.000000 1 41
6250000.000000 2 12
6250000.000000 3 2
6250000.000000 5 1
6250000.000000 524 1
6300000.000000 1 54
6300000.000000 2 9
6300000.000000 3 3
6300000.000000 519 1
6350000.000000 1 45
6350000.000000 2 9
6350000.000000 3 1
6350000.000000 4 1
6350000.000000 530 1
6400000.000000 1 41
6400000.000000 2 9
6400000.000000 3 2
6400000.000000 4 3
6400000.000000 523 1
6450000.000000 1 42
6450000.000000 2 10
6450000.000000 3 1
6450000.000000 4 3
6450000.000000 523 1
6500000.000000 1 46
6500000.000000 2 9
6500000.000000 3 4
6500000.000000 524 1
6550000.000000 1 46
6550000.000000 2 8
6550000.000000 3 3
6550000.000000 529 1
6600000.000000 1 49
6600000.000000 2 8
6600000.000000 3 1
6600000.000000 532 1
6650000.000000 1 46
6650000.000000 2 5
6650000.000000 3 3
6650000.000000 4 1
6650000.000000 531 1
6700000.000000 1 40
6700000.000000 2 11
6700000.000000 5 1
6700000.000000 533 1
6750000.000000 1 45
6750000.000000 2 6
6750000.000000 3 4
6750000.000000 531 1
6800000.000000 1 38
6800000.000000 2 10
6800000.000000 3 1
6800000.000000 4 1
6800000.000000 5 1
6800000.000000 530 1
6850000.000000 1 36
6850000.000000 2 11
6850000.000000 3 1
6850000.000000 4 1
6850000.000000 5 1
6850000.000000 530 1
6900000.000000 1 37
6900000.000000 2 6
6900000.000000 3 7
6900000.000000 4 1
6900000.000000 526 1
6950000.000000 1 40
6950000.000000 2 9
6950000.000000 4 3
6950000.000000 530 1
7000000.000000 1 38
7000000.000000 2 13
7000000.000000 4 1
7000000.000000 532 1
7050000.000000 1 39
7050000.000000 2 8
7050000.000000 3 2
7050000.000000 5 1
7050000.000000 534 1
7100000.000000 1 38
7100000.000000 2 10
7100000.000000 3 2
7100000.000000 5 1
7100000.000000 7 1
7100000.000000 524 1
7150000.000000 1 48
7150000.000000 2 7
7150000.000000 3 1
7150000.000000 4 1
7150000.000000 10 1
7150000.000000 521 1
7200000.000000 1 43
7200000.000000 2 7
7200000.000000 3 1
7200000.000000 5 1
7200000.000000 6 1
7200000.000000 529 1
7250000.000000 1 45
7250000.000000 2 10
7250000.000000 3 2
7250000.000000 6 1
7250000.000000 523 1
7300000.000000 1 41
7300000.000000 2 8
7300000.000000 3 2
7300000.000000 5 1
7300000.000000 8 1
7300000.000000 524 1
7350000.000000 1 40
7350000.000000 2 7
7350000.000000 3 3
7350000.000000 4 2
7350000.000000 7 1
7350000.000000 522 1
7400000.000000 1 45
7400000.000000 2 8
7400000.000000 3 2
7400000.000000 8 1
7400000.000000 525 1
7450000.000000 1 46
7450000.000000 2 8
7450000.000000 3 4
7450000.000000 526 1
7500000.000000 1 47
7500000.000000 2 10
7500000.000000 3 1
7500000.000000 530 1
7550000.000000 1 45
7550000.000000 2 6
7550000.000000 3 2
7550000.000000 4 1
7550000.000000 6 1
7550000.000000 527 1
7600000.000000 1 41
7600000.000000 2 4
7600000.000000 3 5
7600000.000000 4 1
7600000.000000 5 1
7600000.000000 527 1
7650000.000000 1 44
7650000.000000 2 9
7650000.000000 3 1
7650000.000000 4 1
7650000.000000 5 1
7650000.000000 526 1
7700000.000000 1 37
7700000.000000 2 5
7700000.000000 3 8
7700000.000000 529 1
7750000.000000 1 46
7750000.000000 2 8
7750000.000000 3 1
7750000.000000 4 2
7750000.000000 527 1
7800000.000000 1 41
7800000.000000 2 4
7800000.000000 3 4
7800000.000000 4 2
7800000.000000 531 1
7850000.000000 1 39
7850000.000000 2 9
7850000.000000 3 2
7850000.000000 4 2
7850000.000000 529 1
7900000.000000 1 46
7900000.000000 2 5
7900000.000000 3 3
7900000.000000 4 2
7900000.000000 5 1
7900000.000000 522 1
7950000.000000 1 50
7950000.000000 2 6
7950000.000000 3 3
7950000.000000 4 1
7950000.000000 525 1
8000000.000000 1 37
8000000.000000 2 9
8000000.000000 3 7
8000000.000000 4 1
8000000.000000 520 1
8050000.000000 1 48
8050000.000000 2 7
8050000.000000 3 4
8050000.000000 4 1
8050000.000000 522 1
8100000.000000 1 39
8100000.000000 2 12
8100000.000000 3 6
8100000.000000 519 1
8150000.000000 1 53
8150000.000000 2 10
8150000.000000 3 2
8150000.000000 521 1
8200000.000000 1 51
8200000.000000 2 7
8200000.000000 3 3
8200000.000000 526 1
8250000.000000 1 37
8250000.000000 2 12
8250000.000000 3 2
8250000.000000 4 3
8250000.000000 521 1
8300000.000000 1 46
8300000.000000 2 4
8300000.000000 3 3
8300000.000000 4 2
8300000.000000 5 1
8300000.000000 524 1
8350000.000000 1 48
8350000.000000 2 3
8350000.000000 3 2
8350000.000000 5 2
8350000.000000 6 1
8350000.000000 524 1
8400000.000000 1 50
8400000.000000 2 3
8400000.000000 3 3
8400000.000000 4 1
8400000.000000 5 1
8400000.000000 526 1
8450000.000000 1 50
8450000.000000 2 5
8450000.000000 3 1
8450000.000000 4 1
8450000.000000 5 1
8450000.000000 528 1
8500000.000000 1 40
8500000.000000 2 9
8500000.000000 3 2
8500000.000000 4 1
8500000.000000 5 1
8500000.000000 527 1
8550000.000000 1 38
8550000.000000 2 7
8550000.000000 3 4
8550000.000000 7 1
8550000.000000 529 1
8600000.000000 1 43
8600000.000000 2 5
8600000.000000 3 1
8600000.000000 4 1
8600000.000000 8 1
8600000.000000 532 1
8650000.000000 1 33
8650000.000000 2 8
8650000.000000 3 3
8650000.000000 5 1
8650000.000000 7 1
8650000.000000 530 1
8700000.000000 1 42
8700000.000000 2 6
8700000.000000 3 2
8700000.000000 5 1
8700000.000000 6 1
8700000.000000 529 1
8750000.000000 1 44
8750000.000000 2 8
8750000.000000 3 1
8750000.000000 5 1
8750000.000000 7 1
8750000.000000 525 1
8800000.000000 1 46
8800000.000000 2 4
8800000.000000 4 2
8800000.000000 6 1
8800000.000000 532 1
8850000.000000 1 50
8850000.000000 2 7
8850000.000000 3 1
8850000.000000 5 1
8850000.000000 528 1
8900000.000000 1 41
8900000.000000 2 8
8900000.000000 3 2
8900000.000000 4 2
8900000.000000 529 1
8950000.000000 1 45
8950000.000000 2 10
8950000.000000 3 1
8950000.000000 4 1
8950000.000000 528 1
9000000.000000 1 42
9000000.000000 2 10
9000000.000000 3 1
9000000.000000 4 1
9000000.000000 531 1
9050000.000000 1 40
9050000.000000 2 9
9050000.000000 3 2
9050000.000000 4 1
9050000.000000 532 1
9100000.000000 1 43
9100000.000000 2 6
9100000.000000 3 1
9100000.000000 4 3
9100000.000000 530 1
9150000.000000 1 47
9150000.000000 2 9
9150000.000000 3 1
9150000.000000 532 1
9200000.000000 1 50
9200000.000000 2 7
9200000.000000 3 1
9200000.000000 533 1
9250000.000000 1 46
9250000.000000 2 4
9250000.000000 3 2
9250000.000000 4 2
9250000.000000 532 1
9300000.000000 1 48
9300000.000000 2 8
9300000.000000 3 2
9300000.000000 530 1
9350000.000000 1 43
9350000.000000 2 11
9350000.000000 3 2
9350000.000000 529 1
9400000.000000 1 41
9400000.000000 2 8
9400000.000000 3 4
9400000.000000 531 1
9450000.000000 1 38
9450000.000000 2 5
9450000.000000 3 5
9450000.000000 4 1
9450000.000000 533 1
9500000.000000 1 45
9500000.000000 2 7
9500000.000000 3 2
9500000.000000 535 1
9550000.000000 1 42
9550000.000000 2 5
9550000.000000 3 3
9550000.000000 4 1
9550000.000000 535 1
9600000.000000 1 37
9600000.000000 2 7
9600000.000000 3 2
9600000.000000 4 1
9600000.000000 539 1
9650000.000000 1 44
9650000.000000 2 6
9650000.000000 3 3
9650000.000000 535 1
9700000.000000 1 42
9700000.000000 2 7
9700000.000000 3 2
9700000.000000 538 1
9750000.000000 1 44
9750000.000000 2 4
9750000.000000 3 3
9750000.000000 539 1
9800000.000000 1 48
9800000.000000 2 5
9800000.000000 542 1
9850000.000000 1 47
9850000.000000 2 5
9850000.000000 3 1
9850000.000000 540 1
9900000.000000 1 44
9900000.000000 2 6
9900000.000000 3 2
9900000.000000 538 1
9950000.000000 1 35
9950000.000000 2 8
9950000.000000 3 3
9950000.000000 540 1
10000000.000000 1 37
10000000.000000 2 7
10000000.000000 3 3
10000000.000000 4 1
10000000.000000 536 1
10050000.000000 1 45
10050000.000000 2 5
10050000.000000 3 2
10050000.000000 539 1
10100000.000000 1 50
10100000.000000 2 5
10100000.000000 4 1
10100000.000000 536 1
10150000.000000 1 49
10150000.000000 2 6
10150000.000000 3 1
10150000.000000 4 1
10150000.000000 532 1
10200000.000000 1 45
10200000.000000 2 9
10200000.000000 3 1
10200000.000000 534 1
10250000.000000 1 49
10250000.000000 2 8
10250000.000000 535 1
10300000.000000 1 53
10300000.000000 2 3
10300000.000000 4 1
10300000.000000 537 1
10350000.000000 1 41
10350000.000000 2 5
10350000.000000 3 2
10350000.000000 5 1
10350000.000000 538 1
10400000.000000 1 42
10400000.000000 2 6
10400000.000000 3 4
10400000.000000 534 1
10450000.000000 1 45
10450000.000000 2 7
10450000.000000 3 2
10450000.000000 535 1
10500000.000000 1 43
10500000.000000 2 5
10500000.000000 3 4
10500000.000000 535 1
10550000.000000 1 39
10550000.000000 2 9
10550000.000000 3 2
10550000.000000 537 1
10600000.000000 1 46
10600000.000000 2 4
10600000.000000 3 1
10600000.000000 4 1
10600000.000000 539 1
10650000.000000 1 36
10650000.000000 2 6
10650000.000000 3 2
10650000.000000 6 1
10650000.000000 540 1
10700000.000000 1 44
10700000.000000 2 5
10700000.000000 3 2
10700000.000000 4 1
10700000.000000 536 1
10750000.000000 1 34
10750000.000000 2 17
10750000.000000 3 1
10750000.000000 529 1
10800000.000000 1 40
10800000.000000 2 7
10800000.000000 3 2
10800000.000000 6 1
10800000.000000 534 1
10850000.000000 1 42
10850000.000000 2 8
10850000.000000 3 1
10850000.000000 539 1
10900000.000000 1 45
10900000.000000 2 4
10900000.000000 3 3
10900000.000000 7 1
10900000.000000 531 1
10950000.000000 1 38
10950000.000000 2 10
10950000.000000 3 2
10950000.000000 4 1
10950000.000000 532 1
11000000.000000 1 30
11000000.000000 2 10
11000000.000000 3 2
11000000.000000 4 1
11000000.000000 5 1
11000000.000000 535 1
11050000.000000 1 42
11050000.000000 2 6
11050000.000000 3 3
11050000.000000 4 2
11050000.000000 529 1
11100000.000000 1 37
11100000.000000 2 7
11100000.000000 3 4
11100000.000000 4 1
11100000.000000 533 1
11150000.000000 1 43
11150000.000000 2 10
11150000.000000 3 2
11150000.000000 531 1
11200000.000000 1 47
11200000.000000 2 7
11200000.000000 3 1
11200000.000000 4 1
11200000.000000 532 1
11250000.000000 1 47
11250000.000000 2 7
11250000.000000 3 1
11250000.000000 5 1
11250000.000000 531 1
11300000.000000 1 43
11300000.000000 2 5
11300000.000000 3 3
11300000.000000 5 1
11300000.000000 533 1
11350000.000000 1 37
11350000.000000 2 10
11350000.000000 3 2
11350000.000000 6 1
11350000.000000 531 1
11400000.000000 1 38
11400000.000000 2 5
11400000.000000 3 1
11400000.000000 4 3
11400000.000000 7 1
11400000.000000 530 1
11450000.000000 1 41
11450000.000000 2 5
11450000.000000 3 5
11450000.000000 4 1
11450000.000000 5 1
11450000.000000 525 1
11500000.000000 1 54
11500000.000000 2 4
11500000.000000 3 2
11500000.000000 6 1
11500000.000000 526 1
11550000.000000 1 39
11550000.000000 2 9
11550000.000000 3 1
11550000.000000 5 1
11550000.000000 10 1
11550000.000000 525 1
11600000.000000 1 43
11600000.000000 2 5
11600000.000000 3 2
11600000.000000 4 3
11600000.000000 5 1
11600000.000000 7 1
11600000.000000 517 1
11650000.000000 1 37
11650000.000000 2 9
11650000.000000 4 1
11650000.000000 5 1
11650000.000000 536 1
11700000.000000 1 37
11700000.000000 2 6
11700000.000000 3 2
11700000.000000 17 1
11700000.000000 528 1
11750000.000000 1 34
11750000.000000 2 8
11750000.000000 3 2
11750000.000000 10 1
11750000.000000 534 1
11800000.000000 1 36
11800000.000000 2 7
11800000.000000 3 3
11800000.000000 4 1
11800000.000000 10 1
11800000.000000 527 1
11850000.000000 1 34
11850000.000000 2 7
11850000.000000 3 2
11850000.000000 7 1
11850000.000000 8 1
11850000.000000 531 1
11900000.000000 1 42
11900000.000000 2 5
11900000.000000 3 4
11900000.000000 7 1
11900000.000000 529 1
11950000.000000 1 38
11950000.000000 2 7
11950000.000000 3 3
11950000.000000 6 1
11950000.000000 533 1
12000000.000000 1 35
12000000.000000 2 7
12000000.000000 3 1
12000000.000000 4 2
12000000.000000 6 1
12000000.000000 534 1
12050000.000000 1 46
12050000.000000 2 8
12050000.000000 3 3
12050000.000000 529 1
12100000.000000 1 46
12100000.000000 2 3
12100000.000000 3 2
12100000.000000 5 1
12100000.000000 537 1
12150000.000000 1 42
12150000.000000 2 7
12150000.000000 3 2
12150000.000000 4 1
12150000.000000 534 1
12200000.000000 1 40
12200000.000000 2 5
12200000.000000 4 2
12200000.000000 542 1
12250000.000000 1 39
12250000.000000 2 5
12250000.000000 3 3
12250000.000000 4 1
12250000.000000 5 1
12250000.000000 533 1
12300000.000000 1 39
12300000.000000 2 4
12300000.000000 3 3
12300000.000000 4 1
12300000.000000 6 1
12300000.000000 534 1
12350000.000000 1 37
12350000.000000 2 7
12350000.000000 3 2
12350000.000000 6 1
12350000.000000 537 1
12400000.000000 1 38
12400000.000000 2 9
12400000.000000 3 1
12400000.000000 4 2
12400000.000000 533 1
12450000.000000 1 36
12450000.000000 2 10
12450000.000000 3 4
12450000.000000 532 1
12500000.000000 1 32
12500000.000000 2 14
12500000.000000 3 1
12500000.000000 5 1
12500000.000000 532 1
12550000.000000 1 40
12550000.000000 2 10
12550000.000000 3 1
12550000.000000 4 2
12550000.000000 529 1
12600000.000000 1 48
12600000.000000 2 9
12600000.000000 3 2
12600000.000000 4 1
12600000.000000 524 1
12650000.000000 1 44
12650000.000000 2 8
12650000.000000 3 3
12650000.000000 531 1
12700000.000000 1 45
12700000.000000 2 7
12700000.000000 3 5
12700000.000000 526 1
12750000.000000 1 36
12750000.000000 2 6
12750000.000000 3 7
12750000.000000 4 1
12750000.000000 527 1
12800000.000000 1 43
12800000.000000 2 14
12800000.000000 3 2
12800000.000000 6 1
12800000.000000 517 1
12850000.000000 1 42
12850000.000000 2 9
12850000.000000 3 4
12850000.000000 6 1
12850000.000000 522 1
12900000.000000 1 39
12900000.000000 2 8
12900000.000000 3 5
12900000.000000 4 2
12900000.000000 7 1
12900000.000000 515 1
12950000.000000 1 43
12950000.000000 2 11
12950000.000000 3 2
12950000.000000 4 3
12950000.000000 517 1
13000000.000000 1 37
13000000.000000 2 11
13000000.000000 3 3
13000000.000000 4 3
13000000.000000 520 1
13050000.000000 1 47
13050000.000000 2 8
13050000.000000 3 3
13050000.000000 4 1
13050000.000000 524 1
13100000.000000 1 46
13100000.000000 2 9
13100000.000000 3 2
13100000.000000 4 2
13100000.000000 522 1
13150000.000000 1 52
13150000.000000 2 9
13150000.000000 3 3
13150000.000000 521 1
13200000.000000 1 44
13200000.000000 2 10
13200000.000000 3 1
13200000.000000 4 2
13200000.000000 525 1
13250000.000000 1 39
13250000.000000 2 12
13250000.000000 3 2
13250000.000000 4 1
13250000.000000 527 1
13300000.000000 1 43
13300000.000000 2 10
13300000.000000 4 2
13300000.000000 7 1
13300000.000000 522 1
13350000.000000 1 48
13350000.000000 2 4
13350000.000000 3 3
13350000.000000 4 2
13350000.000000 7 1
13350000.000000 520 1
13400000.000000 1 41
13400000.000000 2 6
13400000.000000 3 2
13400000.000000 4 2
13400000.000000 7 1
13400000.000000 526 1
13450000.000000 1 43
13450000.000000 2 7
13450000.000000 3 1
13450000.000000 4 2
13450000.000000 8 1
13450000.000000 524 1
13500000.000000 1 35
13500000.000000 2 6
13500000.000000 3 1
13500000.000000 4 3
13500000.000000 5 1
13500000.000000 6 1
13500000.000000 527 1
13550000.000000 1 34
13550000.000000 2 8
13550000.000000 3 3
13550000.000000 6 1
13550000.000000 535 1
13600000.000000 1 42
13600000.000000 2 5
13600000.000000 3 5
13600000.000000 533 1
13650000.000000 1 47
13650000.000000 2 6
13650000.000000 3 1
13650000.000000 6 1
13650000.000000 532 1
13700000.000000 1 49
13700000.000000 2 6
13700000.000000 4 1
13700000.000000 7 1
13700000.000000 528 1
13750000.000000 1 49
13750000.000000 2 6
13750000.000000 3 1
13750000.000000 4 1
13750000.000000 532 1
13800000.000000 1 49
13800000.000000 2 7
13800000.000000 5 1
13800000.000000 8 1
13800000.000000 524 1
13850000.000000 1 39
13850000.000000 2 8
13850000.000000 3 3
13850000.000000 6 1
13850000.000000 530 1
13900000.000000 1 36
13900000.000000 2 9
13900000.000000 3 3
13900000.000000 537 1
13950000.000000 1 40
13950000.000000 2 10
13950000.000000 3 3
13950000.000000 531 1
14000000.000000 1 42
14000000.000000 2 8
14000000.000000 3 2
14000000.000000 5 1
14000000.000000 531 1
14050000.000000 1 33
14050000.000000 2 11
14050000.000000 3 1
14050000.000000 4 1
14050000.000000 6 1
14050000.000000 532 1
14100000.000000 1 41
14100000.000000 2 7
14100000.000000 3 3
14100000.000000 536 1
14150000.000000 1 38
14150000.000000 2 10
14150000.000000 3 1
14150000.000000 4 1
14150000.000000 535 1
14200000.000000 1 50
14200000.000000 2 8
14200000.000000 3 1
14200000.000000 531 1
14250000.000000 1 48
14250000.000000 2 6
14250000.000000 3 2
14250000.000000 534 1
14300000.000000 1 50
14300000.000000 2 7
14300000.000000 5 1
14300000.000000 531 1
14350000.000000 1 44
14350000.000000 2 6
14350000.000000 3 3
14350000.000000 5 1
14350000.000000 530 1
14400000.000000 1 44
14400000.000000 2 2
14400000.000000 3 7
14400000.000000 531 1
14450000.000000 1 45
14450000.000000 2 5
14450000.000000 3 5
14450000.000000 530 1
14500000.000000 1 53
14500000.000000 2 4
14500000.000000 3 1
14500000.000000 5 1
14500000.000000 531 1
14550000.000000 1 41
14550000.000000 2 9
14550000.000000 3 2
14550000.000000 4 2
14550000.000000 527 1
14600000.000000 1 47
14600000.000000 2 7
14600000.000000 3 3
14600000.000000 530 1
14650000.000000 1 54
14650000.000000 2 8
14650000.000000 3 1
14650000.000000 527 1
14700000.000000 1 51
14700000.000000 2 8
14700000.000000 4 1
14700000.000000 529 1
14750000.000000 1 35
14750000.000000 2 9
14750000.000000 3 1
14750000.000000 4 1
14750000.000000 5 1
14750000.000000 535 1
14800000.000000 1 47
14800000.000000 2 3
14800000.000000 3 2
14800000.000000 5 1
14800000.000000 7 1
14800000.000000 529 1
14850000.000000 1 43
14850000.000000 2 7
14850000.000000 5 1
14850000.000000 538 1
14900000.000000 1 47
14900000.000000 2 3
14900000.000000 3 2
14900000.000000 5 1
14900000.000000 536 1
14950000.000000 1 37
14950000.000000 2 7
14950000.000000 3 2
14950000.000000 4 2
14950000.000000 535 1
15000000.000000 1 46
15000000.000000 2 5
15000000.000000 3 1
15000000.000000 5 1
15000000.000000 536 1
15050000.000000 1 39
15050000.000000 2 6
15050000.000000 4 1
15050000.000000 6 1
15050000.000000 539 1
15100000.000000 1 45
15100000.000000 2 4
15100000.000000 7 1
15100000.000000 540 1
15150000.000000 1 41
15150000.000000 2 5
15150000.000000 3 1
15150000.000000 5 1
15150000.000000 541 1
15200000.000000 1 34
15200000.000000 2 4
15200000.000000 3 2
15200000.000000 4 1
15200000.000000 6 1
15200000.000000 542 1
15250000.000000 1 45
15250000.000000 3 2
15250000.000000 4 1
15250000.000000 545 1
15300000.000000 1 45
15300000.000000 2 4
15300000.000000 3 1
15300000.000000 4 1
15300000.000000 540 1
15350000.000000 1 33
15350000.000000 2 9
15350000.000000 4 1
15350000.000000 5 1
15350000.000000 540 1
15400000.000000 1 37
15400000.000000 2 8
15400000.000000 3 1
15400000.000000 544 1
15450000.000000 1 36
15450000.000000 2 2
15450000.000000 3 4
15450000.000000 548 1
15500000.000000 1 34
15500000.000000 2 10
15500000.000000 3 1
15500000.000000 4 1
15500000.000000 539 1
15550000.000000 1 38
15550000.000000 2 5
15550000.000000 3 1
15550000.000000 5 1
15550000.000000 544 1
15600000.000000 1 37
15600000.000000 2 10
15600000.000000 543 1
15650000.000000 1 39
15650000.000000 2 6
15650000.000000 3 4
15650000.000000 537 1
15700000.000000 1 41
15700000.000000 2 7
15700000.000000 3 2
15700000.000000 4 1
15700000.000000 535 1
15750000.000000 1 47
15750000.000000 2 3
15750000.000000 3 3
15750000.000000 538 1
15800000.000000 1 50
15800000.000000 2 6
15800000.000000 538 1
15850000.000000 1 41
15850000.000000 2 7
15850000.000000 3 2
15850000.000000 539 1
15900000.000000 1 42
15900000.000000 2 5
15900000.000000 4 2
15900000.000000 540 1
15950000.000000 1 31
15950000.000000 2 6
15950000.000000 3 2
15950000.000000 4 1
15950000.000000 547 1
16000000.000000 1 37
16000000.000000 2 5
16000000.000000 3 2
16000000.000000 547 1
16050000.000000 1 36
16050000.000000 2 4
16050000.000000 3 3
16050000.000000 547 1
16100000.000000 1 31
16100000.000000 2 3
16100000.000000 3 1
16100000.000000 4 1
16100000.000000 7 1
16100000.000000 549 1
16150000.000000 1 36
16150000.000000 2 1
16150000.000000 4 1
16150000.000000 5 2
16150000.000000 548 1
16200000.000000 1 39
16200000.000000 2 3
16200000.000000 3 3
16200000.000000 546 1
16250000.000000 1 36
16250000.000000 2 8
16250000.000000 3 2
16250000.000000 4 1
16250000.000000 538 1
16300000.000000 1 38
16300000.000000 2 5
16300000.000000 3 1
16300000.000000 4 1
16300000.000000 5 1
16300000.000000 540 1
16350000.000000 1 35
16350000.000000 2 7
16350000.000000 3 2
16350000.000000 4 1
16350000.000000 541 1
16400000.000000 1 37
16400000.000000 2 4
16400000.000000 3 2
16400000.000000 6 1
16400000.000000 543 1
16450000.000000 1 33
16450000.000000 2 1
16450000.000000 3 2
16450000.000000 4 2
16450000.000000 551 1
16500000.000000 1 36
16500000.000000 2 7
16500000.000000 3 2
16500000.000000 4 1
16500000.000000 540 1
16550000.000000 1 32
16550000.000000 2 7
16550000.000000 3 3
16550000.000000 545 1
16600000.000000 1 35
16600000.000000 2 6
16600000.000000 3 4
16600000.000000 541 1
16650000.000000 1 37
16650000.000000 2 8
16650000.000000 3 1
16650000.000000 544 1
16700000.000000 1 39
16700000.000000 2 6
16700000.000000 3 2
16700000.000000 543 1
16750000.000000 1 37
16750000.000000 2 8
16750000.000000 3 2
16750000.000000 541 1
16800000.000000 1 36
16800000.000000 2 6
16800000.000000 3 3
16800000.000000 543 1
16850000.000000 1 42
16850000.000000 2 4
16850000.000000 3 3
16850000.000000 541 1
16900000.000000 1 39
16900000.000000 2 6
16900000.000000 3 3
16900000.000000 540 1
16950000.000000 1 44
16950000.000000 2 8
16950000.000000 3 2
16950000.000000 534 1
17000000.000000 1 44
17000000.000000 2 7
17000000.000000 3 1
17000000.000000 7 1
17000000.000000 532 1
17050000.000000 1 40
17050000.000000 2 7
17050000.000000 3 1
17050000.000000 4 1
17050000.000000 5 1
17050000.000000 534 1
17100000.000000 1 37
17100000.000000 2 7
17100000.000000 7 1
17100000.000000 542 1
17150000.000000 1 34
17150000.000000 2 4
17150000.000000 3 2
17150000.000000 4 2
17150000.000000 544 1
17200000.000000 1 39
17200000.000000 2 3
17200000.000000 3 2
17200000.000000 5 1
17200000.000000 544 1
17250000.000000 1 39
17250000.000000 2 4
17250000.000000 3 3
17250000.000000 544 1
17300000.000000 1 42
17300000.000000 2 6
17300000.000000 3 1
17300000.000000 4 1
17300000.000000 5 1
17300000.000000 534 1
17350000.000000 1 44
17350000.000000 2 2
17350000.000000 3 1
17350000.000000 4 1
17350000.000000 545 1
17400000.000000 1 49
17400000.000000 2 5
17400000.000000 4 1
17400000.000000 537 1
17450000.000000 1 44
17450000.000000 2 6
17450000.000000 3 2
17450000.000000 538 1
17500000.000000 1 48
17500000.000000 2 4
17500000.000000 544 1
17550000.000000 1 38
17550000.000000 2 7
17550000.000000 3 2
17550000.000000 542 1
17600000.000000 1 32
17600000.000000 2 9
17600000.000000 3 2
17600000.000000 544 1
17650000.000000 1 37
17650000.000000 2 7
17650000.000000 3 2
17650000.000000 543 1
17700000.000000 1 41
17700000.000000 2 2
17700000.000000 3 2
17700000.000000 4 2
17700000.000000 541 1
17750000.000000 1 36
17750000.000000 2 8
17750000.000000 4 2
17750000.000000 540 1
17800000.000000 1 40
17800000.000000 2 4
17800000.000000 3 3
17800000.000000 543 1
17850000.000000 1 34
17850000.000000 2 5
17850000.000000 3 2
17850000.000000 7 1
17850000.000000 543 1
17900000.000000 1 36
17900000.000000 2 6
17900000.000000 3 2
17900000.000000 4 2
17900000.000000 538 1
17950000.000000 1 43
17950000.000000 2 5
17950000.000000 3 1
17950000.000000 4 2
17950000.000000 536 1
18000000.000000 1 44
18000000.000000 2 2
18000000.000000 3 2
18000000.000000 5 1
18000000.000000 541 1
18050000.000000 1 36
18050000.000000 2 7
18050000.000000 3 2
18050000.000000 6 1
18050000.000000 538 1
18100000.000000 1 36
18100000.000000 2 5
18100000.000000 3 1
18100000.000000 4 2
18100000.000000 6 1
18100000.000000 537 1
18150000.000000 1 38
18150000.000000 2 7
18150000.000000 4 1
18150000.000000 6 1
18150000.000000 538 1
18200000.000000 1 27
18200000.000000 2 5
18200000.000000 3 2
18200000.000000 4 3
18200000.000000 545 1
18250000.000000 1 40
18250000.000000 2 3
18250000.000000 3 2
18250000.000000 5 1
18250000.000000 543 1
18300000.000000 1 36
18300000.000000 2 7
18300000.000000 3 1
18300000.000000 4 1
18300000.000000 5 1
18300000.000000 538 1
18350000.000000 1 42
18350000.000000 2 6
18350000.000000 3 2
18350000.000000 540 1
18400000.000000 1 47
18400000.000000 2 4
18400000.000000 3 1
18400000.000000 542 1
18450000.000000 1 41
18450000.000000 2 7
18450000.000000 3 1
18450000.000000 542 1
18500000.000000 1 37
18500000.000000 2 8
18500000.000000 3 1
18500000.000000 544 1
18550000.000000 1 32
18550000.000000 2 8
18550000.000000 3 1
18550000.000000 549 1
18600000.000000 1 39
18600000.000000 2 7
18600000.000000 4 1
18600000.000000 543 1
18650000.000000 1 41
18650000.000000 2 4
18650000.000000 3 1
18650000.000000 548 1
18700000.000000 1 35
18700000.000000 2 8
18700000.000000 3 1
18700000.000000 546 1
18750000.000000 1 43
18750000.000000 2 5
18750000.000000 3 1
18750000.000000 544 1
18800000.000000 1 39
18800000.000000 2 4
18800000.000000 553 1
18850000.000000 1 42
18850000.000000 2 4
18850000.000000 3 1
18850000.000000 547 1
18900000.000000 1 40
18900000.000000 2 1
18900000.000000 3 1
18900000.000000 4 1
18900000.000000 5 1
18900000.000000 546 1
18950000.000000 1 34
18950000.000000 2 3
18950000.000000 3 2
18950000.000000 4 2
18950000.000000 546 1
19000000.000000 1 33
19000000.000000 2 7
19000000.000000 4 1
19000000.000000 549 1
19050000.000000 1 41
19050000.000000 2 7
19050000.000000 545 1
19100000.000000 1 34
19100000.000000 2 7
19100000.000000 3 1
19100000.000000 549 1
19150000.000000 1 33
19150000.000000 2 4
19150000.000000 3 1
19150000.000000 4 2
19150000.000000 548 1
19200000.000000 1 44
19200000.000000 2 2
19200000.000000 3 1
19200000.000000 549 1
19250000.000000 1 40
19250000.000000 2 2
19250000.000000 3 2
19250000.000000 5 1
19250000.000000 545 1
19300000.000000 1 37
19300000.000000 2 4
19300000.000000 4 1
19300000.000000 6 1
19300000.000000 545 1
19350000.000000 1 37
19350000.000000 2 2
19350000.000000 3 1
19350000.000000 4 1
19350000.000000 552 1
19400000.000000 1 34
19400000.000000 2 4
19400000.000000 5 1
19400000.000000 6 1
19400000.000000 547 1
19450000.000000 1 32
19450000.000000 2 4
19450000.000000 3 2
19450000.000000 554 1
19500000.000000 1 34
19500000.000000 2 6
19500000.000000 3 1
19500000.000000 7 1
19500000.000000 544 1
19550000.000000 1 31
19550000.000000 2 8
19550000.000000 4 1
19550000.000000 6 1
19550000.000000 543 1
19600000.000000 1 38
19600000.000000 2 5
19600000.000000 552 1
19650000.000000 1 35
19650000.000000 2 5
19650000.000000 3 1
19650000.000000 4 1
19650000.000000 6 1
19650000.000000 542 1
19700000.000000 1 34
19700000.000000 2 4
19700000.000000 3 2
19700000.000000 4 1
19700000.000000 7 1
19700000.000000 541 1
19750000.000000 1 31
19750000.000000 2 5
19750000.000000 3 3
19750000.000000 6 1
19750000.000000 544 1
19800000.000000 1 26
19800000.000000 2 9
19800000.000000 3 2
19800000.000000 4 1
19800000.000000 5 1
19800000.000000 541 1
19850000.000000 1 29
19850000.000000 2 7
19850000.000000 3 2
19850000.000000 4 1
19850000.000000 547 1
19900000.000000 1 34
19900000.000000 2 7
19900000.000000 3 1
19900000.000000 549 1
19950000.000000 1 34
19950000.000000 2 6
19950000.000000 3 1
19950000.000000 4 1
19950000.000000 547 1
20000000.000000 1 34
20000000.000000 2 7
20000000.000000 552 1
