# time cluster_size count
50000.000000 1 1
50000.000000 599 1
100000.000000 1 6
100000.000000 2 2
100000.000000 590 1
150000.000000 1 12
150000.000000 4 1
150000.000000 584 1
200000.000000 1 12
200000.000000 2 1
200000.000000 10 1
200000.000000 576 1
250000.000000 1 12
250000.000000 2 2
250000.000000 3 1
250000.000000 5 1
250000.000000 576 1
300000.000000 1 18
300000.000000 3 3
300000.000000 4 1
300000.000000 569 1
350000.000000 1 24
350000.000000 2 3
350000.000000 3 2
350000.000000 4 1
350000.000000 560 1
400000.000000 1 27
400000.000000 2 2
400000.000000 3 1
400000.000000 566 1
450000.000000 1 24
450000.000000 2 1
450000.000000 574 1
500000.000000 1 19
500000.000000 2 4
500000.000000 3 2
500000.000000 567 1
550000.000000 1 29
550000.000000 2 6
550000.000000 3 1
550000.000000 556 1
600000.000000 1 31
600000.000000 2 5
600000.000000 3 1
600000.000000 556 1
650000.000000 1 27
650000.000000 2 5
650000.000000 3 2
650000.000000 4 1
650000.000000 6 1
650000.000000 547 1
700000.000000 1 29
700000.000000 2 4
700000.000000 3 2
700000.000000 7 1
700000.000000 550 1
750000.000000 1 36
750000.000000 2 3
750000.000000 3 1
750000.000000 6 1
750000.000000 549 1
800000.000000 1 35
800000.000000 2 5
800000.000000 3 1
800000.000000 7 1
800000.000000 545 1
850000.000000 1 31
850000.000000 2 3
850000.000000 3 2
850000.000000 4 1
850000.000000 553 1
900000.000000 1 40
900000.000000 2 5
900000.000000 3 1
900000.000000 7 1
900000.000000 540 1
950000.000000 1 34
950000.000000 2 3
950000.000000 3 2
950000.000000 4 1
950000.000000 550 1
1000000.000000 1 34
1000000.000000 2 4
1000000.000000 3 1
1000000.000000 4 1
1000000.000000 551 1
1050000.000000 1 39
1050000.000000 2 1
1050000.000000 5 1
1050000.000000 6 1
1050000.000000 548 1
1100000.000000 1 34
1100000.000000 2 8
1100000.000000 4 1
1100000.000000 6 1
1100000.000000 540 1
1150000.000000 1 29
1150000.000000 2 6
1150000.000000 3 3
1150000.000000 550 1
1200000.000000 1 33
1200000.000000 2 6
1200000.000000 3 1
1200000.000000 552 1
1250000.000000 1 24
1250000.000000 2 6
1250000.000000 4 1
1250000.000000 9 1
1250000.000000 551 1
1300000.000000 1 17
1300000.000000 2 6
1300000.000000 3 1
1300000.000000 5 2
1300000.000000 165 1
1300000.000000 393 1
1350000.000000 1 26
1350000.000000 2 5
1350000.000000 5 1
1350000.000000 7 1
1350000.000000 169 1
1350000.000000 383 1
1400000.000000 1 32
1400000.000000 2 3
1400000.000000 3 1
1400000.000000 5 2
1400000.000000 169 1
1400000.000000 380 1
1450000.000000 1 30
1450000.000000 2 6
1450000.000000 3 2
1450000.000000 168 1
1450000.000000 384 1
1500000.000000 1 33
1500000.000000 2 8
1500000.000000 170 1
1500000.000000 381 1
1550000.000000 1 35
1550000.000000 2 10
1550000.000000 3 3
1550000.000000 160 1
1550000.000000 376 1
1600000.000000 1 37
1600000.000000 2 3
1600000.000000 3 1
1600000.000000 4 1
1600000.000000 550 1
1650000.000000 1 35
1650000.000000 2 7
1650000.000000 3 1
1650000.000000 4 1
1650000.000000 544 1
1700000.000000 1 39
1700000.000000 2 5
1700000.000000 3 1
1700000.000000 5 1
1700000.000000 168 1
1700000.000000 375 1
1750000.000000 1 28
1750000.000000 2 4
1750000.000000 3 1
1750000.000000 4 1
1750000.000000 5 1
1750000.000000 7 1
1750000.000000 162 1
1750000.000000 383 1
1800000.000000 1 32
1800000.000000 2 7
1800000.000000 3 1
1800000.000000 4 2
1800000.000000 543 1
1850000.000000 1 36
1850000.000000 2 6
1850000.000000 3 2
1850000.000000 4 1
1850000.000000 166 1
1850000.000000 376 1
1900000.000000 1 35
1900000.000000 2 7
1900000.000000 3 1
1900000.000000 4 3
1900000.000000 5 1
1900000.000000 160 1
1900000.000000 371 1
1950000.000000 1 42
1950000.000000 2 7
1950000.000000 3 3
1950000.000000 4 1
1950000.000000 5 1
1950000.000000 159 1
1950000.000000 367 1
2000000.000000 1 40
2000000.000000 2 3
2000000.000000 3 3
2000000.000000 4 3
2000000.000000 533 1
2050000.000000 1 43
2050000.000000 2 9
2050000.000000 3 2
2050000.000000 4 1
2050000.000000 8 1
2050000.000000 152 1
2050000.000000 369 1
2100000.000000 1 43
2100000.000000 2 7
2100000.000000 3 2
2100000.000000 163 1
2100000.000000 374 1
2150000.000000 1 45
2150000.000000 2 13
2150000.000000 3 1
2150000.000000 157 1
2150000.000000 369 1
2200000.000000 1 46
2200000.000000 2 7
2200000.000000 3 1
2200000.000000 7 1
2200000.000000 161 1
2200000.000000 369 1
2250000.000000 1 49
2250000.000000 2 7
2250000.000000 3 3
2250000.000000 4 1
2250000.000000 150 1
2250000.000000 374 1
2300000.000000 1 44
2300000.000000 2 9
2300000.000000 3 1
2300000.000000 4 1
2300000.000000 160 1
2300000.000000 371 1
2350000.000000 1 45
2350000.000000 2 8
2350000.000000 3 2
2350000.000000 158 1
2350000.000000 375 1
2400000.000000 1 43
2400000.000000 2 8
2400000.000000 3 1
2400000.000000 157 1
2400000.000000 381 1
2450000.000000 1 35
2450000.000000 2 8
2450000.000000 4 1
2450000.000000 158 1
2450000.000000 387 1
2500000.000000 1 28
2500000.000000 2 8
2500000.000000 3 1
2500000.000000 4 2
2500000.000000 163 1
2500000.000000 382 1
2550000.000000 1 38
2550000.000000 2 5
2550000.000000 3 5
2550000.000000 162 1
2550000.000000 375 1
2600000.000000 1 34
2600000.000000 2 8
2600000.000000 3 3
2600000.000000 4 1
2600000.000000 537 1
2650000.000000 1 32
2650000.000000 2 7
2650000.000000 3 4
2650000.000000 4 1
2650000.000000 166 1
2650000.000000 372 1
2700000.000000 1 32
2700000.000000 2 6
2700000.000000 3 2
2700000.000000 165 1
2700000.000000 385 1
2750000.000000 1 39
2750000.000000 2 3
2750000.000000 3 2
2750000.000000 549 1
2800000.000000 1 35
2800000.000000 2 6
2800000.000000 3 1
2800000.000000 4 1
2800000.000000 163 1
2800000.000000 383 1
2850000.000000 1 42
2850000.000000 2 5
2850000.000000 3 2
2850000.000000 5 1
2850000.000000 161 1
2850000.000000 376 1
2900000.000000 1 40
2900000.000000 2 5
2900000.000000 3 1
2900000.000000 163 1
2900000.000000 384 1
2950000.000000 1 30
2950000.000000 2 5
2950000.000000 3 3
2950000.000000 4 2
2950000.000000 162 1
2950000.000000 381 1
3000000.000000 1 37
3000000.000000 2 7
3000000.000000 3 2
3000000.000000 4 1
3000000.000000 160 1
3000000.000000 379 1
3050000.000000 1 36
3050000.000000 2 7
3050000.000000 3 2
3050000.000000 544 1
3100000.000000 1 42
3100000.000000 2 3
3100000.000000 3 1
3100000.000000 160 1
3100000.000000 389 1
3150000.000000 1 32
3150000.000000 2 4
3150000.000000 3 1
3150000.000000 557 1
3200000.000000 1 38
3200000.000000 2 2
3200000.000000 4 1
3200000.000000 5 1
3200000.000000 161 1
3200000.000000 388 1
3250000.000000 1 34
3250000.000000 2 5
3250000.000000 3 2
3250000.000000 161 1
3250000.000000 389 1
3300000.000000 1 41
3300000.000000 2 4
3300000.000000 164 1
3300000.000000 387 1
3350000.000000 1 31
3350000.000000 2 6
3350000.000000 3 2
3350000.000000 160 1
3350000.000000 391 1
3400000.000000 1 32
3400000.000000 2 6
3400000.000000 164 1
3400000.000000 392 1
3450000.000000 1 30
3450000.000000 2 5
3450000.000000 6 1
3450000.000000 162 1
3450000.000000 392 1
3500000.000000 1 31
3500000.000000 2 7
3500000.000000 5 1
3500000.000000 162 1
3500000.000000 388 1
3550000.000000 1 29
3550000.000000 2 7
3550000.000000 3 1
3550000.000000 4 1
3550000.000000 159 1
3550000.000000 391 1
3600000.000000 1 34
3600000.000000 2 5
3600000.000000 3 1
3600000.000000 156 1
3600000.000000 397 1
3650000.000000 1 40
3650000.000000 2 3
3650000.000000 3 1
3650000.000000 157 1
3650000.000000 394 1
3700000.000000 1 36
3700000.000000 2 5
3700000.000000 3 1
3700000.000000 157 1
3700000.000000 394 1
3750000.000000 1 35
3750000.000000 2 8
3750000.000000 153 1
3750000.000000 396 1
3800000.000000 1 38
3800000.000000 2 5
3800000.000000 155 1
3800000.000000 397 1
3850000.000000 1 36
3850000.000000 2 3
3850000.000000 157 1
3850000.000000 401 1
3900000.000000 1 34
3900000.000000 2 6
3900000.000000 3 1
3900000.000000 156 1
3900000.000000 395 1
3950000.000000 1 38
3950000.000000 2 4
3950000.000000 3 1
3950000.000000 158 1
3950000.000000 393 1
4000000.000000 1 31
4000000.000000 2 6
4000000.000000 3 2
4000000.000000 155 1
4000000.000000 396 1
4050000.000000 1 26
4050000.000000 2 4
4050000.000000 3 2
4050000.000000 4 1
4050000.000000 5 1
4050000.000000 154 1
4050000.000000 397 1
4100000.000000 1 29
4100000.000000 2 5
4100000.000000 3 3
4100000.000000 5 1
4100000.000000 150 1
4100000.000000 397 1
4150000.000000 1 32
4150000.000000 2 2
4150000.000000 3 1
4150000.000000 5 2
4150000.000000 6 1
4150000.000000 150 1
4150000.000000 395 1
4200000.000000 1 41
4200000.000000 2 5
4200000.000000 3 1
4200000.000000 4 1
4200000.000000 5 1
4200000.000000 148 1
4200000.000000 389 1
4250000.000000 1 37
4250000.000000 2 8
4250000.000000 4 1
4250000.000000 155 1
4250000.000000 388 1
4300000.000000 1 24
4300000.000000 2 12
4300000.000000 3 1
4300000.000000 4 1
4300000.000000 6 1
4300000.000000 153 1
4300000.000000 386 1
4350000.000000 1 34
4350000.000000 2 6
4350000.000000 3 1
4350000.000000 4 2
4350000.000000 8 1
4350000.000000 148 1
4350000.000000 387 1
4400000.000000 1 28
4400000.000000 2 8
4400000.000000 3 4
4400000.000000 151 1
4400000.000000 393 1
4450000.000000 1 39
4450000.000000 2 6
4450000.000000 3 1
4450000.000000 150 1
4450000.000000 396 1
4500000.000000 1 30
4500000.000000 2 4
4500000.000000 3 2
4500000.000000 4 2
4500000.000000 153 1
4500000.000000 395 1
4550000.000000 1 41
4550000.000000 2 6
4550000.000000 3 1
4550000.000000 152 1
4550000.000000 392 1
4600000.000000 1 43
4600000.000000 2 10
4600000.000000 152 1
4600000.000000 385 1
4650000.000000 1 49
4650000.000000 2 5
4650000.000000 3 1
4650000.000000 4 1
4650000.000000 150 1
4650000.000000 384 1
4700000.000000 1 34
4700000.000000 2 10
4700000.000000 3 2
4700000.000000 4 1
4700000.000000 149 1
4700000.000000 387 1
4750000.000000 1 38
4750000.000000 2 7
4750000.000000 3 2
4750000.000000 4 1
4750000.000000 149 1
4750000.000000 389 1
4800000.000000 1 42
4800000.000000 2 10
4800000.000000 3 2
4800000.000000 4 1
4800000.000000 143 1
4800000.000000 385 1
4850000.000000 1 40
4850000.000000 2 6
4850000.000000 3 3
4850000.000000 4 1
4850000.000000 7 1
4850000.000000 142 1
4850000.000000 386 1
4900000.000000 1 36
4900000.000000 2 8
4900000.000000 3 2
4900000.000000 4 1
4900000.000000 6 1
4900000.000000 7 1
4900000.000000 142 1
4900000.000000 383 1
4950000.000000 1 34
4950000.000000 2 7
4950000.000000 3 2
4950000.000000 4 1
4950000.000000 7 1
4950000.000000 143 1
4950000.000000 392 1
5000000.000000 1 39
5000000.000000 2 5
5000000.000000 3 2
5000000.000000 4 1
5000000.000000 137 1
5000000.000000 404 1
5050000.000000 1 35
5050000.000000 2 8
5050000.000000 3 1
5050000.000000 4 1
5050000.000000 143 1
5050000.000000 399 1
5100000.000000 1 42
5100000.000000 2 5
5100000.000000 3 1
5100000.000000 4 1
5100000.000000 151 1
5100000.000000 390 1
5150000.000000 1 39
5150000.000000 2 6
5150000.000000 3 2
5150000.000000 4 1
5150000.000000 9 1
5150000.000000 144 1
5150000.000000 386 1
5200000.000000 1 41
5200000.000000 2 5
5200000.000000 3 1
5200000.000000 4 1
5200000.000000 151 1
5200000.000000 391 1
5250000.000000 1 37
5250000.000000 2 3
5250000.000000 3 4
5250000.000000 7 1
5250000.000000 149 1
5250000.000000 389 1
5300000.000000 1 26
5300000.000000 2 6
5300000.000000 3 3
5300000.000000 4 1
5300000.000000 5 2
5300000.000000 150 1
5300000.000000 389 1
5350000.000000 1 30
5350000.000000 2 5
5350000.000000 3 4
5350000.000000 4 3
5350000.000000 146 1
5350000.000000 390 1
5400000.000000 1 38
5400000.000000 2 5
5400000.000000 3 4
5400000.000000 5 1
5400000.000000 140 1
5400000.000000 395 1
5450000.000000 1 39
5450000.000000 2 9
5450000.000000 3 3
5450000.000000 140 1
5450000.000000 394 1
5500000.000000 1 42
5500000.000000 2 7
5500000.000000 3 1
5500000.000000 5 3
5500000.000000 142 1
5500000.000000 384 1
5550000.000000 1 34
5550000.000000 2 11
5550000.000000 3 1
5550000.000000 5 2
5550000.000000 6 1
5550000.000000 141 1
5550000.000000 384 1
5600000.000000 1 36
5600000.000000 2 11
5600000.000000 3 2
5600000.000000 5 1
5600000.000000 142 1
5600000.000000 389 1
5650000.000000 1 47
5650000.000000 2 6
5650000.000000 3 1
5650000.000000 143 1
5650000.000000 395 1
5700000.000000 1 38
5700000.000000 2 6
5700000.000000 3 1
5700000.000000 4 1
5700000.000000 8 1
5700000.000000 144 1
5700000.000000 391 1
5750000.000000 1 37
5750000.000000 2 5
5750000.000000 3 1
5750000.000000 4 1
5750000.000000 5 2
5750000.000000 7 1
5750000.000000 142 1
5750000.000000 387 1
5800000.000000 1 37
5800000.000000 2 13
5800000.000000 3 1
5800000.000000 4 1
5800000.000000 5 1
5800000.000000 7 1
5800000.000000 145 1
5800000.000000 373 1
5850000.000000 1 38
5850000.000000 2 9
5850000.000000 3 2
5850000.000000 4 1
5850000.000000 6 2
5850000.000000 7 1
5850000.000000 143 1
5850000.000000 372 1
5900000.000000 1 46
5900000.000000 2 8
5900000.000000 3 4
5900000.000000 4 2
5900000.000000 5 2
5900000.000000 143 1
5900000.000000 365 1
5950000.000000 1 46
5950000.000000 2 13
5950000.000000 3 3
5950000.000000 4 1
5950000.000000 148 1
5950000.000000 367 1
6000000.000000 1 44
6000000.000000 2 9
6000000.000000 3 4
6000000.000000 4 1
6000000.000000 149 1
6000000.000000 373 1
6050000.000000 1 45
6050000.000000 2 3
6050000.000000 3 4
6050000.000000 4 1
6050000.000000 5 1
6050000.000000 151 1
6050000.000000 377 1
6100000.000000 1 35
6100000.000000 2 8
6100000.000000 3 2
6100000.000000 152 1
6100000.000000 391 1
6150000.000000 1 40
6150000.000000 2 5
6150000.000000 3 3
6150000.000000 4 1
6150000.000000 153 1
6150000.000000 384 1
6200000.000000 1 25
6200000.000000 2 10
6200000.000000 3 1
6200000.000000 4 1
6200000.000000 156 1
6200000.000000 392 1
6250000.000000 1 40
6250000.000000 2 3
6250000.000000 3 1
6250000.000000 4 2
6250000.000000 154 1
6250000.000000 389 1
6300000.000000 1 41
6300000.000000 2 5
6300000.000000 3 2
6300000.000000 155 1
6300000.000000 388 1
6350000.000000 1 46
6350000.000000 2 4
6350000.000000 3 2
6350000.000000 152 1
6350000.000000 388 1
6400000.000000 1 47
6400000.000000 2 3
6400000.000000 4 1
6400000.000000 156 1
6400000.000000 387 1
6450000.000000 1 49
6450000.000000 2 5
6450000.000000 3 1
6450000.000000 155 1
6450000.000000 383 1
6500000.000000 1 45
6500000.000000 2 7
6500000.000000 3 1
6500000.000000 157 1
6500000.000000 381 1
6550000.000000 1 34
6550000.000000 2 8
6550000.000000 3 1
6550000.000000 160 1
6550000.000000 387 1
6600000.000000 1 41
6600000.000000 2 2
6600000.000000 4 1
6600000.000000 6 1
6600000.000000 156 1
6600000.000000 389 1
6650000.000000 1 47
6650000.000000 2 2
6650000.000000 4 1
6650000.000000 163 1
6650000.000000 382 1
6700000.000000 1 42
6700000.000000 2 3
6700000.000000 3 2
6700000.000000 4 1
6700000.000000 158 1
6700000.000000 384 1
6750000.000000 1 34
6750000.000000 2 9
6750000.000000 3 4
6750000.000000 157 1
6750000.000000 379 1
6800000.000000 1 41
6800000.000000 2 6
6800000.000000 3 3
6800000.000000 4 1
6800000.000000 5 1
6800000.000000 148 1
6800000.000000 381 1
6850000.000000 1 43
6850000.000000 2 6
6850000.000000 3 2
6850000.000000 6 1
6850000.000000 150 1
6850000.000000 383 1
6900000.000000 1 38
6900000.000000 2 8
6900000.000000 3 2
6900000.000000 7 1
6900000.000000 153 1
6900000.000000 380 1
6950000.000000 1 40
6950000.000000 2 8
6950000.000000 4 2
6950000.000000 156 1
6950000.000000 380 1
7000000.000000 1 40
7000000.000000 2 10
7000000.000000 3 1
7000000.000000 4 1
7000000.000000 5 1
7000000.000000 152 1
7000000.000000 376 1
7050000.000000 1 46
7050000.000000 2 6
7050000.000000 3 1
7050000.000000 6 1
7050000.000000 152 1
7050000.000000 381 1
7100000.000000 1 42
7100000.000000 2 5
7100000.000000 3 1
7100000.000000 4 1
7100000.000000 8 1
7100000.000000 149 1
7100000.000000 384 1
7150000.000000 1 34
7150000.000000 2 4
7150000.000000 3 1
7150000.000000 4 2
7150000.000000 5 1
7150000.000000 9 1
7150000.000000 150 1
7150000.000000 383 1
7200000.000000 1 33
7200000.000000 2 4
7200000.000000 3 2
7200000.000000 4 2
7200000.000000 5 2
7200000.000000 146 1
7200000.000000 389 1
7250000.000000 1 43
7250000.000000 2 5
7250000.000000 3 5
7250000.000000 4 2
7250000.000000 7 1
7250000.000000 141 1
7250000.000000 376 1
7300000.000000 1 34
7300000.000000 2 13
7300000.000000 3 3
7300000.000000 4 1
7300000.000000 146 1
7300000.000000 381 1
7350000.000000 1 44
7350000.000000 2 11
7350000.000000 3 4
7350000.000000 144 1
7350000.000000 378 1
7400000.000000 1 58
7400000.000000 2 7
7400000.000000 3 2
7400000.000000 143 1
7400000.000000 379 1
7450000.000000 1 43
7450000.000000 2 7
7450000.000000 3 3
7450000.000000 4 2
7450000.000000 5 1
7450000.000000 144 1
7450000.000000 377 1
7500000.000000 1 50
7500000.000000 2 4
7500000.000000 3 3
7500000.000000 4 1
7500000.000000 146 1
7500000.000000 383 1
7550000.000000 1 48
7550000.000000 2 6
7550000.000000 4 1
7550000.000000 6 1
7550000.000000 148 1
7550000.000000 382 1
7600000.000000 1 45
7600000.000000 2 9
7600000.000000 3 4
7600000.000000 5 1
7600000.000000 141 1
7600000.000000 379 1
7650000.000000 1 46
7650000.000000 2 9
7650000.000000 3 2
7650000.000000 4 1
7650000.000000 5 1
7650000.000000 142 1
7650000.000000 379 1
7700000.000000 1 45
7700000.000000 2 9
7700000.000000 3 4
7700000.000000 5 1
7700000.000000 138 1
7700000.000000 382 1
7750000.000000 1 47
7750000.000000 2 9
7750000.000000 3 4
7750000.000000 6 1
7750000.000000 139 1
7750000.000000 378 1
7800000.000000 1 45
7800000.000000 2 10
7800000.000000 3 4
7800000.000000 4 1
7800000.000000 137 1
7800000.000000 382 1
7850000.000000 1 41
7850000.000000 2 15
7850000.000000 3 2
7850000.000000 4 1
7850000.000000 138 1
7850000.000000 381 1
7900000.000000 1 46
7900000.000000 2 12
7900000.000000 3 2
7900000.000000 144 1
7900000.000000 380 1
7950000.000000 1 51
7950000.000000 2 10
7950000.000000 3 1
7950000.000000 4 1
7950000.000000 5 1
7950000.000000 140 1
7950000.000000 377 1
8000000.000000 1 53
8000000.000000 2 9
8000000.000000 3 3
8000000.000000 7 1
8000000.000000 139 1
8000000.000000 374 1
8050000.000000 1 39
8050000.000000 2 13
8050000.000000 3 1
8050000.000000 4 1
8050000.000000 6 1
8050000.000000 142 1
8050000.000000 380 1
8100000.000000 1 36
8100000.000000 2 9
8100000.000000 3 2
8100000.000000 6 1
8100000.000000 146 1
8100000.000000 388 1
8150000.000000 1 39
8150000.000000 2 5
8150000.000000 3 2
8150000.000000 4 1
8150000.000000 7 1
8150000.000000 147 1
8150000.000000 387 1
8200000.000000 1 39
8200000.000000 2 12
8200000.000000 3 1
8200000.000000 4 1
8200000.000000 145 1
8200000.000000 385 1
8250000.000000 1 39
8250000.000000 2 9
8250000.000000 3 2
8250000.000000 4 1
8250000.000000 11 1
8250000.000000 142 1
8250000.000000 380 1
8300000.000000 1 42
8300000.000000 2 12
8300000.000000 3 2
8300000.000000 149 1
8300000.000000 379 1
8350000.000000 1 39
8350000.000000 2 10
8350000.000000 3 4
8350000.000000 5 1
8350000.000000 8 1
8350000.000000 140 1
8350000.000000 376 1
8400000.000000 1 40
8400000.000000 2 12
8400000.000000 3 3
8400000.000000 4 1
8400000.000000 8 1
8400000.000000 141 1
8400000.000000 374 1
8450000.000000 1 37
8450000.000000 2 7
8450000.000000 3 3
8450000.000000 4 1
8450000.000000 5 2
8450000.000000 11 1
8450000.000000 139 1
8450000.000000 376 1
8500000.000000 1 41
8500000.000000 2 13
8500000.000000 3 1
8500000.000000 5 1
8500000.000000 6 1
8500000.000000 7 1
8500000.000000 136 1
8500000.000000 376 1
8550000.000000 1 43
8550000.000000 2 8
8550000.000000 3 5
8550000.000000 4 1
8550000.000000 5 2
8550000.000000 137 1
8550000.000000 375 1
8600000.000000 1 52
8600000.000000 2 11
8600000.000000 3 2
8600000.000000 6 1
8600000.000000 136 1
8600000.000000 378 1
8650000.000000 1 49
8650000.000000 2 11
8650000.000000 3 3
8650000.000000 4 1
8650000.000000 135 1
8650000.000000 381 1
8700000.000000 1 47
8700000.000000 2 14
8700000.000000 3 3
8700000.000000 134 1
8700000.000000 382 1
8750000.000000 1 46
8750000.000000 2 8
8750000.000000 3 3
8750000.000000 4 1
8750000.000000 5 1
8750000.000000 520 1
8800000.000000 1 37
8800000.000000 2 9
8800000.000000 3 3
8800000.000000 4 2
8800000.000000 9 1
8800000.000000 10 1
8800000.000000 141 1
8800000.000000 368 1
8850000.000000 1 49
8850000.000000 2 3
8850000.000000 4 5
8850000.000000 5 1
8850000.000000 520 1
8900000.000000 1 44
8900000.000000 2 6
8900000.000000 4 3
8900000.000000 5 2
8900000.000000 141 1
8900000.000000 381 1
8950000.000000 1 41
8950000.000000 2 12
8950000.000000 3 2
8950000.000000 4 1
8950000.000000 7 1
8950000.000000 137 1
8950000.000000 381 1
9000000.000000 1 43
9000000.000000 2 10
9000000.000000 3 1
9000000.000000 4 2
9000000.000000 135 1
9000000.000000 391 1
9050000.000000 1 41
9050000.000000 2 12
9050000.000000 3 1
9050000.000000 7 1
9050000.000000 141 1
9050000.000000 384 1
9100000.000000 1 45
9100000.000000 2 10
9100000.000000 3 3
9100000.000000 5 1
9100000.000000 6 1
9100000.000000 137 1
9100000.000000 378 1
9150000.000000 1 38
9150000.000000 2 10
9150000.000000 3 3
9150000.000000 6 1
9150000.000000 138 1
9150000.000000 389 1
9200000.000000 1 48
9200000.000000 2 7
9200000.000000 3 2
9200000.000000 4 2
9200000.000000 524 1
9250000.000000 1 41
9250000.000000 2 10
9250000.000000 3 1
9250000.000000 4 2
9250000.000000 6 1
9250000.000000 141 1
9250000.000000 381 1
9300000.000000 1 43
9300000.000000 2 8
9300000.000000 3 3
9300000.000000 4 1
9300000.000000 142 1
9300000.000000 386 1
9350000.000000 1 44
9350000.000000 2 9
9350000.000000 3 4
9350000.000000 8 1
9350000.000000 135 1
9350000.000000 383 1
9400000.000000 1 32
9400000.000000 2 5
9400000.000000 3 3
9400000.000000 4 3
9400000.000000 5 1
9400000.000000 9 1
9400000.000000 139 1
9400000.000000 384 1
9450000.000000 1 41
9450000.000000 2 8
9450000.000000 3 1
9450000.000000 4 1
9450000.000000 5 1
9450000.000000 8 1
9450000.000000 136 1
9450000.000000 387 1
9500000.000000 1 44
9500000.000000 2 6
9500000.000000 3 1
9500000.000000 4 1
9500000.000000 5 1
9500000.000000 8 1
9500000.000000 137 1
9500000.000000 387 1
9550000.000000 1 44
9550000.000000 2 8
9550000.000000 3 2
9550000.000000 6 1
9550000.000000 140 1
9550000.000000 388 1
9600000.000000 1 48
9600000.000000 2 6
9600000.000000 3 5
9600000.000000 4 1
9600000.000000 136 1
9600000.000000 385 1
9650000.000000 1 42
9650000.000000 2 8
9650000.000000 3 4
9650000.000000 4 2
9650000.000000 142 1
9650000.000000 380 1
9700000.000000 1 45
9700000.000000 2 5
9700000.000000 3 1
9700000.000000 5 2
9700000.000000 6 2
9700000.000000 136 1
9700000.000000 384 1
9750000.000000 1 49
9750000.000000 2 4
9750000.000000 3 1
9750000.000000 4 1
9750000.000000 7 1
9750000.000000 9 1
9750000.000000 132 1
9750000.000000 388 1
9800000.000000 1 42
9800000.000000 2 6
9800000.000000 3 2
9800000.000000 7 1
9800000.000000 8 1
9800000.000000 11 1
9800000.000000 133 1
9800000.000000 381 1
9850000.000000 1 39
9850000.000000 2 7
9850000.000000 3 2
9850000.000000 4 3
9850000.000000 5 1
9850000.000000 9 1
9850000.000000 133 1
9850000.000000 382 1
9900000.000000 1 48
9900000.000000 2 7
9900000.000000 3 2
9900000.000000 4 1
9900000.000000 9 1
9900000.000000 138 1
9900000.000000 381 1
9950000.000000 1 41
9950000.000000 2 13
9950000.000000 3 2
9950000.000000 4 2
9950000.000000 134 1
9950000.000000 385 1
10000000.000000 1 42
10000000.000000 2 11
10000000.000000 3 4
10000000.000000 8 1
10000000.000000 130 1
10000000.000000 386 1
10050000.000000 1 40
10050000.000000 2 12
10050000.000000 3 4
10050000.000000 9 1
10050000.000000 129 1
10050000.000000 386 1
10100000.000000 1 43
10100000.000000 2 8
10100000.000000 3 4
10100000.000000 5 1
10100000.000000 8 1
10100000.000000 136 1
10100000.000000 380 1
10150000.000000 1 53
10150000.000000 2 7
10150000.000000 3 2
10150000.000000 4 3
10150000.000000 7 1
10150000.000000 129 1
10150000.000000 379 1
10200000.000000 1 44
10200000.000000 2 6
10200000.000000 3 3
10200000.000000 4 2
10200000.000000 5 1
10200000.000000 11 1
10200000.000000 128 1
10200000.000000 383 1
10250000.000000 1 41
10250000.000000 2 11
10250000.000000 3 3
10250000.000000 4 1
10250000.000000 6 1
10250000.000000 518 1
10300000.000000 1 41
10300000.000000 2 4
10300000.000000 3 4
10300000.000000 4 1
10300000.000000 5 1
10300000.000000 7 1
10300000.000000 133 1
10300000.000000 390 1
10350000.000000 1 41
10350000.000000 2 11
10350000.000000 3 3
10350000.000000 4 3
10350000.000000 8 1
10350000.000000 134 1
10350000.000000 374 1
10400000.000000 1 34
10400000.000000 2 13
10400000.000000 3 4
10400000.000000 10 1
10400000.000000 135 1
10400000.000000 383 1
10450000.000000 1 43
10450000.000000 2 13
10450000.000000 3 1
10450000.000000 4 2
10450000.000000 6 1
10450000.000000 136 1
10450000.000000 378 1
10500000.000000 1 43
10500000.000000 2 9
10500000.000000 3 2
10500000.000000 5 2
10500000.000000 7 1
10500000.000000 137 1
10500000.000000 379 1
10550000.000000 1 34
10550000.000000 2 17
10550000.000000 3 2
10550000.000000 4 1
10550000.000000 5 1
10550000.000000 7 1
10550000.000000 131 1
10550000.000000 379 1
10600000.000000 1 37
10600000.000000 2 5
10600000.000000 3 5
10600000.000000 4 2
10600000.000000 5 2
10600000.000000 134 1
10600000.000000 386 1
10650000.000000 1 43
10650000.000000 2 3
10650000.000000 3 7
10650000.000000 4 2
10650000.000000 5 1
10650000.000000 135 1
10650000.000000 382 1
10700000.000000 1 35
10700000.000000 2 9
10700000.000000 3 1
10700000.000000 4 4
10700000.000000 5 2
10700000.000000 136 1
10700000.000000 382 1
10750000.000000 1 30
10750000.000000 2 4
10750000.000000 3 4
10750000.000000 4 1
10750000.000000 5 1
10750000.000000 6 1
10750000.000000 7 1
10750000.000000 140 1
10750000.000000 388 1
10800000.000000 1 34
10800000.000000 2 8
10800000.000000 3 2
10800000.000000 4 1
10800000.000000 5 1
10800000.000000 8 1
10800000.000000 9 1
10800000.000000 136 1
10800000.000000 382 1
10850000.000000 1 28
10850000.000000 2 8
10850000.000000 3 5
10850000.000000 4 3
10850000.000000 5 1
10850000.000000 9 1
10850000.000000 129 1
10850000.000000 386 1
10900000.000000 1 37
10900000.000000 2 9
10900000.000000 3 4
10900000.000000 5 1
10900000.000000 133 1
10900000.000000 395 1
10950000.000000 1 40
10950000.000000 2 6
10950000.000000 3 2
10950000.000000 4 1
10950000.000000 9 1
10950000.000000 137 1
10950000.000000 392 1
11000000.000000 1 37
11000000.000000 2 7
11000000.000000 3 2
11000000.000000 4 2
11000000.000000 9 1
11000000.000000 135 1
11000000.000000 391 1
11050000.000000 1 39
11050000.000000 2 7
11050000.000000 3 2
11050000.000000 7 1
11050000.000000 9 1
11050000.000000 135 1
11050000.000000 390 1
11100000.000000 1 41
11100000.000000 2 4
11100000.000000 3 3
11100000.000000 4 1
11100000.000000 6 1
11100000.000000 7 1
11100000.000000 137 1
11100000.000000 388 1
11150000.000000 1 35
11150000.000000 2 13
11150000.000000 3 2
11150000.000000 7 2
11150000.000000 132 1
11150000.000000 387 1
11200000.000000 1 36
11200000.000000 2 8
11200000.000000 3 2
11200000.000000 4 1
11200000.000000 5 1
11200000.000000 6 1
11200000.000000 7 1
11200000.000000 135 1
11200000.000000 385 1
11250000.000000 1 44
11250000.000000 2 6
11250000.000000 3 2
11250000.000000 4 2
11250000.000000 5 1
11250000.000000 7 1
11250000.000000 136 1
11250000.000000 382 1
11300000.000000 1 48
11300000.000000 2 8
11300000.000000 3 1
11300000.000000 4 1
11300000.000000 5 1
11300000.000000 8 1
11300000.000000 135 1
11300000.000000 381 1
11350000.000000 1 38
11350000.000000 2 11
11350000.000000 3 1
11350000.000000 4 1
11350000.000000 5 2
11350000.000000 9 1
11350000.000000 134 1
11350000.000000 380 1
11400000.000000 1 44
11400000.000000 2 8
11400000.000000 3 5
11400000.000000 4 1
11400000.000000 9 1
11400000.000000 136 1
11400000.000000 376 1
11450000.000000 1 45
11450000.000000 2 9
11450000.000000 3 4
11450000.000000 5 1
11450000.000000 8 1
11450000.000000 135 1
11450000.000000 377 1
11500000.000000 1 37
11500000.000000 2 6
11500000.000000 3 5
11500000.000000 4 2
11500000.000000 5 1
11500000.000000 9 1
11500000.000000 137 1
11500000.000000 377 1
11550000.000000 1 52
11550000.000000 2 11
11550000.000000 3 1
11550000.000000 4 1
11550000.000000 136 1
11550000.000000 383 1
11600000.000000 1 43
11600000.000000 2 8
11600000.000000 3 3
11600000.000000 4 3
11600000.000000 5 1
11600000.000000 139 1
11600000.000000 376 1
11650000.000000 1 44
11650000.000000 2 10
11650000.000000 3 5
11650000.000000 5 1
11650000.000000 141 1
11650000.000000 375 1
11700000.000000 1 47
11700000.000000 2 4
11700000.000000 3 4
11700000.000000 4 3
11700000.000000 142 1
11700000.000000 379 1
11750000.000000 1 48
11750000.000000 2 7
11750000.000000 3 1
11750000.000000 5 1
11750000.000000 6 2
11750000.000000 142 1
11750000.000000 376 1
11800000.000000 1 47
11800000.000000 2 11
11800000.000000 3 1
11800000.000000 4 1
11800000.000000 5 1
11800000.000000 141 1
11800000.000000 378 1
11850000.000000 1 51
11850000.000000 2 6
11850000.000000 3 3
11850000.000000 4 2
11850000.000000 5 1
11850000.000000 137 1
11850000.000000 378 1
11900000.000000 1 57
11900000.000000 2 5
11900000.000000 6 1
11900000.000000 141 1
11900000.000000 386 1
11950000.000000 1 47
11950000.000000 2 4
11950000.000000 3 2
11950000.000000 4 2
11950000.000000 5 2
11950000.000000 135 1
11950000.000000 386 1
12000000.000000 1 45
12000000.000000 2 8
12000000.000000 3 5
12000000.000000 137 1
12000000.000000 387 1
12050000.000000 1 38
12050000.000000 2 9
12050000.000000 3 2
12050000.000000 4 2
12050000.000000 5 1
12050000.000000 136 1
12050000.000000 389 1
12100000.000000 1 40
12100000.000000 2 12
12100000.000000 3 2
12100000.000000 5 1
12100000.000000 139 1
12100000.000000 386 1
12150000.000000 1 46
12150000.000000 2 7
12150000.000000 3 3
12150000.000000 4 1
12150000.000000 6 2
12150000.000000 138 1
12150000.000000 377 1
12200000.000000 1 57
12200000.000000 2 6
12200000.000000 3 5
12200000.000000 4 1
12200000.000000 139 1
12200000.000000 373 1
12250000.000000 1 54
12250000.000000 2 6
12250000.000000 3 4
12250000.000000 4 2
12250000.000000 138 1
12250000.000000 376 1
12300000.000000 1 43
12300000.000000 2 11
12300000.000000 4 1
12300000.000000 5 1
12300000.000000 138 1
12300000.000000 388 1
12350000.000000 1 45
12350000.000000 2 7
12350000.000000 3 4
12350000.000000 4 2
12350000.000000 5 2
12350000.000000 134 1
12350000.000000 377 1
12400000.000000 1 43
12400000.000000 2 5
12400000.000000 3 1
12400000.000000 4 4
12400000.000000 144 1
12400000.000000 384 1
12450000.000000 1 37
12450000.000000 2 10
12450000.000000 3 3
12450000.000000 4 4
12450000.000000 5 1
12450000.000000 135 1
12450000.000000 378 1
12500000.000000 1 37
12500000.000000 2 10
12500000.000000 3 4
12500000.000000 4 2
12500000.000000 5 2
12500000.000000 140 1
12500000.000000 373 1
12550000.000000 1 38
12550000.000000 2 11
12550000.000000 3 7
12550000.000000 4 2
12550000.000000 141 1
12550000.000000 370 1
12600000.000000 1 41
12600000.000000 2 10
12600000.000000 3 5
12600000.000000 4 2
12600000.000000 139 1
12600000.000000 377 1
12650000.000000 1 46
12650000.000000 2 10
12650000.000000 3 4
12650000.000000 4 1
12650000.000000 140 1
12650000.000000 378 1
12700000.000000 1 53
12700000.000000 2 10
12700000.000000 3 3
12700000.000000 5 1
12700000.000000 6 1
12700000.000000 137 1
12700000.000000 370 1
12750000.000000 1 43
12750000.000000 2 9
12750000.000000 3 6
12750000.000000 4 1
12750000.000000 5 1
12750000.000000 142 1
12750000.000000 370 1
12800000.000000 1 46
12800000.000000 2 10
12800000.000000 3 6
12800000.000000 5 1
12800000.000000 9 1
12800000.000000 128 1
12800000.000000 374 1
12850000.000000 1 42
12850000.000000 2 9
12850000.000000 3 6
12850000.000000 5 1
12850000.000000 145 1
12850000.000000 372 1
12900000.000000 1 45
12900000.000000 2 9
12900000.000000 3 4
12900000.000000 4 4
12900000.000000 133 1
12900000.000000 376 1
12950000.000000 1 44
12950000.000000 2 11
12950000.000000 3 6
12950000.000000 143 1
12950000.000000 373 1
13000000.000000 1 55
13000000.000000 2 9
13000000.000000 3 1
13000000.000000 4 1
13000000.000000 146 1
13000000.000000 374 1
13050000.000000 1 57
13050000.000000 2 11
13050000.000000 3 1
13050000.000000 4 1
13050000.000000 144 1
13050000.000000 370 1
13100000.000000 1 54
13100000.000000 2 15
13100000.000000 3 1
13100000.000000 4 1
13100000.000000 142 1
13100000.000000 367 1
13150000.000000 1 57
13150000.000000 2 9
13150000.000000 3 6
13150000.000000 142 1
13150000.000000 365 1
13200000.000000 1 45
13200000.000000 2 10
13200000.000000 3 4
13200000.000000 4 2
13200000.000000 5 1
13200000.000000 144 1
13200000.000000 366 1
13250000.000000 1 46
13250000.000000 2 12
13250000.000000 3 2
13250000.000000 4 3
13250000.000000 5 1
13250000.000000 141 1
13250000.000000 366 1
13300000.000000 1 52
13300000.000000 2 13
13300000.000000 3 1
13300000.000000 5 1
13300000.000000 145 1
13300000.000000 369 1
13350000.000000 1 43
13350000.000000 2 8
13350000.000000 3 4
13350000.000000 4 3
13350000.000000 5 1
13350000.000000 144 1
13350000.000000 368 1
13400000.000000 1 33
13400000.000000 2 8
13400000.000000 3 7
13400000.000000 4 2
13400000.000000 150 1
13400000.000000 372 1
13450000.000000 1 39
13450000.000000 2 10
13450000.000000 3 4
13450000.000000 4 1
13450000.000000 147 1
13450000.000000 378 1
13500000.000000 1 45
13500000.000000 2 9
13500000.000000 3 2
13500000.000000 5 1
13500000.000000 7 1
13500000.000000 146 1
13500000.000000 373 1
13550000.000000 1 45
13550000.000000 2 5
13550000.000000 3 4
13550000.000000 4 2
13550000.000000 5 1
13550000.000000 148 1
13550000.000000 372 1
13600000.000000 1 44
13600000.000000 2 7
13600000.000000 3 5
13600000.000000 4 1
13600000.000000 6 1
13600000.000000 145 1
13600000.000000 372 1
13650000.000000 1 39
13650000.000000 2 9
13650000.000000 3 3
13650000.000000 4 1
13650000.000000 5 1
13650000.000000 148 1
13650000.000000 377 1
13700000.000000 1 38
13700000.000000 2 10
13700000.000000 3 2
13700000.000000 5 2
13700000.000000 147 1
13700000.000000 379 1
13750000.000000 1 48
13750000.000000 2 4
13750000.000000 3 3
13750000.000000 4 2
13750000.000000 5 1
13750000.000000 7 1
13750000.000000 150 1
13750000.000000 365 1
13800000.000000 1 51
13800000.000000 2 5
13800000.000000 3 2
13800000.000000 4 1
13800000.000000 5 1
13800000.000000 6 1
13800000.000000 150 1
13800000.000000 368 1
13850000.000000 1 44
13850000.000000 2 5
13850000.000000 3 1
13850000.000000 5 1
13850000.000000 6 1
13850000.000000 153 1
13850000.000000 379 1
13900000.000000 1 45
13900000.000000 2 6
13900000.000000 4 1
13900000.000000 6 1
13900000.000000 9 1
13900000.000000 153 1
13900000.000000 371 1
13950000.000000 1 50
13950000.000000 2 6
13950000.000000 4 1
13950000.000000 5 2
13950000.000000 9 1
13950000.000000 151 1
13950000.000000 364 1
14000000.000000 1 42
14000000.000000 2 7
14000000.000000 3 3
14000000.000000 5 2
14000000.000000 150 1
14000000.000000 375 1
14050000.000000 1 49
14050000.000000 2 8
14050000.000000 3 2
14050000.000000 4 1
14050000.000000 5 1
14050000.000000 154 1
14050000.000000 366 1
14100000.000000 1 49
14100000.000000 2 5
14100000.000000 3 4
14100000.000000 153 1
14100000.000000 376 1
14150000.000000 1 49
14150000.000000 2 5
14150000.000000 3 4
14150000.000000 4 1
14150000.000000 153 1
14150000.000000 372 1
14200000.000000 1 49
14200000.000000 2 11
14200000.000000 3 1
14200000.000000 4 1
14200000.000000 153 1
14200000.000000 369 1
14250000.000000 1 42
14250000.000000 2 6
14250000.000000 3 2
14250000.000000 4 1
14250000.000000 5 1
14250000.000000 161 1
14250000.000000 370 1
14300000.000000 1 48
14300000.000000 2 8
14300000.000000 3 3
14300000.000000 4 1
14300000.000000 149 1
14300000.000000 374 1
14350000.000000 1 45
14350000.000000 2 5
14350000.000000 3 1
14350000.000000 4 2
14350000.000000 153 1
14350000.000000 381 1
14400000.000000 1 46
14400000.000000 2 7
14400000.000000 3 2
14400000.000000 6 1
14400000.000000 152 1
14400000.000000 376 1
14450000.000000 1 46
14450000.000000 2 8
14450000.000000 3 2
14450000.000000 5 1
14450000.000000 6 1
14450000.000000 147 1
14450000.000000 374 1
14500000.000000 1 47
14500000.000000 2 5
14500000.000000 3 2
14500000.000000 4 1
14500000.000000 5 1
14500000.000000 6 1
14500000.000000 145 1
14500000.000000 377 1
14550000.000000 1 42
14550000.000000 2 9
14550000.000000 3 2
14550000.000000 4 2
14550000.000000 5 1
14550000.000000 147 1
14550000.000000 374 1
14600000.000000 1 34
14600000.000000 2 9
14600000.000000 3 3
14600000.000000 4 2
14600000.000000 5 1
14600000.000000 6 1
14600000.000000 144 1
14600000.000000 376 1
14650000.000000 1 44
14650000.000000 2 12
14650000.000000 3 3
14650000.000000 5 1
14650000.000000 518 1
14700000.000000 1 37
14700000.000000 2 13
14700000.000000 3 5
14700000.000000 144 1
14700000.000000 378 1
14750000.000000 1 50
14750000.000000 2 12
14750000.000000 3 4
14750000.000000 145 1
14750000.000000 369 1
14800000.000000 1 49
14800000.000000 2 8
14800000.000000 3 3
14800000.000000 4 1
14800000.000000 5 1
14800000.000000 143 1
14800000.000000 374 1
14850000.000000 1 39
14850000.000000 2 7
14850000.000000 3 1
14850000.000000 4 2
14850000.000000 5 1
14850000.000000 6 1
14850000.000000 148 1
14850000.000000 377 1
14900000.000000 1 45
14900000.000000 2 6
14900000.000000 3 3
14900000.000000 4 1
14900000.000000 5 1
14900000.000000 149 1
14900000.000000 376 1
14950000.000000 1 43
14950000.000000 2 11
14950000.000000 3 2
14950000.000000 6 1
14950000.000000 148 1
14950000.000000 375 1
15000000.000000 1 48
15000000.000000 2 7
15000000.000000 3 1
15000000.000000 152 1
15000000.000000 383 1
15050000.000000 1 46
15050000.000000 2 6
15050000.000000 3 1
15050000.000000 4 1
15050000.000000 151 1
15050000.000000 384 1
15100000.000000 1 43
15100000.000000 2 11
15100000.000000 3 1
15100000.000000 151 1
15100000.000000 381 1
15150000.000000 1 45
15150000.000000 2 8
15150000.000000 3 4
15150000.000000 146 1
15150000.000000 381 1
15200000.000000 1 47
15200000.000000 2 9
15200000.000000 3 4
15200000.000000 144 1
15200000.000000 379 1
15250000.000000 1 52
15250000.000000 2 8
15250000.000000 3 2
15250000.000000 148 1
15250000.000000 378 1
15300000.000000 1 43
15300000.000000 2 10
15300000.000000 4 2
15300000.000000 148 1
15300000.000000 381 1
15350000.000000 1 54
15350000.000000 2 6
15350000.000000 3 1
15350000.000000 4 1
15350000.000000 146 1
15350000.000000 381 1
15400000.000000 1 46
15400000.000000 2 8
15400000.000000 3 1
15400000.000000 5 1
15400000.000000 6 1
15400000.000000 147 1
15400000.000000 377 1
15450000.000000 1 43
15450000.000000 2 5
15450000.000000 3 3
15450000.000000 6 2
15450000.000000 148 1
15450000.000000 378 1
15500000.000000 1 43
15500000.000000 2 9
15500000.000000 3 4
15500000.000000 5 1
15500000.000000 145 1
15500000.000000 377 1
15550000.000000 1 38
15550000.000000 2 11
15550000.000000 3 2
15550000.000000 4 2
15550000.000000 144 1
15550000.000000 382 1
15600000.000000 1 42
15600000.000000 2 11
15600000.000000 3 1
15600000.000000 4 1
15600000.000000 5 2
15600000.000000 139 1
15600000.000000 380 1
15650000.000000 1 34
15650000.000000 2 12
15650000.000000 3 5
15650000.000000 4 1
15650000.000000 5 1
15650000.000000 139 1
15650000.000000 379 1
15700000.000000 1 31
15700000.000000 2 10
15700000.000000 3 5
15700000.000000 4 1
15700000.000000 5 1
15700000.000000 6 1
15700000.000000 138 1
15700000.000000 381 1
15750000.000000 1 38
15750000.000000 2 9
15750000.000000 3 4
15750000.000000 4 1
15750000.000000 5 1
15750000.000000 6 2
15750000.000000 135 1
15750000.000000 376 1
15800000.000000 1 35
15800000.000000 2 9
15800000.000000 3 4
15800000.000000 4 1
15800000.000000 5 1
15800000.000000 6 1
15800000.000000 141 1
15800000.000000 379 1
15850000.000000 1 38
15850000.000000 2 9
15850000.000000 3 3
15850000.000000 4 1
15850000.000000 5 1
15850000.000000 6 1
15850000.000000 141 1
15850000.000000 379 1
15900000.000000 1 42
15900000.000000 2 8
15900000.000000 3 4
15900000.000000 4 1
15900000.000000 6 1
15900000.000000 140 1
15900000.000000 380 1
15950000.000000 1 40
15950000.000000 2 9
15950000.000000 3 1
15950000.000000 4 3
15950000.000000 5 1
15950000.000000 143 1
15950000.000000 379 1
16000000.000000 1 41
16000000.000000 2 9
16000000.000000 3 3
16000000.000000 4 1
16000000.000000 5 1
16000000.000000 139 1
16000000.000000 384 1
16050000.000000 1 39
16050000.000000 2 5
16050000.000000 3 3
16050000.000000 4 1
16050000.000000 7 1
16050000.000000 145 1
16050000.000000 386 1
16100000.000000 1 43
16100000.000000 2 8
16100000.000000 3 2
16100000.000000 4 2
16100000.000000 141 1
16100000.000000 386 1
16150000.000000 1 39
16150000.000000 2 7
16150000.000000 3 2
16150000.000000 4 1
16150000.000000 5 2
16150000.000000 142 1
16150000.000000 385 1
16200000.000000 1 44
16200000.000000 2 10
16200000.000000 3 3
16200000.000000 4 2
16200000.000000 138 1
16200000.000000 381 1
16250000.000000 1 41
16250000.000000 2 5
16250000.000000 3 7
16250000.000000 4 3
16250000.000000 138 1
16250000.000000 378 1
16300000.000000 1 37
16300000.000000 2 9
16300000.000000 3 3
16300000.000000 4 2
16300000.000000 6 1
16300000.000000 138 1
16300000.000000 384 1
16350000.000000 1 45
16350000.000000 2 3
16350000.000000 3 3
16350000.000000 4 2
16350000.000000 5 2
16350000.000000 140 1
16350000.000000 382 1
16400000.000000 1 52
16400000.000000 2 5
16400000.000000 3 4
16400000.000000 4 1
16400000.000000 138 1
16400000.000000 384 1
16450000.000000 1 48
16450000.000000 2 6
16450000.000000 3 2
16450000.000000 4 1
16450000.000000 5 1
16450000.000000 144 1
16450000.000000 381 1
16500000.000000 1 35
16500000.000000 2 7
16500000.000000 3 3
16500000.000000 4 1
16500000.000000 6 1
16500000.000000 149 1
16500000.000000 383 1
16550000.000000 1 39
16550000.000000 2 6
16550000.000000 3 2
16550000.000000 4 2
16550000.000000 5 1
16550000.000000 145 1
16550000.000000 385 1
16600000.000000 1 40
16600000.000000 2 8
16600000.000000 4 1
16600000.000000 5 1
16600000.000000 146 1
16600000.000000 389 1
16650000.000000 1 40
16650000.000000 2 11
16650000.000000 3 3
16650000.000000 143 1
16650000.000000 386 1
16700000.000000 1 46
16700000.000000 2 8
16700000.000000 3 1
16700000.000000 4 1
16700000.000000 145 1
16700000.000000 386 1
16750000.000000 1 50
16750000.000000 2 8
16750000.000000 3 3
16750000.000000 142 1
16750000.000000 383 1
16800000.000000 1 49
16800000.000000 2 4
16800000.000000 3 4
16800000.000000 144 1
16800000.000000 387 1
16850000.000000 1 35
16850000.000000 2 5
16850000.000000 3 3
16850000.000000 4 2
16850000.000000 147 1
16850000.000000 391 1
16900000.000000 1 46
16900000.000000 2 8
16900000.000000 3 1
16900000.000000 4 1
16900000.000000 146 1
16900000.000000 385 1
16950000.000000 1 42
16950000.000000 2 7
16950000.000000 3 3
16950000.000000 149 1
16950000.000000 386 1
17000000.000000 1 39
17000000.000000 2 9
17000000.000000 3 2
17000000.000000 4 1
17000000.000000 151 1
17000000.000000 382 1
17050000.000000 1 39
17050000.000000 2 15
17050000.000000 3 1
17050000.000000 147 1
17050000.000000 381 1
17100000.000000 1 38
17100000.000000 2 6
17100000.000000 3 3
17100000.000000 4 1
17100000.000000 154 1
17100000.000000 383 1
17150000.000000 1 28
17150000.000000 2 11
17150000.000000 3 4
17150000.000000 149 1
17150000.000000 389 1
17200000.000000 1 43
17200000.000000 2 4
17200000.000000 3 3
17200000.000000 5 2
17200000.000000 145 1
17200000.000000 385 1
17250000.000000 1 39
17250000.000000 2 8
17250000.000000 3 2
17250000.000000 4 1
17250000.000000 146 1
17250000.000000 389 1
17300000.000000 1 44
17300000.000000 2 7
17300000.000000 3 2
17300000.000000 152 1
17300000.000000 384 1
17350000.000000 1 38
17350000.000000 2 9
17350000.000000 3 2
17350000.000000 150 1
17350000.000000 388 1
17400000.000000 1 35
17400000.000000 2 7
17400000.000000 4 1
17400000.000000 5 1
17400000.000000 151 1
17400000.000000 391 1
17450000.000000 1 36
17450000.000000 2 4
17450000.000000 3 1
17450000.000000 6 1
17450000.000000 7 1
17450000.000000 152 1
17450000.000000 388 1
17500000.000000 1 37
17500000.000000 2 5
17500000.000000 3 2
17500000.000000 4 1
17500000.000000 7 1
17500000.000000 151 1
17500000.000000 385 1
17550000.000000 1 44
17550000.000000 2 12
17550000.000000 3 1
17550000.000000 153 1
17550000.000000 376 1
17600000.000000 1 33
17600000.000000 2 11
17600000.000000 3 1
17600000.000000 4 1
17600000.000000 5 1
17600000.000000 154 1
17600000.000000 379 1
17650000.000000 1 37
17650000.000000 2 5
17650000.000000 3 3
17650000.000000 5 1
17650000.000000 152 1
17650000.000000 387 1
17700000.000000 1 33
17700000.000000 2 2
17700000.000000 3 2
17700000.000000 4 1
17700000.000000 6 1
17700000.000000 152 1
17700000.000000 395 1
17750000.000000 1 35
17750000.000000 2 6
17750000.000000 3 3
17750000.000000 152 1
17750000.000000 392 1
17800000.000000 1 35
17800000.000000 2 5
17800000.000000 3 1
17800000.000000 153 1
17800000.000000 399 1
17850000.000000 1 35
17850000.000000 2 6
17850000.000000 3 1
17850000.000000 154 1
17850000.000000 396 1
17900000.000000 1 32
17900000.000000 2 5
17900000.000000 3 4
17900000.000000 155 1
17900000.000000 391 1
17950000.000000 1 40
17950000.000000 2 5
17950000.000000 3 1
17950000.000000 4 1
17950000.000000 151 1
17950000.000000 392 1
18000000.000000 1 42
18000000.000000 2 4
18000000.000000 3 1
18000000.000000 157 1
18000000.000000 390 1
18050000.000000 1 39
18050000.000000 2 7
18050000.000000 159 1
18050000.000000 388 1
18100000.000000 1 47
18100000.000000 2 5
18100000.000000 3 2
18100000.000000 155 1
18100000.000000 382 1
18150000.000000 1 43
18150000.000000 2 6
18150000.000000 154 1
18150000.000000 391 1
18200000.000000 1 36
18200000.000000 2 9
18200000.000000 4 1
18200000.000000 155 1
18200000.000000 387 1
18250000.000000 1 36
18250000.000000 2 11
18250000.000000 3 2
18250000.000000 152 1
18250000.000000 384 1
18300000.000000 1 52
18300000.000000 2 1
18300000.000000 3 2
18300000.000000 155 1
18300000.000000 385 1
18350000.000000 1 54
18350000.000000 2 3
18350000.000000 3 2
18350000.000000 4 1
18350000.000000 144 1
18350000.000000 386 1
18400000.000000 1 47
18400000.000000 2 8
18400000.000000 4 3
18400000.000000 140 1
18400000.000000 385 1
18450000.000000 1 41
18450000.000000 2 8
18450000.000000 3 3
18450000.000000 4 1
18450000.000000 145 1
18450000.000000 385 1
18500000.000000 1 43
18500000.000000 2 5
18500000.000000 3 2
18500000.000000 4 2
18500000.000000 153 1
18500000.000000 380 1
18550000.000000 1 41
18550000.000000 2 7
18550000.000000 3 3
18550000.000000 150 1
18550000.000000 386 1
18600000.000000 1 45
18600000.000000 2 8
18600000.000000 3 2
18600000.000000 4 1
18600000.000000 144 1
18600000.000000 385 1
18650000.000000 1 36
18650000.000000 2 7
18650000.000000 3 5
18650000.000000 4 2
18650000.000000 140 1
18650000.000000 387 1
18700000.000000 1 41
18700000.000000 2 4
18700000.000000 3 3
18700000.000000 4 2
18700000.000000 534 1
18750000.000000 1 32
18750000.000000 2 13
18750000.000000 3 2
18750000.000000 5 1
18750000.000000 140 1
18750000.000000 391 1
18800000.000000 1 36
18800000.000000 2 10
18800000.000000 3 4
18800000.000000 6 1
18800000.000000 137 1
18800000.000000 389 1
18850000.000000 1 47
18850000.000000 2 9
18850000.000000 3 1
18850000.000000 5 1
18850000.000000 141 1
18850000.000000 386 1
18900000.000000 1 42
18900000.000000 2 10
18900000.000000 3 1
18900000.000000 4 1
18900000.000000 5 1
18900000.000000 135 1
18900000.000000 391 1
18950000.000000 1 39
18950000.000000 2 10
18950000.000000 4 2
18950000.000000 140 1
18950000.000000 393 1
19000000.000000 1 49
19000000.000000 2 2
19000000.000000 3 2
19000000.000000 144 1
19000000.000000 397 1
19050000.000000 1 43
19050000.000000 2 5
19050000.000000 3 1
19050000.000000 4 1
19050000.000000 5 1
19050000.000000 142 1
19050000.000000 393 1
19100000.000000 1 44
19100000.000000 2 6
19100000.000000 3 2
19100000.000000 143 1
19100000.000000 395 1
19150000.000000 1 47
19150000.000000 2 4
19150000.000000 3 2
19150000.000000 4 1
19150000.000000 141 1
19150000.000000 394 1
19200000.000000 1 41
19200000.000000 2 3
19200000.000000 3 5
19200000.000000 144 1
19200000.000000 394 1
19250000.000000 1 41
19250000.000000 2 7
19250000.000000 3 1
19250000.000000 143 1
19250000.000000 399 1
19300000.000000 1 50
19300000.000000 2 8
19300000.000000 139 1
19300000.000000 395 1
19350000.000000 1 48
19350000.000000 2 6
19350000.000000 3 1
19350000.000000 142 1
19350000.000000 395 1
19400000.000000 1 42
19400000.000000 2 9
19400000.000000 3 3
19400000.000000 4 1
19400000.000000 136 1
19400000.000000 391 1
19450000.000000 1 44
19450000.000000 2 6
19450000.000000 3 3
19450000.000000 4 1
19450000.000000 136 1
19450000.000000 395 1
19500000.000000 1 50
19500000.000000 2 7
19500000.000000 3 3
19500000.000000 134 1
19500000.000000 393 1
19550000.000000 1 46
19550000.000000 2 8
19550000.000000 3 3
19550000.000000 137 1
19550000.000000 392 1
19600000.000000 1 43
19600000.000000 2 10
19600000.000000 3 3
19600000.000000 139 1
19600000.000000 389 1
19650000.000000 1 43
19650000.000000 2 10
19650000.000000 3 2
19650000.000000 137 1
19650000.000000 394 1
19700000.000000 1 51
19700000.000000 2 7
19700000.000000 3 1
19700000.000000 4 1
19700000.000000 140 1
19700000.000000 388 1
19750000.000000 1 51
19750000.000000 2 3
19750000.000000 3 2
19750000.000000 146 1
19750000.000000 391 1
19800000.000000 1 42
19800000.000000 2 8
19800000.000000 3 2
19800000.000000 4 1
19800000.000000 143 1
19800000.000000 389 1
19850000.000000 1 47
19850000.000000 2 4
19850000.000000 3 5
19850000.000000 142 1
19850000.000000 388 1
19900000.000000 1 46
19900000.000000 2 5
19900000.000000 3 2
19900000.000000 147 1
19900000.000000 391 1
19950000.000000 1 42
19950000.000000 2 9
19950000.000000 3 1
19950000.000000 4 1
19950000.000000 143 1
19950000.000000 390 1
20000000.000000 1 35
20000000.000000 2 10
20000000.000000 3 2
20000000.000000 5 1
20000000.000000 145 1
20000000.000000 389 1
