# time mean_cluster_size
50000.000000 300.0000000000
100000.000000 66.6666666667
150000.000000 42.8571428571
200000.000000 40.0000000000
250000.000000 35.2941176471
300000.000000 26.0869565217
350000.000000 19.3548387097
400000.000000 19.3548387097
450000.000000 23.0769230769
500000.000000 23.0769230769
550000.000000 16.2162162162
600000.000000 15.7894736842
650000.000000 16.2162162162
700000.000000 16.2162162162
750000.000000 14.2857142857
800000.000000 13.9534883721
850000.000000 15.7894736842
900000.000000 12.5000000000
950000.000000 14.6341463415
1000000.000000 14.6341463415
1050000.000000 13.9534883721
1100000.000000 13.3333333333
1150000.000000 15.3846153846
1200000.000000 14.6341463415
1250000.000000 18.1818181818
1300000.000000 21.4285714286
1350000.000000 17.1428571429
1400000.000000 15.0000000000
1450000.000000 15.0000000000
1500000.000000 13.9534883721
1550000.000000 12.0000000000
1600000.000000 13.9534883721
1650000.000000 13.3333333333
1700000.000000 12.5000000000
1750000.000000 15.7894736842
1800000.000000 13.9534883721
1850000.000000 12.7659574468
1900000.000000 12.2448979592
1950000.000000 10.7142857143
2000000.000000 12.0000000000
2050000.000000 10.3448275862
2100000.000000 11.1111111111
2150000.000000 9.8360655738
2200000.000000 10.5263157895
2250000.000000 9.6774193548
2300000.000000 10.5263157895
2350000.000000 10.5263157895
2400000.000000 11.1111111111
2450000.000000 13.0434782609
2500000.000000 14.6341463415
2550000.000000 12.0000000000
2600000.000000 12.7659574468
2650000.000000 13.0434782609
2700000.000000 14.2857142857
2750000.000000 13.3333333333
2800000.000000 13.3333333333
2850000.000000 11.5384615385
2900000.000000 12.5000000000
2950000.000000 14.2857142857
3000000.000000 12.2448979592
3050000.000000 13.0434782609
3100000.000000 12.5000000000
3150000.000000 15.7894736842
3200000.000000 13.6363636364
3250000.000000 13.9534883721
3300000.000000 12.7659574468
3350000.000000 14.6341463415
3400000.000000 15.0000000000
3450000.000000 15.7894736842
3500000.000000 14.6341463415
3550000.000000 15.0000000000
3600000.000000 14.2857142857
3650000.000000 13.0434782609
3700000.000000 13.6363636364
3750000.000000 13.3333333333
3800000.000000 13.3333333333
3850000.000000 14.6341463415
3900000.000000 13.9534883721
3950000.000000 13.3333333333
4000000.000000 14.6341463415
4050000.000000 16.6666666667
4100000.000000 15.0000000000
4150000.000000 15.0000000000
4200000.000000 11.7647058824
4250000.000000 12.5000000000
4300000.000000 14.6341463415
4350000.000000 13.0434782609
4400000.000000 14.2857142857
4450000.000000 12.5000000000
4500000.000000 15.0000000000
4550000.000000 12.0000000000
4600000.000000 10.9090909091
4650000.000000 10.3448275862
4700000.000000 12.2448979592
4750000.000000 12.0000000000
4800000.000000 10.5263157895
4850000.000000 11.3207547170
4900000.000000 11.7647058824
4950000.000000 12.7659574468
5000000.000000 12.2448979592
5050000.000000 12.7659574468
5100000.000000 11.7647058824
5150000.000000 11.7647058824
5200000.000000 12.0000000000
5250000.000000 12.7659574468
5300000.000000 15.0000000000
5350000.000000 13.6363636364
5400000.000000 12.0000000000
5450000.000000 11.3207547170
5500000.000000 10.9090909091
5550000.000000 11.7647058824
5600000.000000 11.5384615385
5650000.000000 10.7142857143
5700000.000000 12.2448979592
5750000.000000 12.2448979592
5800000.000000 10.7142857143
5850000.000000 10.9090909091
5900000.000000 9.3750000000
5950000.000000 9.2307692308
6000000.000000 10.0000000000
6050000.000000 10.7142857143
6100000.000000 12.7659574468
6150000.000000 11.7647058824
6200000.000000 15.3846153846
6250000.000000 12.5000000000
6300000.000000 12.0000000000
6350000.000000 11.1111111111
6400000.000000 11.3207547170
6450000.000000 10.5263157895
6500000.000000 10.9090909091
6550000.000000 13.3333333333
6600000.000000 12.7659574468
6650000.000000 11.5384615385
6700000.000000 12.0000000000
6750000.000000 12.2448979592
6800000.000000 11.1111111111
6850000.000000 11.1111111111
6900000.000000 11.7647058824
6950000.000000 11.5384615385
7000000.000000 10.9090909091
7050000.000000 10.7142857143
7100000.000000 11.5384615385
7150000.000000 13.3333333333
7200000.000000 13.3333333333
7250000.000000 10.3448275862
7300000.000000 11.3207547170
7350000.000000 9.8360655738
7400000.000000 8.6956521739
7450000.000000 10.3448275862
7500000.000000 10.0000000000
7550000.000000 10.3448275862
7600000.000000 9.8360655738
7650000.000000 9.8360655738
7700000.000000 9.8360655738
7750000.000000 9.5238095238
7800000.000000 9.6774193548
7850000.000000 9.8360655738
7900000.000000 9.6774193548
7950000.000000 9.0909090909
8000000.000000 8.8235294118
8050000.000000 10.5263157895
8100000.000000 12.0000000000
8150000.000000 12.0000000000
8200000.000000 10.9090909091
8250000.000000 11.1111111111
8300000.000000 10.3448275862
8350000.000000 10.5263157895
8400000.000000 10.1694915254
8450000.000000 11.3207547170
8500000.000000 10.0000000000
8550000.000000 9.8360655738
8600000.000000 8.8235294118
8650000.000000 9.0909090909
8700000.000000 9.0909090909
8750000.000000 10.0000000000
8800000.000000 10.9090909091
8850000.000000 10.1694915254
8900000.000000 10.5263157895
8950000.000000 10.1694915254
9000000.000000 10.3448275862
9050000.000000 10.5263157895
9100000.000000 9.6774193548
9150000.000000 11.1111111111
9200000.000000 10.0000000000
9250000.000000 10.5263157895
9300000.000000 10.5263157895
9350000.000000 10.0000000000
9400000.000000 12.7659574468
9450000.000000 10.9090909091
9500000.000000 10.7142857143
9550000.000000 10.5263157895
9600000.000000 9.6774193548
9650000.000000 10.3448275862
9700000.000000 10.5263157895
9750000.000000 10.1694915254
9800000.000000 10.9090909091
9850000.000000 10.9090909091
9900000.000000 9.8360655738
9950000.000000 10.0000000000
10000000.000000 10.0000000000
10050000.000000 10.1694915254
10100000.000000 10.1694915254
10150000.000000 8.8235294118
10200000.000000 10.1694915254
10250000.000000 10.3448275862
10300000.000000 11.1111111111
10350000.000000 9.8360655738
10400000.000000 11.1111111111
10450000.000000 9.6774193548
10500000.000000 10.1694915254
10550000.000000 10.3448275862
10600000.000000 11.3207547170
10650000.000000 10.3448275862
10700000.000000 11.3207547170
10750000.000000 13.6363636364
10800000.000000 12.0000000000
10850000.000000 12.5000000000
10900000.000000 11.3207547170
10950000.000000 11.5384615385
11000000.000000 11.7647058824
11050000.000000 11.5384615385
11100000.000000 11.3207547170
11150000.000000 11.1111111111
11200000.000000 11.5384615385
11250000.000000 10.3448275862
11300000.000000 9.6774193548
11350000.000000 10.7142857143
11400000.000000 9.8360655738
11450000.000000 9.6774193548
11500000.000000 11.1111111111
11550000.000000 8.9552238806
11600000.000000 10.0000000000
11650000.000000 9.6774193548
11700000.000000 10.0000000000
11750000.000000 9.8360655738
11800000.000000 9.5238095238
11850000.000000 9.2307692308
11900000.000000 9.2307692308
11950000.000000 10.1694915254
12000000.000000 10.0000000000
12050000.000000 11.1111111111
12100000.000000 10.5263157895
12150000.000000 9.8360655738
12200000.000000 8.4507042254
12250000.000000 8.8235294118
12300000.000000 10.3448275862
12350000.000000 9.6774193548
12400000.000000 10.9090909091
12450000.000000 10.5263157895
12500000.000000 10.5263157895
12550000.000000 10.0000000000
12600000.000000 10.0000000000
12650000.000000 9.5238095238
12700000.000000 8.5714285714
12750000.000000 9.6774193548
12800000.000000 9.0909090909
12850000.000000 10.0000000000
12900000.000000 9.3750000000
12950000.000000 9.5238095238
13000000.000000 8.8235294118
13050000.000000 8.3333333333
13100000.000000 8.2191780822
13150000.000000 8.1081081081
13200000.000000 9.3750000000
13250000.000000 9.0909090909
13300000.000000 8.6956521739
13350000.000000 9.8360655738
13400000.000000 11.5384615385
13450000.000000 10.7142857143
13500000.000000 10.0000000000
13550000.000000 10.1694915254
13600000.000000 10.0000000000
13650000.000000 10.9090909091
13700000.000000 11.1111111111
13750000.000000 9.8360655738
13800000.000000 9.5238095238
13850000.000000 11.1111111111
13900000.000000 10.7142857143
13950000.000000 9.6774193548
14000000.000000 10.7142857143
14050000.000000 9.5238095238
14100000.000000 10.0000000000
14150000.000000 9.8360655738
14200000.000000 9.3750000000
14250000.000000 11.1111111111
14300000.000000 9.6774193548
14350000.000000 10.9090909091
14400000.000000 10.3448275862
14450000.000000 10.0000000000
14500000.000000 10.1694915254
14550000.000000 10.3448275862
14600000.000000 11.5384615385
14650000.000000 9.8360655738
14700000.000000 10.5263157895
14750000.000000 8.8235294118
14800000.000000 9.3750000000
14850000.000000 11.3207547170
14900000.000000 10.3448275862
14950000.000000 10.1694915254
15000000.000000 10.3448275862
15050000.000000 10.7142857143
15100000.000000 10.5263157895
15150000.000000 10.1694915254
15200000.000000 9.6774193548
15250000.000000 9.3750000000
15300000.000000 10.5263157895
15350000.000000 9.3750000000
15400000.000000 10.1694915254
15450000.000000 10.9090909091
15500000.000000 10.1694915254
15550000.000000 10.9090909091
15600000.000000 10.1694915254
15650000.000000 10.9090909091
15700000.000000 11.7647058824
15750000.000000 10.5263157895
15800000.000000 11.3207547170
15850000.000000 10.9090909091
15900000.000000 10.3448275862
15950000.000000 10.7142857143
16000000.000000 10.5263157895
16050000.000000 11.7647058824
16100000.000000 10.5263157895
16150000.000000 11.3207547170
16200000.000000 9.8360655738
16250000.000000 10.3448275862
16300000.000000 11.1111111111
16350000.000000 10.5263157895
16400000.000000 9.3750000000
16450000.000000 10.0000000000
16500000.000000 12.2448979592
16550000.000000 11.5384615385
16600000.000000 11.5384615385
16650000.000000 10.7142857143
16700000.000000 10.3448275862
16750000.000000 9.5238095238
16800000.000000 10.1694915254
16850000.000000 12.7659574468
16900000.000000 10.3448275862
16950000.000000 11.1111111111
17000000.000000 11.3207547170
17050000.000000 10.5263157895
17100000.000000 12.0000000000
17150000.000000 13.3333333333
17200000.000000 11.1111111111
17250000.000000 11.5384615385
17300000.000000 10.9090909091
17350000.000000 11.7647058824
17400000.000000 13.0434782609
17450000.000000 13.3333333333
17500000.000000 12.5000000000
17550000.000000 10.1694915254
17600000.000000 12.2448979592
17650000.000000 12.5000000000
17700000.000000 14.6341463415
17750000.000000 13.0434782609
17800000.000000 13.9534883721
17850000.000000 13.6363636364
17900000.000000 13.9534883721
17950000.000000 12.2448979592
18000000.000000 12.2448979592
18050000.000000 12.5000000000
18100000.000000 10.7142857143
18150000.000000 11.7647058824
18200000.000000 12.5000000000
18250000.000000 11.7647058824
18300000.000000 10.5263157895
18350000.000000 9.6774193548
18400000.000000 10.0000000000
18450000.000000 10.9090909091
18500000.000000 11.1111111111
18550000.000000 11.3207547170
18600000.000000 10.3448275862
18650000.000000 11.5384615385
18700000.000000 11.7647058824
18750000.000000 12.0000000000
18800000.000000 11.3207547170
18850000.000000 10.0000000000
18900000.000000 10.5263157895
18950000.000000 11.3207547170
19000000.000000 10.9090909091
19050000.000000 11.3207547170
19100000.000000 11.1111111111
19150000.000000 10.7142857143
19200000.000000 11.7647058824
19250000.000000 11.7647058824
19300000.000000 10.0000000000
19350000.000000 10.5263157895
19400000.000000 10.5263157895
19450000.000000 10.7142857143
19500000.000000 9.6774193548
19550000.000000 10.1694915254
19600000.000000 10.3448275862
19650000.000000 10.5263157895
19700000.000000 9.6774193548
19750000.000000 10.3448275862
19800000.000000 10.9090909091
19850000.000000 10.3448275862
19900000.000000 10.9090909091
19950000.000000 10.9090909091
20000000.000000 12.0000000000
