# time largest_cluster_rg
50000.000000 7.1456535282
100000.000000 7.5726666576
150000.000000 7.5806603349
200000.000000 7.7016207973
250000.000000 7.5407317655
300000.000000 7.8488523782
350000.000000 7.9663672458
400000.000000 8.3333312978
450000.000000 7.9220175369
500000.000000 7.9979080892
550000.000000 8.0186497720
600000.000000 8.1595488764
650000.000000 8.1438980555
700000.000000 7.7951177931
750000.000000 8.0264484229
800000.000000 8.1643691727
850000.000000 8.2981470375
900000.000000 8.5262585264
950000.000000 8.4174886789
1000000.000000 8.3508540684
1050000.000000 8.0492243873
1100000.000000 8.0172035748
1150000.000000 8.2988551707
1200000.000000 8.0695329417
1250000.000000 8.2815551314
1300000.000000 8.0571252596
1350000.000000 8.3901279981
1400000.000000 8.1304419561
1450000.000000 8.5288949162
1500000.000000 8.8039613325
1550000.000000 8.7699160630
1600000.000000 8.6004482896
1650000.000000 8.7271953593
1700000.000000 8.8400286653
1750000.000000 8.9464585957
1800000.000000 9.0237981662
1850000.000000 9.0064592290
1900000.000000 9.2759531737
1950000.000000 8.9260438737
2000000.000000 8.8830547570
2050000.000000 9.0228270394
2100000.000000 8.5946861589
2150000.000000 8.6553406898
2200000.000000 8.8048632342
2250000.000000 9.2137127873
2300000.000000 9.2107810827
2350000.000000 9.3804380420
2400000.000000 9.0962927333
2450000.000000 9.1995182292
2500000.000000 9.2558539905
2550000.000000 9.5036384848
2600000.000000 9.9225241816
2650000.000000 9.1127418389
2700000.000000 9.3675943684
2750000.000000 9.3561598648
2800000.000000 9.7028534572
2850000.000000 9.5950571575
2900000.000000 9.3518359621
2950000.000000 9.5730023713
3000000.000000 9.9114469038
3050000.000000 9.8631149649
3100000.000000 9.6775161020
3150000.000000 9.7459406875
3200000.000000 10.1633675141
3250000.000000 10.1002493572
3300000.000000 9.8500176901
3350000.000000 9.9136190746
3400000.000000 9.9406676529
3450000.000000 10.0184229377
3500000.000000 9.9098971905
3550000.000000 10.0020492935
3600000.000000 10.0655787587
3650000.000000 9.9372199998
3700000.000000 9.7239834086
3750000.000000 10.2137387130
3800000.000000 10.3674543261
3850000.000000 10.0911103968
3900000.000000 10.2021288332
3950000.000000 10.1158617440
4000000.000000 9.9210844669
4050000.000000 10.0455317343
4100000.000000 9.8113866538
4150000.000000 10.0131093667
4200000.000000 10.1970959608
4250000.000000 10.2298027717
4300000.000000 10.7831953892
4350000.000000 10.6472054941
4400000.000000 10.6564273451
4450000.000000 11.0254595573
4500000.000000 11.1472164384
4550000.000000 11.1065342391
4600000.000000 11.0762444643
4650000.000000 10.6531942659
4700000.000000 11.1919992883
4750000.000000 11.2914394691
4800000.000000 11.2670271892
4850000.000000 11.4185317575
4900000.000000 11.2728492353
4950000.000000 11.6010761832
5000000.000000 11.6271530354
5050000.000000 11.5451240779
5100000.000000 11.5279172623
5150000.000000 11.6994210911
5200000.000000 11.3733413499
5250000.000000 11.3628797307
5300000.000000 11.5877083138
5350000.000000 11.8326205205
5400000.000000 11.7275502796
5450000.000000 11.7126644342
5500000.000000 11.6631122582
5550000.000000 11.3425898762
5600000.000000 11.3004331372
5650000.000000 11.0808827773
5700000.000000 11.0779685779
5750000.000000 11.1876924731
5800000.000000 11.1519628172
5850000.000000 11.0657135395
5900000.000000 10.8965516182
5950000.000000 11.0316260114
6000000.000000 11.1108922332
6050000.000000 11.2080064259
6100000.000000 11.1380752829
6150000.000000 11.7064614026
6200000.000000 11.4753008254
6250000.000000 11.6699548325
6300000.000000 11.4823373609
6350000.000000 11.2685463578
6400000.000000 11.1898825451
6450000.000000 11.2508320119
6500000.000000 11.2399888906
6550000.000000 11.4269376465
6600000.000000 11.7317422479
6650000.000000 11.4467187185
6700000.000000 11.3577797213
6750000.000000 11.5073391932
6800000.000000 11.7338015555
6850000.000000 11.5309249862
6900000.000000 11.7096250914
6950000.000000 11.9711475628
7000000.000000 11.4934631101
7050000.000000 11.2134761909
7100000.000000 11.7940117658
7150000.000000 11.7656553162
7200000.000000 11.6688214291
7250000.000000 11.6301045339
7300000.000000 11.8780298911
7350000.000000 11.8755707967
7400000.000000 11.5442608610
7450000.000000 11.9115399776
7500000.000000 11.8552592100
7550000.000000 12.2080461264
7600000.000000 11.6971378142
7650000.000000 11.6481143128
7700000.000000 11.4198668949
7750000.000000 11.1314354334
7800000.000000 11.2034991370
7850000.000000 11.3253963570
7900000.000000 11.2493443628
7950000.000000 11.2321408464
8000000.000000 11.2525789781
8050000.000000 11.0005456825
8100000.000000 10.8836402117
8150000.000000 11.6637210369
8200000.000000 11.4686844320
8250000.000000 11.8938187784
8300000.000000 12.1339418297
8350000.000000 11.7703405643
8400000.000000 11.7827989964
8450000.000000 11.5796184035
8500000.000000 11.4176582191
8550000.000000 11.4502672248
8600000.000000 12.2699879402
8650000.000000 12.0015869799
8700000.000000 11.2945627938
8750000.000000 11.5015918445
8800000.000000 11.7732384466
8850000.000000 11.1416201646
8900000.000000 11.5599083834
8950000.000000 11.9228597397
9000000.000000 12.0109025553
9050000.000000 12.3072204496
9100000.000000 12.6206465828
9150000.000000 12.9125326404
9200000.000000 12.1894153353
9250000.000000 12.2004682067
9300000.000000 12.4916911078
9350000.000000 13.0950645804
9400000.000000 12.9080881740
9450000.000000 12.8831640344
9500000.000000 12.7760248796
9550000.000000 13.3373769604
9600000.000000 12.3723198828
9650000.000000 12.4084381263
9700000.000000 12.3440105940
9750000.000000 12.3497363405
9800000.000000 12.3549311988
9850000.000000 12.0203480343
9900000.000000 12.2748672369
9950000.000000 12.2880579334
10000000.000000 12.5114668133
10050000.000000 12.4346637227
10100000.000000 12.3708007972
10150000.000000 12.6330139309
10200000.000000 12.1915360760
10250000.000000 12.0009833562
10300000.000000 12.2294288776
10350000.000000 12.3537958490
10400000.000000 12.4074943900
10450000.000000 12.7734815165
10500000.000000 12.4506876171
10550000.000000 12.1453707243
10600000.000000 12.3511891089
10650000.000000 12.3963590564
10700000.000000 12.2734255974
10750000.000000 12.4538893721
10800000.000000 12.2495705585
10850000.000000 12.4336955565
10900000.000000 12.1778156905
10950000.000000 12.4570333072
11000000.000000 12.6298597580
11050000.000000 12.4191794847
11100000.000000 12.2086835705
11150000.000000 12.6472283334
11200000.000000 12.8233806486
11250000.000000 12.7550483853
11300000.000000 12.8922876014
11350000.000000 12.8611617120
11400000.000000 13.1581709140
11450000.000000 13.0596684064
11500000.000000 12.8725834355
11550000.000000 12.9948999367
11600000.000000 12.7673874236
11650000.000000 12.7963928696
11700000.000000 12.6214532337
11750000.000000 12.6821190809
11800000.000000 12.7362957972
11850000.000000 12.5085730329
11900000.000000 12.2727889642
11950000.000000 12.1935368418
12000000.000000 12.4230437628
12050000.000000 12.6714330289
12100000.000000 12.6364175936
12150000.000000 12.4981788674
12200000.000000 12.2870061271
12250000.000000 12.6541017906
12300000.000000 13.0155789455
12350000.000000 12.1969846523
12400000.000000 12.1495863297
12450000.000000 12.3486116473
12500000.000000 12.3209254726
12550000.000000 12.2652883232
12600000.000000 11.8374761175
12650000.000000 11.7612672224
12700000.000000 11.8683747412
12750000.000000 12.0241527096
12800000.000000 12.1308737155
12850000.000000 12.0098829706
12900000.000000 11.6878886364
12950000.000000 12.0041002306
13000000.000000 12.0992159676
13050000.000000 12.2892665640
13100000.000000 12.2207687319
13150000.000000 12.1277385664
13200000.000000 11.9650350165
13250000.000000 11.2913898181
13300000.000000 10.9667355692
13350000.000000 11.3293863265
13400000.000000 11.4225647082
13450000.000000 11.6902775549
13500000.000000 11.3183782676
13550000.000000 11.7497787918
13600000.000000 11.4018570896
13650000.000000 11.7328282949
13700000.000000 11.8049590155
13750000.000000 11.8521149862
13800000.000000 11.7575454028
13850000.000000 12.4550800454
13900000.000000 12.5724118604
13950000.000000 12.6334419869
14000000.000000 12.6566563407
14050000.000000 12.3012577020
14100000.000000 12.4466152783
14150000.000000 13.0336062626
14200000.000000 12.7299452153
14250000.000000 12.3488245337
14300000.000000 11.9867241523
14350000.000000 12.5411942490
14400000.000000 12.7487777349
14450000.000000 12.2103750610
14500000.000000 12.2674489191
14550000.000000 12.4783379821
14600000.000000 12.2059913941
14650000.000000 11.9408734440
14700000.000000 11.7599903062
14750000.000000 11.8807325716
14800000.000000 11.6036147706
14850000.000000 11.4833582322
14900000.000000 11.8206643462
14950000.000000 12.0274072620
15000000.000000 12.0524079522
15050000.000000 11.9841545548
15100000.000000 12.1192188148
15150000.000000 12.1011671986
15200000.000000 12.2931607378
15250000.000000 12.0793181202
15300000.000000 11.6286495119
15350000.000000 11.8943949293
15400000.000000 11.5868950522
15450000.000000 11.5812153784
15500000.000000 11.6745504856
15550000.000000 10.9448966680
15600000.000000 11.4555975698
15650000.000000 11.7474043759
15700000.000000 11.6373859442
15750000.000000 11.6522224435
15800000.000000 11.8730845141
15850000.000000 11.7322624592
15900000.000000 11.2337074037
15950000.000000 11.5364686494
16000000.000000 11.3632209887
16050000.000000 11.3410900015
16100000.000000 12.0622889493
16150000.000000 11.9942579150
16200000.000000 12.3089092588
16250000.000000 11.9204272141
16300000.000000 12.3168691662
16350000.000000 12.1537640736
16400000.000000 12.1022016645
16450000.000000 12.3909488410
16500000.000000 11.8905069236
16550000.000000 11.9790865267
16600000.000000 12.4654970314
16650000.000000 12.3206136289
16700000.000000 12.3473335941
16750000.000000 12.3470067412
16800000.000000 12.5064062271
16850000.000000 12.2158659906
16900000.000000 12.1703792844
16950000.000000 12.4864996437
17000000.000000 12.2663804358
17050000.000000 12.6916829804
17100000.000000 12.1286435441
17150000.000000 12.3254017494
17200000.000000 11.4662811593
17250000.000000 11.8948960746
17300000.000000 11.7697034066
17350000.000000 11.8480886348
17400000.000000 11.8784512281
17450000.000000 11.3618663875
17500000.000000 11.3222659635
17550000.000000 11.2274960762
17600000.000000 11.1742826141
17650000.000000 11.0524653926
17700000.000000 10.9282862830
17750000.000000 10.9826334527
17800000.000000 11.0202264254
17850000.000000 11.0542624129
17900000.000000 11.5222454654
17950000.000000 11.5147670024
18000000.000000 11.1779158821
18050000.000000 11.3442955633
18100000.000000 11.2233648684
18150000.000000 11.1196901190
18200000.000000 11.6473628882
18250000.000000 11.3441138514
18300000.000000 11.3165588678
18350000.000000 11.3183193720
18400000.000000 11.2485346336
18450000.000000 11.5351761915
18500000.000000 11.7446174250
18550000.000000 11.6570165973
18600000.000000 11.6480725497
18650000.000000 11.4738620869
18700000.000000 11.4028590094
18750000.000000 11.6920884870
18800000.000000 11.7321656722
18850000.000000 12.0561517601
18900000.000000 11.9057944387
18950000.000000 11.9111415415
19000000.000000 11.6195309610
19050000.000000 11.7647730738
19100000.000000 11.7230896736
19150000.000000 12.0075291469
19200000.000000 11.9558184810
19250000.000000 12.1006365642
19300000.000000 11.8376849414
19350000.000000 11.8005325644
19400000.000000 11.8615745949
19450000.000000 11.7481957716
19500000.000000 11.2899634825
19550000.000000 11.3366461271
19600000.000000 11.1704547758
19650000.000000 11.2816399080
19700000.000000 12.0905929535
19750000.000000 11.6634556749
19800000.000000 11.7788992572
19850000.000000 11.8855483198
19900000.000000 11.9823916832
19950000.000000 11.9132229089
20000000.000000 12.1335347070
