# time mean_cluster_size
150000.000000 43.3333333333
200000.000000 130.0000000000
250000.000000 92.8571428571
300000.000000 108.3333333333
350000.000000 325.0000000000
400000.000000 65.0000000000
450000.000000 65.0000000000
500000.000000 59.0909090909
550000.000000 59.0909090909
600000.000000 92.8571428571
650000.000000 81.2500000000
700000.000000 130.0000000000
750000.000000 72.2222222222
800000.000000 92.8571428571
850000.000000 81.2500000000
900000.000000 130.0000000000
950000.000000 65.0000000000
1000000.000000 81.2500000000
1050000.000000 92.8571428571
1100000.000000 92.8571428571
1150000.000000 72.2222222222
1200000.000000 81.2500000000
1250000.000000 92.8571428571
1300000.000000 130.0000000000
1350000.000000 130.0000000000
1400000.000000 72.2222222222
1450000.000000 54.1666666667
1500000.000000 65.0000000000
1550000.000000 81.2500000000
1600000.000000 130.0000000000
1650000.000000 108.3333333333
1700000.000000 54.1666666667
1750000.000000 92.8571428571
1800000.000000 130.0000000000
1850000.000000 108.3333333333
1900000.000000 92.8571428571
1950000.000000 92.8571428571
2000000.000000 65.0000000000
2050000.000000 81.2500000000
2100000.000000 650.0000000000
2150000.000000 130.0000000000
2200000.000000 92.8571428571
2250000.000000 54.1666666667
2300000.000000 108.3333333333
2350000.000000 92.8571428571
2400000.000000 65.0000000000
2450000.000000 59.0909090909
2500000.000000 81.2500000000
2550000.000000 46.4285714286
2600000.000000 108.3333333333
2650000.000000 65.0000000000
2700000.000000 72.2222222222
2750000.000000 54.1666666667
2800000.000000 72.2222222222
2850000.000000 162.5000000000
2900000.000000 81.2500000000
2950000.000000 92.8571428571
3000000.000000 72.2222222222
3050000.000000 59.0909090909
3100000.000000 81.2500000000
3150000.000000 59.0909090909
3200000.000000 108.3333333333
3250000.000000 130.0000000000
3300000.000000 81.2500000000
3350000.000000 46.4285714286
3400000.000000 72.2222222222
3450000.000000 54.1666666667
3500000.000000 130.0000000000
3550000.000000 59.0909090909
3600000.000000 72.2222222222
3650000.000000 65.0000000000
3700000.000000 108.3333333333
3750000.000000 72.2222222222
3800000.000000 65.0000000000
3850000.000000 72.2222222222
3900000.000000 92.8571428571
3950000.000000 50.0000000000
4000000.000000 59.0909090909
4050000.000000 72.2222222222
4100000.000000 92.8571428571
4150000.000000 59.0909090909
4200000.000000 59.0909090909
4250000.000000 162.5000000000
4300000.000000 108.3333333333
4350000.000000 130.0000000000
4400000.000000 72.2222222222
4450000.000000 59.0909090909
4500000.000000 162.5000000000
4550000.000000 130.0000000000
4600000.000000 130.0000000000
4650000.000000 81.2500000000
4700000.000000 54.1666666667
4750000.000000 72.2222222222
4800000.000000 72.2222222222
4850000.000000 108.3333333333
4900000.000000 54.1666666667
4950000.000000 92.8571428571
5000000.000000 46.4285714286
5050000.000000 40.6250000000
5100000.000000 72.2222222222
5150000.000000 50.0000000000
5200000.000000 81.2500000000
5250000.000000 108.3333333333
5300000.000000 130.0000000000
5350000.000000 65.0000000000
5400000.000000 65.0000000000
5450000.000000 92.8571428571
5500000.000000 81.2500000000
5550000.000000 92.8571428571
5600000.000000 108.3333333333
5650000.000000 59.0909090909
5700000.000000 72.2222222222
5750000.000000 81.2500000000
5800000.000000 130.0000000000
5850000.000000 46.4285714286
5900000.000000 65.0000000000
5950000.000000 81.2500000000
6000000.000000 108.3333333333
6050000.000000 92.8571428571
6100000.000000 43.3333333333
6150000.000000 81.2500000000
6200000.000000 108.3333333333
6250000.000000 81.2500000000
6300000.000000 92.8571428571
6350000.000000 81.2500000000
6400000.000000 81.2500000000
6450000.000000 54.1666666667
6500000.000000 72.2222222222
6550000.000000 65.0000000000
6600000.000000 162.5000000000
6650000.000000 130.0000000000
6700000.000000 92.8571428571
6750000.000000 72.2222222222
6800000.000000 108.3333333333
6850000.000000 92.8571428571
6900000.000000 108.3333333333
6950000.000000 72.2222222222
7000000.000000 92.8571428571
7050000.000000 92.8571428571
7100000.000000 81.2500000000
7150000.000000 130.0000000000
7200000.000000 59.0909090909
7250000.000000 108.3333333333
7300000.000000 59.0909090909
7350000.000000 130.0000000000
7400000.000000 108.3333333333
7450000.000000 72.2222222222
7500000.000000 54.1666666667
7550000.000000 92.8571428571
7600000.000000 130.0000000000
7650000.000000 92.8571428571
7700000.000000 72.2222222222
7750000.000000 81.2500000000
7800000.000000 65.0000000000
7850000.000000 162.5000000000
7900000.000000 92.8571428571
7950000.000000 81.2500000000
8000000.000000 108.3333333333
8050000.000000 92.8571428571
8100000.000000 92.8571428571
8150000.000000 50.0000000000
8200000.000000 130.0000000000
8250000.000000 92.8571428571
8300000.000000 108.3333333333
8350000.000000 130.0000000000
8400000.000000 108.3333333333
8450000.000000 108.3333333333
8500000.000000 72.2222222222
8550000.000000 81.2500000000
8600000.000000 72.2222222222
8650000.000000 40.6250000000
8700000.000000 108.3333333333
8750000.000000 162.5000000000
8800000.000000 65.0000000000
8850000.000000 325.0000000000
8900000.000000 65.0000000000
8950000.000000 108.3333333333
9000000.000000 162.5000000000
9050000.000000 59.0909090909
9100000.000000 50.0000000000
9150000.000000 162.5000000000
9200000.000000 108.3333333333
9250000.000000 72.2222222222
9300000.000000 81.2500000000
9350000.000000 72.2222222222
9400000.000000 130.0000000000
9450000.000000 162.5000000000
9500000.000000 108.3333333333
9550000.000000 162.5000000000
9600000.000000 72.2222222222
9650000.000000 54.1666666667
9700000.000000 81.2500000000
9750000.000000 65.0000000000
9800000.000000 72.2222222222
9850000.000000 92.8571428571
9900000.000000 72.2222222222
9950000.000000 216.6666666667
10000000.000000 81.2500000000
10050000.000000 81.2500000000
10100000.000000 92.8571428571
10150000.000000 46.4285714286
10200000.000000 65.0000000000
10250000.000000 54.1666666667
10300000.000000 108.3333333333
10350000.000000 92.8571428571
10400000.000000 54.1666666667
10450000.000000 130.0000000000
10500000.000000 108.3333333333
10550000.000000 81.2500000000
10600000.000000 81.2500000000
10650000.000000 72.2222222222
10700000.000000 54.1666666667
10750000.000000 108.3333333333
10800000.000000 65.0000000000
10850000.000000 216.6666666667
10900000.000000 162.5000000000
10950000.000000 130.0000000000
11000000.000000 81.2500000000
11050000.000000 81.2500000000
11100000.000000 72.2222222222
11150000.000000 130.0000000000
11200000.000000 92.8571428571
11250000.000000 65.0000000000
11300000.000000 108.3333333333
11350000.000000 108.3333333333
11400000.000000 81.2500000000
11450000.000000 81.2500000000
11500000.000000 50.0000000000
11550000.000000 65.0000000000
11600000.000000 72.2222222222
11650000.000000 72.2222222222
11700000.000000 81.2500000000
11750000.000000 59.0909090909
11800000.000000 72.2222222222
11850000.000000 72.2222222222
11900000.000000 54.1666666667
11950000.000000 72.2222222222
12000000.000000 72.2222222222
12050000.000000 65.0000000000
12100000.000000 130.0000000000
12150000.000000 72.2222222222
12200000.000000 81.2500000000
12250000.000000 65.0000000000
12300000.000000 130.0000000000
12350000.000000 81.2500000000
12400000.000000 65.0000000000
12450000.000000 81.2500000000
12500000.000000 92.8571428571
12550000.000000 108.3333333333
12600000.000000 65.0000000000
12650000.000000 65.0000000000
12700000.000000 81.2500000000
12750000.000000 72.2222222222
12800000.000000 72.2222222222
12850000.000000 216.6666666667
12900000.000000 92.8571428571
12950000.000000 65.0000000000
13000000.000000 108.3333333333
13050000.000000 108.3333333333
13100000.000000 54.1666666667
13150000.000000 162.5000000000
13200000.000000 216.6666666667
13250000.000000 92.8571428571
13300000.000000 54.1666666667
13350000.000000 72.2222222222
13400000.000000 81.2500000000
13450000.000000 108.3333333333
13500000.000000 59.0909090909
13550000.000000 36.1111111111
13600000.000000 65.0000000000
13650000.000000 72.2222222222
13700000.000000 130.0000000000
13750000.000000 216.6666666667
13800000.000000 72.2222222222
13850000.000000 65.0000000000
13900000.000000 162.5000000000
13950000.000000 108.3333333333
14000000.000000 81.2500000000
14050000.000000 92.8571428571
14100000.000000 108.3333333333
14150000.000000 216.6666666667
14200000.000000 92.8571428571
14250000.000000 108.3333333333
14300000.000000 81.2500000000
14350000.000000 50.0000000000
14400000.000000 65.0000000000
14450000.000000 65.0000000000
14500000.000000 50.0000000000
14550000.000000 65.0000000000
14600000.000000 81.2500000000
14650000.000000 108.3333333333
14700000.000000 216.6666666667
14750000.000000 50.0000000000
14800000.000000 81.2500000000
14850000.000000 59.0909090909
14900000.000000 92.8571428571
14950000.000000 65.0000000000
15000000.000000 162.5000000000
15050000.000000 130.0000000000
15100000.000000 59.0909090909
15150000.000000 92.8571428571
15200000.000000 108.3333333333
15250000.000000 59.0909090909
15300000.000000 108.3333333333
15350000.000000 81.2500000000
15400000.000000 54.1666666667
15450000.000000 325.0000000000
15500000.000000 92.8571428571
15550000.000000 81.2500000000
15600000.000000 92.8571428571
15650000.000000 81.2500000000
15700000.000000 72.2222222222
15750000.000000 108.3333333333
15800000.000000 65.0000000000
15850000.000000 65.0000000000
15900000.000000 65.0000000000
15950000.000000 72.2222222222
16000000.000000 72.2222222222
16050000.000000 72.2222222222
16100000.000000 81.2500000000
16150000.000000 108.3333333333
16200000.000000 108.3333333333
16250000.000000 130.0000000000
16300000.000000 81.2500000000
16350000.000000 59.0909090909
16400000.000000 81.2500000000
16450000.000000 162.5000000000
16500000.000000 54.1666666667
16550000.000000 108.3333333333
16600000.000000 59.0909090909
16650000.000000 54.1666666667
16700000.000000 72.2222222222
16750000.000000 92.8571428571
16800000.000000 162.5000000000
16850000.000000 92.8571428571
16900000.000000 65.0000000000
16950000.000000 92.8571428571
17000000.000000 81.2500000000
17050000.000000 72.2222222222
17100000.000000 130.0000000000
17150000.000000 59.0909090909
17200000.000000 46.4285714286
17250000.000000 92.8571428571
17300000.000000 59.0909090909
17350000.000000 59.0909090909
17400000.000000 54.1666666667
17450000.000000 81.2500000000
17500000.000000 162.5000000000
17550000.000000 81.2500000000
17600000.000000 65.0000000000
17650000.000000 59.0909090909
17700000.000000 81.2500000000
17750000.000000 216.6666666667
17800000.000000 130.0000000000
17850000.000000 65.0000000000
17900000.000000 72.2222222222
17950000.000000 130.0000000000
18000000.000000 162.5000000000
18050000.000000 162.5000000000
18100000.000000 81.2500000000
18150000.000000 54.1666666667
18200000.000000 92.8571428571
18250000.000000 162.5000000000
18300000.000000 59.0909090909
18350000.000000 72.2222222222
18400000.000000 92.8571428571
18450000.000000 92.8571428571
18500000.000000 216.6666666667
18550000.000000 50.0000000000
18600000.000000 72.2222222222
18650000.000000 162.5000000000
18700000.000000 108.3333333333
18750000.000000 92.8571428571
18800000.000000 130.0000000000
18850000.000000 130.0000000000
18900000.000000 108.3333333333
18950000.000000 81.2500000000
19000000.000000 65.0000000000
19050000.000000 81.2500000000
19100000.000000 54.1666666667
19150000.000000 130.0000000000
19200000.000000 216.6666666667
19250000.000000 59.0909090909
19300000.000000 130.0000000000
19350000.000000 92.8571428571
19400000.000000 72.2222222222
19450000.000000 108.3333333333
19500000.000000 72.2222222222
19550000.000000 108.3333333333
19600000.000000 162.5000000000
19650000.000000 46.4285714286
19700000.000000 162.5000000000
19750000.000000 81.2500000000
19800000.000000 108.3333333333
19850000.000000 72.2222222222
19900000.000000 108.3333333333
19950000.000000 59.0909090909
20000000.000000 162.5000000000
20050000.000000 72.2222222222
20100000.000000 81.2500000000
