# time cluster_size count
50000.000000 1 1
50000.000000 599 1
100000.000000 1 13
100000.000000 97 1
100000.000000 198 1
100000.000000 292 1
150000.000000 1 16
150000.000000 2 1
150000.000000 7 1
150000.000000 282 1
150000.000000 293 1
200000.000000 1 23
200000.000000 2 2
200000.000000 5 1
200000.000000 7 1
200000.000000 88 1
200000.000000 473 1
250000.000000 1 21
250000.000000 2 2
250000.000000 3 1
250000.000000 4 1
250000.000000 87 1
250000.000000 481 1
300000.000000 1 20
300000.000000 2 2
300000.000000 4 1
300000.000000 87 1
300000.000000 485 1
350000.000000 1 20
350000.000000 2 8
350000.000000 5 1
350000.000000 84 1
350000.000000 191 1
350000.000000 284 1
400000.000000 1 25
400000.000000 2 6
400000.000000 82 1
400000.000000 481 1
450000.000000 1 26
450000.000000 2 2
450000.000000 3 1
450000.000000 567 1
500000.000000 1 31
500000.000000 2 3
500000.000000 3 1
500000.000000 80 1
500000.000000 480 1
550000.000000 1 28
550000.000000 2 3
550000.000000 6 1
550000.000000 80 1
550000.000000 480 1
600000.000000 1 28
600000.000000 2 4
600000.000000 564 1
650000.000000 1 29
650000.000000 2 3
650000.000000 3 2
650000.000000 559 1
700000.000000 1 33
700000.000000 2 4
700000.000000 3 3
700000.000000 7 1
700000.000000 543 1
750000.000000 1 26
750000.000000 2 8
750000.000000 7 1
750000.000000 94 1
750000.000000 457 1
800000.000000 1 33
800000.000000 2 3
800000.000000 7 1
800000.000000 137 1
800000.000000 417 1
850000.000000 1 25
850000.000000 2 5
850000.000000 4 1
850000.000000 6 1
850000.000000 7 1
850000.000000 95 1
850000.000000 109 1
850000.000000 344 1
900000.000000 1 25
900000.000000 2 4
900000.000000 3 1
900000.000000 7 1
900000.000000 79 1
900000.000000 97 1
900000.000000 381 1
950000.000000 1 26
950000.000000 2 5
950000.000000 3 2
950000.000000 7 1
950000.000000 76 1
950000.000000 475 1
1000000.000000 1 33
1000000.000000 2 3
1000000.000000 3 3
1000000.000000 83 1
1000000.000000 94 1
1000000.000000 375 1
1050000.000000 1 34
1050000.000000 2 2
1050000.000000 3 3
1050000.000000 4 1
1050000.000000 78 1
1050000.000000 95 1
1050000.000000 376 1
1100000.000000 1 40
1100000.000000 2 1
1100000.000000 83 1
1100000.000000 96 1
1100000.000000 379 1
1150000.000000 1 34
1150000.000000 2 3
1150000.000000 3 2
1150000.000000 78 1
1150000.000000 476 1
1200000.000000 1 25
1200000.000000 2 4
1200000.000000 3 1
1200000.000000 4 3
1200000.000000 78 1
1200000.000000 97 1
1200000.000000 377 1
1250000.000000 1 30
1250000.000000 2 9
1250000.000000 4 1
1250000.000000 80 1
1250000.000000 95 1
1250000.000000 373 1
1300000.000000 1 28
1300000.000000 2 5
1300000.000000 3 2
1300000.000000 83 1
1300000.000000 473 1
1350000.000000 1 26
1350000.000000 2 9
1350000.000000 556 1
1400000.000000 1 35
1400000.000000 2 7
1400000.000000 81 1
1400000.000000 470 1
1450000.000000 1 29
1450000.000000 2 4
1450000.000000 4 2
1450000.000000 83 1
1450000.000000 88 1
1450000.000000 384 1
1500000.000000 1 32
1500000.000000 2 1
1500000.000000 3 1
1500000.000000 4 1
1500000.000000 84 1
1500000.000000 475 1
1550000.000000 1 29
1550000.000000 2 4
1550000.000000 4 2
1550000.000000 83 1
1550000.000000 472 1
1600000.000000 1 31
1600000.000000 2 2
1600000.000000 3 2
1600000.000000 4 1
1600000.000000 80 1
1600000.000000 475 1
1650000.000000 1 34
1650000.000000 2 4
1650000.000000 3 1
1650000.000000 79 1
1650000.000000 476 1
1700000.000000 1 31
1700000.000000 2 5
1700000.000000 3 1
1700000.000000 81 1
1700000.000000 91 1
1700000.000000 384 1
1750000.000000 1 39
1750000.000000 2 3
1750000.000000 3 1
1750000.000000 79 1
1750000.000000 87 1
1750000.000000 386 1
1800000.000000 1 36
1800000.000000 2 3
1800000.000000 3 1
1800000.000000 4 1
1800000.000000 80 1
1800000.000000 88 1
1800000.000000 383 1
1850000.000000 1 30
1850000.000000 2 2
1850000.000000 3 3
1850000.000000 82 1
1850000.000000 90 1
1850000.000000 385 1
1900000.000000 1 31
1900000.000000 2 4
1900000.000000 3 2
1900000.000000 90 1
1900000.000000 465 1
1950000.000000 1 28
1950000.000000 2 1
1950000.000000 3 2
1950000.000000 4 1
1950000.000000 79 1
1950000.000000 92 1
1950000.000000 389 1
2000000.000000 1 34
2000000.000000 2 4
2000000.000000 4 1
2000000.000000 90 1
2000000.000000 464 1
2050000.000000 1 31
2050000.000000 2 4
2050000.000000 3 1
2050000.000000 78 1
2050000.000000 93 1
2050000.000000 387 1
2100000.000000 1 27
2100000.000000 2 3
2100000.000000 3 3
2100000.000000 93 1
2100000.000000 465 1
2150000.000000 1 25
2150000.000000 2 3
2150000.000000 3 4
2150000.000000 93 1
2150000.000000 464 1
2200000.000000 1 21
2200000.000000 2 4
2200000.000000 3 3
2200000.000000 4 1
2200000.000000 80 1
2200000.000000 94 1
2200000.000000 384 1
2250000.000000 1 27
2250000.000000 2 3
2250000.000000 3 1
2250000.000000 4 1
2250000.000000 94 1
2250000.000000 466 1
2300000.000000 1 32
2300000.000000 2 3
2300000.000000 3 2
2300000.000000 80 1
2300000.000000 93 1
2300000.000000 383 1
2350000.000000 1 33
2350000.000000 2 7
2350000.000000 3 1
2350000.000000 92 1
2350000.000000 458 1
2400000.000000 1 27
2400000.000000 2 6
2400000.000000 3 2
2400000.000000 555 1
2450000.000000 1 38
2450000.000000 2 7
2450000.000000 90 1
2450000.000000 458 1
2500000.000000 1 26
2500000.000000 2 6
2500000.000000 3 1
2500000.000000 4 1
2500000.000000 81 1
2500000.000000 91 1
2500000.000000 383 1
2550000.000000 1 30
2550000.000000 2 6
2550000.000000 3 3
2550000.000000 80 1
2550000.000000 89 1
2550000.000000 380 1
2600000.000000 1 27
2600000.000000 2 6
2600000.000000 3 1
2600000.000000 4 2
2600000.000000 91 1
2600000.000000 459 1
2650000.000000 1 35
2650000.000000 2 5
2650000.000000 3 2
2650000.000000 89 1
2650000.000000 115 1
2650000.000000 345 1
2700000.000000 1 29
2700000.000000 2 5
2700000.000000 3 1
2700000.000000 91 1
2700000.000000 119 1
2700000.000000 348 1
2750000.000000 1 31
2750000.000000 2 2
2750000.000000 3 2
2750000.000000 5 1
2750000.000000 91 1
2750000.000000 117 1
2750000.000000 346 1
2800000.000000 1 38
2800000.000000 2 1
2800000.000000 3 1
2800000.000000 5 1
2800000.000000 92 1
2800000.000000 118 1
2800000.000000 342 1
2850000.000000 1 37
2850000.000000 2 2
2850000.000000 3 1
2850000.000000 4 1
2850000.000000 92 1
2850000.000000 115 1
2850000.000000 345 1
2900000.000000 1 36
2900000.000000 2 4
2900000.000000 4 1
2900000.000000 94 1
2900000.000000 117 1
2900000.000000 341 1
2950000.000000 1 34
2950000.000000 2 5
2950000.000000 3 1
2950000.000000 96 1
2950000.000000 116 1
2950000.000000 341 1
3000000.000000 1 40
3000000.000000 2 4
3000000.000000 3 1
3000000.000000 4 1
3000000.000000 89 1
3000000.000000 118 1
3000000.000000 338 1
3050000.000000 1 43
3050000.000000 2 3
3050000.000000 92 1
3050000.000000 118 1
3050000.000000 341 1
3100000.000000 1 34
3100000.000000 2 4
3100000.000000 3 2
3100000.000000 89 1
3100000.000000 120 1
3100000.000000 343 1
3150000.000000 1 34
3150000.000000 2 4
3150000.000000 3 1
3150000.000000 93 1
3150000.000000 120 1
3150000.000000 342 1
3200000.000000 1 32
3200000.000000 2 5
3200000.000000 3 1
3200000.000000 90 1
3200000.000000 122 1
3200000.000000 343 1
3250000.000000 1 30
3250000.000000 2 8
3250000.000000 3 1
3250000.000000 92 1
3250000.000000 121 1
3250000.000000 338 1
3300000.000000 1 34
3300000.000000 2 6
3300000.000000 6 1
3300000.000000 91 1
3300000.000000 120 1
3300000.000000 337 1
3350000.000000 1 36
3350000.000000 2 3
3350000.000000 3 3
3350000.000000 5 1
3350000.000000 87 1
3350000.000000 122 1
3350000.000000 335 1
3400000.000000 1 33
3400000.000000 2 3
3400000.000000 3 4
3400000.000000 90 1
3400000.000000 120 1
3400000.000000 339 1
3450000.000000 1 36
3450000.000000 2 5
3450000.000000 3 2
3450000.000000 4 1
3450000.000000 91 1
3450000.000000 118 1
3450000.000000 335 1
3500000.000000 1 37
3500000.000000 2 4
3500000.000000 3 3
3500000.000000 91 1
3500000.000000 455 1
3550000.000000 1 39
3550000.000000 2 2
3550000.000000 3 6
3550000.000000 92 1
3550000.000000 112 1
3550000.000000 335 1
3600000.000000 1 40
3600000.000000 2 3
3600000.000000 3 2
3600000.000000 92 1
3600000.000000 117 1
3600000.000000 339 1
3650000.000000 1 32
3650000.000000 2 5
3650000.000000 4 1
3650000.000000 95 1
3650000.000000 118 1
3650000.000000 341 1
3700000.000000 1 31
3700000.000000 2 2
3700000.000000 3 3
3700000.000000 4 1
3700000.000000 94 1
3700000.000000 119 1
3700000.000000 339 1
3750000.000000 1 31
3750000.000000 2 4
3750000.000000 3 1
3750000.000000 4 2
3750000.000000 92 1
3750000.000000 117 1
3750000.000000 341 1
3800000.000000 1 40
3800000.000000 2 1
3800000.000000 3 2
3800000.000000 4 1
3800000.000000 92 1
3800000.000000 115 1
3800000.000000 341 1
3850000.000000 1 41
3850000.000000 2 3
3850000.000000 3 2
3850000.000000 93 1
3850000.000000 113 1
3850000.000000 341 1
3900000.000000 1 40
3900000.000000 2 5
3900000.000000 3 2
3900000.000000 93 1
3900000.000000 113 1
3900000.000000 338 1
3950000.000000 1 33
3950000.000000 2 8
3950000.000000 3 2
3950000.000000 90 1
3950000.000000 113 1
3950000.000000 342 1
4000000.000000 1 30
4000000.000000 2 6
4000000.000000 3 3
4000000.000000 4 2
4000000.000000 92 1
4000000.000000 111 1
4000000.000000 338 1
4050000.000000 1 39
4050000.000000 2 5
4050000.000000 3 2
4050000.000000 91 1
4050000.000000 111 1
4050000.000000 343 1
4100000.000000 1 40
4100000.000000 2 4
4100000.000000 7 1
4100000.000000 90 1
4100000.000000 111 1
4100000.000000 344 1
4150000.000000 1 37
4150000.000000 2 4
4150000.000000 3 1
4150000.000000 4 1
4150000.000000 6 1
4150000.000000 90 1
4150000.000000 109 1
4150000.000000 343 1
4200000.000000 1 28
4200000.000000 2 8
4200000.000000 4 1
4200000.000000 5 1
4200000.000000 92 1
4200000.000000 111 1
4200000.000000 344 1
4250000.000000 1 33
4250000.000000 2 4
4250000.000000 3 4
4250000.000000 5 1
4250000.000000 88 1
4250000.000000 110 1
4250000.000000 344 1
4300000.000000 1 39
4300000.000000 2 2
4300000.000000 3 3
4300000.000000 5 1
4300000.000000 89 1
4300000.000000 110 1
4300000.000000 344 1
4350000.000000 1 38
4350000.000000 2 5
4350000.000000 3 1
4350000.000000 4 1
4350000.000000 89 1
4350000.000000 107 1
4350000.000000 349 1
4400000.000000 1 33
4400000.000000 2 7
4400000.000000 3 3
4400000.000000 89 1
4400000.000000 104 1
4400000.000000 351 1
4450000.000000 1 35
4450000.000000 2 2
4450000.000000 3 3
4450000.000000 4 2
4450000.000000 88 1
4450000.000000 106 1
4450000.000000 350 1
4500000.000000 1 30
4500000.000000 2 6
4500000.000000 3 2
4500000.000000 4 1
4500000.000000 88 1
4500000.000000 107 1
4500000.000000 353 1
4550000.000000 1 34
4550000.000000 2 3
4550000.000000 4 3
4550000.000000 88 1
4550000.000000 107 1
4550000.000000 353 1
4600000.000000 1 32
4600000.000000 2 8
4600000.000000 3 1
4600000.000000 4 1
4600000.000000 88 1
4600000.000000 106 1
4600000.000000 351 1
4650000.000000 1 35
4650000.000000 2 7
4650000.000000 3 1
4650000.000000 89 1
4650000.000000 107 1
4650000.000000 352 1
4700000.000000 1 34
4700000.000000 2 5
4700000.000000 3 3
4700000.000000 89 1
4700000.000000 109 1
4700000.000000 349 1
4750000.000000 1 27
4750000.000000 2 7
4750000.000000 3 1
4750000.000000 92 1
4750000.000000 110 1
4750000.000000 354 1
4800000.000000 1 38
4800000.000000 2 7
4800000.000000 89 1
4800000.000000 107 1
4800000.000000 352 1
4850000.000000 1 37
4850000.000000 2 6
4850000.000000 4 1
4850000.000000 89 1
4850000.000000 107 1
4850000.000000 351 1
4900000.000000 1 33
4900000.000000 2 8
4900000.000000 3 1
4900000.000000 4 1
4900000.000000 90 1
4900000.000000 103 1
4900000.000000 351 1
4950000.000000 1 32
4950000.000000 2 5
4950000.000000 3 1
4950000.000000 4 2
4950000.000000 91 1
4950000.000000 103 1
4950000.000000 353 1
5000000.000000 1 28
5000000.000000 2 4
5000000.000000 3 2
5000000.000000 5 1
5000000.000000 91 1
5000000.000000 106 1
5000000.000000 356 1
5050000.000000 1 33
5050000.000000 2 7
5050000.000000 3 1
5050000.000000 4 1
5050000.000000 93 1
5050000.000000 98 1
5050000.000000 355 1
5100000.000000 1 37
5100000.000000 2 5
5100000.000000 4 1
5100000.000000 95 1
5100000.000000 98 1
5100000.000000 356 1
5150000.000000 1 32
5150000.000000 2 2
5150000.000000 3 2
5150000.000000 4 1
5150000.000000 5 1
5150000.000000 95 1
5150000.000000 97 1
5150000.000000 357 1
5200000.000000 1 34
5200000.000000 2 3
5200000.000000 3 2
5200000.000000 4 1
5200000.000000 5 1
5200000.000000 92 1
5200000.000000 453 1
5250000.000000 1 32
5250000.000000 3 4
5250000.000000 4 1
5250000.000000 94 1
5250000.000000 458 1
5300000.000000 1 35
5300000.000000 2 5
5300000.000000 3 1
5300000.000000 4 2
5300000.000000 93 1
5300000.000000 101 1
5300000.000000 350 1
5350000.000000 1 35
5350000.000000 2 8
5350000.000000 95 1
5350000.000000 101 1
5350000.000000 353 1
5400000.000000 1 36
5400000.000000 2 3
5400000.000000 3 1
5400000.000000 5 1
5400000.000000 93 1
5400000.000000 101 1
5400000.000000 356 1
5450000.000000 1 40
5450000.000000 2 2
5450000.000000 4 1
5450000.000000 95 1
5450000.000000 102 1
5450000.000000 355 1
5500000.000000 1 36
5500000.000000 2 7
5500000.000000 93 1
5500000.000000 457 1
5550000.000000 1 34
5550000.000000 2 5
5550000.000000 3 1
5550000.000000 6 1
5550000.000000 91 1
5550000.000000 456 1
5600000.000000 1 42
5600000.000000 2 2
5600000.000000 3 3
5600000.000000 4 1
5600000.000000 87 1
5600000.000000 98 1
5600000.000000 356 1
5650000.000000 1 38
5650000.000000 2 3
5650000.000000 3 1
5650000.000000 4 1
5650000.000000 5 1
5650000.000000 86 1
5650000.000000 99 1
5650000.000000 359 1
5700000.000000 1 31
5700000.000000 2 4
5700000.000000 3 1
5700000.000000 4 1
5700000.000000 7 1
5700000.000000 87 1
5700000.000000 460 1
5750000.000000 1 32
5750000.000000 2 7
5750000.000000 3 3
5750000.000000 7 1
5750000.000000 86 1
5750000.000000 97 1
5750000.000000 355 1
5800000.000000 1 33
5800000.000000 2 3
5800000.000000 3 1
5800000.000000 5 1
5800000.000000 83 1
5800000.000000 97 1
5800000.000000 373 1
5850000.000000 1 35
5850000.000000 2 5
5850000.000000 3 1
5850000.000000 4 2
5850000.000000 85 1
5850000.000000 96 1
5850000.000000 363 1
5900000.000000 1 28
5900000.000000 2 4
5900000.000000 4 4
5900000.000000 88 1
5900000.000000 99 1
5900000.000000 361 1
5950000.000000 1 33
5950000.000000 2 8
5950000.000000 3 3
5950000.000000 85 1
5950000.000000 97 1
5950000.000000 360 1
6000000.000000 1 32
6000000.000000 2 7
6000000.000000 3 2
6000000.000000 90 1
6000000.000000 95 1
6000000.000000 363 1
6050000.000000 1 36
6050000.000000 2 7
6050000.000000 3 2
6050000.000000 5 1
6050000.000000 86 1
6050000.000000 96 1
6050000.000000 357 1
6100000.000000 1 37
6100000.000000 2 5
6100000.000000 3 4
6100000.000000 4 1
6100000.000000 86 1
6100000.000000 94 1
6100000.000000 357 1
6150000.000000 1 33
6150000.000000 2 9
6150000.000000 4 2
6150000.000000 84 1
6150000.000000 93 1
6150000.000000 364 1
6200000.000000 1 47
6200000.000000 2 5
6200000.000000 3 1
6200000.000000 86 1
6200000.000000 94 1
6200000.000000 360 1
6250000.000000 1 36
6250000.000000 2 8
6250000.000000 3 1
6250000.000000 4 1
6250000.000000 87 1
6250000.000000 454 1
6300000.000000 1 44
6300000.000000 2 5
6300000.000000 5 1
6300000.000000 87 1
6300000.000000 92 1
6300000.000000 362 1
6350000.000000 1 37
6350000.000000 2 6
6350000.000000 5 1
6350000.000000 89 1
6350000.000000 92 1
6350000.000000 365 1
6400000.000000 1 41
6400000.000000 2 4
6400000.000000 3 1
6400000.000000 88 1
6400000.000000 93 1
6400000.000000 367 1
6450000.000000 1 29
6450000.000000 2 6
6450000.000000 3 2
6450000.000000 4 1
6450000.000000 87 1
6450000.000000 93 1
6450000.000000 369 1
6500000.000000 1 34
6500000.000000 2 2
6500000.000000 3 3
6500000.000000 5 1
6500000.000000 89 1
6500000.000000 93 1
6500000.000000 366 1
6550000.000000 1 33
6550000.000000 2 6
6550000.000000 3 1
6550000.000000 92 1
6550000.000000 94 1
6550000.000000 366 1
6600000.000000 1 43
6600000.000000 2 1
6600000.000000 3 2
6600000.000000 88 1
6600000.000000 95 1
6600000.000000 366 1
6650000.000000 1 36
6650000.000000 2 6
6650000.000000 3 1
6650000.000000 84 1
6650000.000000 95 1
6650000.000000 370 1
6700000.000000 1 40
6700000.000000 2 3
6700000.000000 3 2
6700000.000000 85 1
6700000.000000 94 1
6700000.000000 369 1
6750000.000000 1 37
6750000.000000 2 5
6750000.000000 3 2
6750000.000000 4 1
6750000.000000 84 1
6750000.000000 92 1
6750000.000000 367 1
6800000.000000 1 41
6800000.000000 2 4
6800000.000000 3 1
6800000.000000 84 1
6800000.000000 92 1
6800000.000000 372 1
6850000.000000 1 31
6850000.000000 2 5
6850000.000000 3 1
6850000.000000 4 1
6850000.000000 5 1
6850000.000000 84 1
6850000.000000 90 1
6850000.000000 373 1
6900000.000000 1 33
6900000.000000 2 5
6900000.000000 4 3
6900000.000000 85 1
6900000.000000 88 1
6900000.000000 372 1
6950000.000000 1 31
6950000.000000 2 5
6950000.000000 3 1
6950000.000000 5 1
6950000.000000 85 1
6950000.000000 92 1
6950000.000000 374 1
7000000.000000 1 39
7000000.000000 2 6
7000000.000000 3 2
7000000.000000 84 1
7000000.000000 90 1
7000000.000000 369 1
7050000.000000 1 36
7050000.000000 2 5
7050000.000000 3 2
7050000.000000 4 1
7050000.000000 83 1
7050000.000000 88 1
7050000.000000 373 1
7100000.000000 1 40
7100000.000000 2 8
7100000.000000 3 1
7100000.000000 86 1
7100000.000000 87 1
7100000.000000 368 1
7150000.000000 1 49
7150000.000000 2 6
7150000.000000 3 1
7150000.000000 81 1
7150000.000000 86 1
7150000.000000 369 1
7200000.000000 1 48
7200000.000000 2 5
7200000.000000 3 2
7200000.000000 82 1
7200000.000000 84 1
7200000.000000 370 1
7250000.000000 1 32
7250000.000000 2 7
7250000.000000 3 1
7250000.000000 4 2
7250000.000000 88 1
7250000.000000 455 1
7300000.000000 1 46
7300000.000000 2 4
7300000.000000 3 2
7300000.000000 85 1
7300000.000000 87 1
7300000.000000 368 1
7350000.000000 1 32
7350000.000000 2 5
7350000.000000 4 1
7350000.000000 5 2
7350000.000000 86 1
7350000.000000 87 1
7350000.000000 371 1
7400000.000000 1 37
7400000.000000 2 5
7400000.000000 3 1
7400000.000000 5 1
7400000.000000 86 1
7400000.000000 88 1
7400000.000000 371 1
7450000.000000 1 29
7450000.000000 2 8
7450000.000000 3 2
7450000.000000 4 2
7450000.000000 5 1
7450000.000000 87 1
7450000.000000 88 1
7450000.000000 361 1
7500000.000000 1 36
7500000.000000 2 7
7500000.000000 3 3
7500000.000000 86 1
7500000.000000 90 1
7500000.000000 365 1
7550000.000000 1 37
7550000.000000 2 2
7550000.000000 3 2
7550000.000000 4 2
7550000.000000 87 1
7550000.000000 88 1
7550000.000000 370 1
7600000.000000 1 34
7600000.000000 2 4
7600000.000000 4 3
7600000.000000 88 1
7600000.000000 89 1
7600000.000000 369 1
7650000.000000 1 31
7650000.000000 2 4
7650000.000000 3 1
7650000.000000 4 2
7650000.000000 87 1
7650000.000000 89 1
7650000.000000 374 1
7700000.000000 1 29
7700000.000000 2 3
7700000.000000 3 2
7700000.000000 88 1
7700000.000000 92 1
7700000.000000 379 1
7750000.000000 1 33
7750000.000000 2 5
7750000.000000 3 1
7750000.000000 89 2
7750000.000000 376 1
7800000.000000 1 34
7800000.000000 2 3
7800000.000000 3 1
7800000.000000 89 1
7800000.000000 93 1
7800000.000000 375 1
7850000.000000 1 33
7850000.000000 2 4
7850000.000000 4 1
7850000.000000 88 1
7850000.000000 90 1
7850000.000000 377 1
7900000.000000 1 37
7900000.000000 2 4
7900000.000000 3 1
7900000.000000 88 1
7900000.000000 89 1
7900000.000000 375 1
7950000.000000 1 35
7950000.000000 2 7
7950000.000000 3 1
7950000.000000 87 1
7950000.000000 88 1
7950000.000000 373 1
8000000.000000 1 34
8000000.000000 2 4
8000000.000000 3 4
8000000.000000 4 1
8000000.000000 85 1
8000000.000000 88 1
8000000.000000 369 1
8050000.000000 1 38
8050000.000000 2 4
8050000.000000 89 2
8050000.000000 376 1
8100000.000000 1 33
8100000.000000 2 3
8100000.000000 4 1
8100000.000000 87 1
8100000.000000 95 1
8100000.000000 375 1
8150000.000000 1 30
8150000.000000 2 6
8150000.000000 3 3
8150000.000000 87 1
8150000.000000 89 1
8150000.000000 373 1
8200000.000000 1 28
8200000.000000 2 4
8200000.000000 3 1
8200000.000000 4 1
8200000.000000 9 1
8200000.000000 86 1
8200000.000000 88 1
8200000.000000 374 1
8250000.000000 1 36
8250000.000000 2 4
8250000.000000 3 2
8250000.000000 9 1
8250000.000000 83 1
8250000.000000 86 1
8250000.000000 372 1
8300000.000000 1 32
8300000.000000 2 3
8300000.000000 4 2
8300000.000000 8 1
8300000.000000 84 1
8300000.000000 85 1
8300000.000000 377 1
8350000.000000 1 35
8350000.000000 2 6
8350000.000000 3 2
8350000.000000 7 1
8350000.000000 79 1
8350000.000000 82 1
8350000.000000 379 1
8400000.000000 1 42
8400000.000000 2 5
8400000.000000 3 1
8400000.000000 7 1
8400000.000000 81 1
8400000.000000 82 1
8400000.000000 375 1
8450000.000000 1 38
8450000.000000 2 6
8450000.000000 3 3
8450000.000000 4 1
8450000.000000 80 1
8450000.000000 82 1
8450000.000000 375 1
8500000.000000 1 35
8500000.000000 2 9
8500000.000000 3 2
8500000.000000 4 2
8500000.000000 76 1
8500000.000000 80 1
8500000.000000 377 1
8550000.000000 1 40
8550000.000000 2 6
8550000.000000 3 2
8550000.000000 81 1
8550000.000000 85 1
8550000.000000 376 1
8600000.000000 1 34
8600000.000000 2 8
8600000.000000 3 2
8600000.000000 8 1
8600000.000000 77 1
8600000.000000 80 1
8600000.000000 379 1
8650000.000000 1 36
8650000.000000 2 11
8650000.000000 80 1
8650000.000000 85 1
8650000.000000 377 1
8700000.000000 1 35
8700000.000000 2 6
8700000.000000 3 3
8700000.000000 6 1
8700000.000000 77 1
8700000.000000 79 1
8700000.000000 382 1
8750000.000000 1 36
8750000.000000 2 8
8750000.000000 3 1
8750000.000000 78 1
8750000.000000 85 1
8750000.000000 382 1
8800000.000000 1 36
8800000.000000 2 6
8800000.000000 3 2
8800000.000000 11 1
8800000.000000 77 1
8800000.000000 78 1
8800000.000000 380 1
8850000.000000 1 35
8850000.000000 2 7
8850000.000000 4 1
8850000.000000 80 1
8850000.000000 86 1
8850000.000000 381 1
8900000.000000 1 39
8900000.000000 2 5
8900000.000000 3 3
8900000.000000 4 1
8900000.000000 7 1
8900000.000000 75 1
8900000.000000 76 1
8900000.000000 380 1
8950000.000000 1 37
8950000.000000 2 8
8950000.000000 3 1
8950000.000000 5 1
8950000.000000 157 1
8950000.000000 382 1
9000000.000000 1 35
9000000.000000 2 8
9000000.000000 3 1
9000000.000000 4 1
9000000.000000 160 1
9000000.000000 382 1
9050000.000000 1 34
9050000.000000 2 8
9050000.000000 4 2
9050000.000000 156 1
9050000.000000 386 1
9100000.000000 1 27
9100000.000000 2 8
9100000.000000 3 3
9100000.000000 4 3
9100000.000000 78 1
9100000.000000 79 1
9100000.000000 379 1
9150000.000000 1 41
9150000.000000 2 10
9150000.000000 79 1
9150000.000000 80 1
9150000.000000 380 1
9200000.000000 1 41
9200000.000000 2 9
9200000.000000 78 1
9200000.000000 81 1
9200000.000000 382 1
9250000.000000 1 35
9250000.000000 2 7
9250000.000000 3 1
9250000.000000 162 1
9250000.000000 386 1
9300000.000000 1 44
9300000.000000 2 4
9300000.000000 3 2
9300000.000000 159 1
9300000.000000 383 1
9350000.000000 1 27
9350000.000000 2 8
9350000.000000 3 5
9350000.000000 4 1
9350000.000000 160 1
9350000.000000 378 1
9400000.000000 1 28
9400000.000000 2 7
9400000.000000 3 2
9400000.000000 4 1
9400000.000000 162 1
9400000.000000 386 1
9450000.000000 1 33
9450000.000000 2 14
9450000.000000 159 1
9450000.000000 380 1
9500000.000000 1 31
9500000.000000 2 7
9500000.000000 3 2
9500000.000000 167 1
9500000.000000 382 1
9550000.000000 1 31
9550000.000000 2 5
9550000.000000 3 2
9550000.000000 4 1
9550000.000000 79 1
9550000.000000 88 1
9550000.000000 382 1
9600000.000000 1 40
9600000.000000 2 3
9600000.000000 3 2
9600000.000000 164 1
9600000.000000 384 1
9650000.000000 1 39
9650000.000000 2 7
9650000.000000 3 1
9650000.000000 163 1
9650000.000000 381 1
9700000.000000 1 36
9700000.000000 2 5
9700000.000000 3 2
9700000.000000 75 1
9700000.000000 89 1
9700000.000000 384 1
9750000.000000 1 40
9750000.000000 2 5
9750000.000000 165 1
9750000.000000 385 1
9800000.000000 1 47
9800000.000000 2 7
9800000.000000 3 1
9800000.000000 158 1
9800000.000000 378 1
9850000.000000 1 31
9850000.000000 2 10
9850000.000000 3 2
9850000.000000 69 1
9850000.000000 92 1
9850000.000000 382 1
9900000.000000 1 36
9900000.000000 2 3
9900000.000000 3 2
9900000.000000 73 1
9900000.000000 93 1
9900000.000000 386 1
9950000.000000 1 33
9950000.000000 2 5
9950000.000000 3 2
9950000.000000 5 1
9950000.000000 72 1
9950000.000000 474 1
10000000.000000 1 30
10000000.000000 2 4
10000000.000000 3 2
10000000.000000 74 1
10000000.000000 482 1
10050000.000000 1 39
10050000.000000 2 6
10050000.000000 72 1
10050000.000000 95 1
10050000.000000 382 1
10100000.000000 1 34
10100000.000000 2 6
10100000.000000 77 1
10100000.000000 96 1
10100000.000000 381 1
10150000.000000 1 28
10150000.000000 2 6
10150000.000000 3 1
10150000.000000 75 1
10150000.000000 93 1
10150000.000000 389 1
10200000.000000 1 34
10200000.000000 2 4
10200000.000000 77 1
10200000.000000 95 1
10200000.000000 386 1
10250000.000000 1 42
10250000.000000 2 3
10250000.000000 4 1
10250000.000000 73 1
10250000.000000 88 1
10250000.000000 387 1
10300000.000000 1 33
10300000.000000 2 2
10300000.000000 79 1
10300000.000000 94 1
10300000.000000 390 1
10350000.000000 1 36
10350000.000000 2 4
10350000.000000 74 1
10350000.000000 95 1
10350000.000000 387 1
10400000.000000 1 32
10400000.000000 2 5
10400000.000000 74 1
10400000.000000 94 1
10400000.000000 390 1
10450000.000000 1 31
10450000.000000 2 3
10450000.000000 77 1
10450000.000000 92 1
10450000.000000 394 1
10500000.000000 1 34
10500000.000000 2 1
10500000.000000 4 1
10500000.000000 75 1
10500000.000000 93 1
10500000.000000 392 1
10550000.000000 1 33
10550000.000000 2 2
10550000.000000 3 1
10550000.000000 73 1
10550000.000000 95 1
10550000.000000 392 1
10600000.000000 1 32
10600000.000000 2 4
10600000.000000 3 1
10600000.000000 73 1
10600000.000000 94 1
10600000.000000 390 1
10650000.000000 1 29
10650000.000000 2 5
10650000.000000 3 1
10650000.000000 70 1
10650000.000000 96 1
10650000.000000 392 1
10700000.000000 1 36
10700000.000000 2 5
10700000.000000 4 1
10700000.000000 71 1
10700000.000000 90 1
10700000.000000 389 1
10750000.000000 1 34
10750000.000000 2 2
10750000.000000 3 1
10750000.000000 5 1
10750000.000000 73 1
10750000.000000 89 1
10750000.000000 392 1
10800000.000000 1 36
10800000.000000 2 3
10800000.000000 5 1
10800000.000000 73 1
10800000.000000 89 1
10800000.000000 391 1
10850000.000000 1 38
10850000.000000 2 3
10850000.000000 3 2
10850000.000000 70 1
10850000.000000 92 1
10850000.000000 388 1
10900000.000000 1 38
10900000.000000 2 3
10900000.000000 3 3
10900000.000000 158 1
10900000.000000 389 1
10950000.000000 1 31
10950000.000000 2 8
10950000.000000 3 1
10950000.000000 4 1
10950000.000000 70 1
10950000.000000 88 1
10950000.000000 388 1
11000000.000000 1 33
11000000.000000 2 7
11000000.000000 3 1
11000000.000000 67 1
11000000.000000 90 1
11000000.000000 393 1
11050000.000000 1 35
11050000.000000 2 10
11050000.000000 3 1
11050000.000000 68 1
11050000.000000 86 1
11050000.000000 388 1
11100000.000000 1 44
11100000.000000 2 4
11100000.000000 3 2
11100000.000000 67 1
11100000.000000 87 1
11100000.000000 388 1
11150000.000000 1 36
11150000.000000 2 5
11150000.000000 3 2
11150000.000000 71 1
11150000.000000 89 1
11150000.000000 388 1
11200000.000000 1 30
11200000.000000 2 9
11200000.000000 3 2
11200000.000000 4 1
11200000.000000 71 1
11200000.000000 84 1
11200000.000000 387 1
11250000.000000 1 26
11250000.000000 2 6
11250000.000000 3 1
11250000.000000 4 2
11250000.000000 74 1
11250000.000000 91 1
11250000.000000 386 1
11300000.000000 1 32
11300000.000000 2 7
11300000.000000 3 3
11300000.000000 76 1
11300000.000000 84 1
11300000.000000 385 1
11350000.000000 1 30
11350000.000000 2 9
11350000.000000 3 2
11350000.000000 76 1
11350000.000000 82 1
11350000.000000 388 1
11400000.000000 1 31
11400000.000000 2 3
11400000.000000 3 4
11400000.000000 4 1
11400000.000000 76 1
11400000.000000 83 1
11400000.000000 388 1
11450000.000000 1 24
11450000.000000 2 7
11450000.000000 3 3
11450000.000000 7 1
11450000.000000 74 1
11450000.000000 81 1
11450000.000000 391 1
11500000.000000 1 28
11500000.000000 2 8
11500000.000000 3 1
11500000.000000 5 1
11500000.000000 76 1
11500000.000000 79 1
11500000.000000 393 1
11550000.000000 1 22
11550000.000000 2 7
11550000.000000 3 3
11550000.000000 4 1
11550000.000000 73 1
11550000.000000 84 1
11550000.000000 394 1
11600000.000000 1 33
11600000.000000 2 4
11600000.000000 3 3
11600000.000000 4 2
11600000.000000 73 1
11600000.000000 75 1
11600000.000000 394 1
11650000.000000 1 25
11650000.000000 2 2
11650000.000000 3 2
11650000.000000 4 2
11650000.000000 7 1
11650000.000000 77 1
11650000.000000 78 1
11650000.000000 395 1
11700000.000000 1 29
11700000.000000 2 7
11700000.000000 3 2
11700000.000000 5 1
11700000.000000 74 1
11700000.000000 76 1
11700000.000000 396 1
11750000.000000 1 30
11750000.000000 2 5
11750000.000000 4 1
11750000.000000 5 1
11750000.000000 6 1
11750000.000000 74 1
11750000.000000 77 1
11750000.000000 394 1
11800000.000000 1 31
11800000.000000 2 4
11800000.000000 3 1
11800000.000000 4 1
11800000.000000 6 1
11800000.000000 75 1
11800000.000000 79 1
11800000.000000 394 1
11850000.000000 1 25
11850000.000000 2 8
11850000.000000 3 2
11850000.000000 4 1
11850000.000000 6 1
11850000.000000 73 1
11850000.000000 76 1
11850000.000000 394 1
11900000.000000 1 38
11900000.000000 2 6
11900000.000000 4 1
11900000.000000 76 1
11900000.000000 78 1
11900000.000000 392 1
11950000.000000 1 42
11950000.000000 2 2
11950000.000000 3 4
11950000.000000 72 1
11950000.000000 77 1
11950000.000000 393 1
12000000.000000 1 36
12000000.000000 2 3
12000000.000000 3 3
12000000.000000 5 1
12000000.000000 74 1
12000000.000000 79 1
12000000.000000 391 1
12050000.000000 1 38
12050000.000000 2 4
12050000.000000 3 1
12050000.000000 4 1
12050000.000000 5 1
12050000.000000 153 1
12050000.000000 389 1
12100000.000000 1 36
12100000.000000 2 5
12100000.000000 3 2
12100000.000000 155 1
12100000.000000 393 1
12150000.000000 1 33
12150000.000000 2 7
12150000.000000 4 1
12150000.000000 78 1
12150000.000000 81 1
12150000.000000 390 1
12200000.000000 1 31
12200000.000000 2 7
12200000.000000 3 1
12200000.000000 5 1
12200000.000000 77 1
12200000.000000 78 1
12200000.000000 392 1
12250000.000000 1 32
12250000.000000 2 5
12250000.000000 3 4
12250000.000000 4 1
12250000.000000 73 1
12250000.000000 77 1
12250000.000000 392 1
12300000.000000 1 30
12300000.000000 2 5
12300000.000000 4 1
12300000.000000 5 1
12300000.000000 6 2
12300000.000000 71 1
12300000.000000 78 1
12300000.000000 390 1
12350000.000000 1 32
12350000.000000 2 4
12350000.000000 3 2
12350000.000000 4 1
12350000.000000 5 1
12350000.000000 72 1
12350000.000000 78 1
12350000.000000 395 1
12400000.000000 1 35
12400000.000000 2 2
12400000.000000 3 2
12400000.000000 4 1
12400000.000000 5 1
12400000.000000 6 1
12400000.000000 73 1
12400000.000000 77 1
12400000.000000 390 1
12450000.000000 1 30
12450000.000000 2 7
12450000.000000 3 1
12450000.000000 80 1
12450000.000000 81 1
12450000.000000 392 1
12500000.000000 1 32
12500000.000000 2 7
12500000.000000 3 3
12500000.000000 73 1
12500000.000000 81 1
12500000.000000 391 1
12550000.000000 1 33
12550000.000000 2 6
12550000.000000 3 1
12550000.000000 4 1
12550000.000000 6 1
12550000.000000 71 1
12550000.000000 82 1
12550000.000000 389 1
12600000.000000 1 42
12600000.000000 2 6
12600000.000000 3 1
12600000.000000 4 1
12600000.000000 8 1
12600000.000000 147 1
12600000.000000 384 1
12650000.000000 1 45
12650000.000000 2 3
12650000.000000 3 2
12650000.000000 10 1
12650000.000000 68 1
12650000.000000 82 1
12650000.000000 383 1
12700000.000000 1 42
12700000.000000 2 7
12700000.000000 3 2
12700000.000000 9 1
12700000.000000 148 1
12700000.000000 381 1
12750000.000000 1 29
12750000.000000 2 10
12750000.000000 3 2
12750000.000000 6 1
12750000.000000 155 1
12750000.000000 384 1
12800000.000000 1 41
12800000.000000 2 6
12800000.000000 7 1
12800000.000000 71 1
12800000.000000 83 1
12800000.000000 386 1
12850000.000000 1 37
12850000.000000 2 8
12850000.000000 4 1
12850000.000000 78 1
12850000.000000 81 1
12850000.000000 384 1
12900000.000000 1 37
12900000.000000 2 4
12900000.000000 3 2
12900000.000000 4 1
12900000.000000 8 1
12900000.000000 73 1
12900000.000000 79 1
12900000.000000 385 1
12950000.000000 1 34
12950000.000000 2 4
12950000.000000 3 2
12950000.000000 4 1
12950000.000000 7 1
12950000.000000 72 1
12950000.000000 80 1
12950000.000000 389 1
13000000.000000 1 28
13000000.000000 2 5
13000000.000000 3 1
13000000.000000 4 1
13000000.000000 7 1
13000000.000000 78 1
13000000.000000 79 1
13000000.000000 391 1
13050000.000000 1 33
13050000.000000 2 4
13050000.000000 3 1
13050000.000000 4 1
13050000.000000 6 1
13050000.000000 74 1
13050000.000000 81 1
13050000.000000 391 1
13100000.000000 1 41
13100000.000000 2 6
13100000.000000 7 1
13100000.000000 73 1
13100000.000000 80 1
13100000.000000 387 1
13150000.000000 1 45
13150000.000000 2 8
13150000.000000 4 1
13150000.000000 72 1
13150000.000000 79 1
13150000.000000 384 1
13200000.000000 1 36
13200000.000000 2 6
13200000.000000 3 2
13200000.000000 79 1
13200000.000000 80 1
13200000.000000 387 1
13250000.000000 1 35
13250000.000000 2 5
13250000.000000 79 1
13250000.000000 80 1
13250000.000000 396 1
13300000.000000 1 36
13300000.000000 2 3
13300000.000000 4 1
13300000.000000 81 2
13300000.000000 392 1
13350000.000000 1 34
13350000.000000 2 5
13350000.000000 3 1
13350000.000000 79 1
13350000.000000 81 1
13350000.000000 393 1
13400000.000000 1 35
13400000.000000 2 3
13400000.000000 3 1
13400000.000000 80 1
13400000.000000 81 1
13400000.000000 395 1
13450000.000000 1 31
13450000.000000 2 4
13450000.000000 3 1
13450000.000000 80 1
13450000.000000 83 1
13450000.000000 395 1
13500000.000000 1 35
13500000.000000 2 4
13500000.000000 83 1
13500000.000000 474 1
13550000.000000 1 31
13550000.000000 2 3
13550000.000000 3 1
13550000.000000 77 1
13550000.000000 84 1
13550000.000000 399 1
13600000.000000 1 32
13600000.000000 2 3
13600000.000000 3 1
13600000.000000 77 1
13600000.000000 84 1
13600000.000000 398 1
13650000.000000 1 27
13650000.000000 2 5
13650000.000000 3 1
13650000.000000 4 1
13650000.000000 79 1
13650000.000000 84 1
13650000.000000 393 1
13700000.000000 1 27
13700000.000000 2 6
13700000.000000 3 1
13700000.000000 5 1
13700000.000000 79 1
13700000.000000 81 1
13700000.000000 393 1
13750000.000000 1 35
13750000.000000 2 4
13750000.000000 81 1
13750000.000000 84 1
13750000.000000 392 1
13800000.000000 1 32
13800000.000000 2 6
13800000.000000 3 1
13800000.000000 79 1
13800000.000000 81 1
13800000.000000 393 1
13850000.000000 1 29
13850000.000000 2 6
13850000.000000 4 1
13850000.000000 80 1
13850000.000000 81 1
13850000.000000 394 1
13900000.000000 1 26
13900000.000000 2 5
13900000.000000 3 1
13900000.000000 80 1
13900000.000000 84 1
13900000.000000 397 1
13950000.000000 1 24
13950000.000000 2 5
13950000.000000 3 2
13950000.000000 5 1
13950000.000000 161 1
13950000.000000 394 1
14000000.000000 1 27
14000000.000000 2 2
14000000.000000 3 4
14000000.000000 81 2
14000000.000000 395 1
14050000.000000 1 40
14050000.000000 2 3
14050000.000000 77 1
14050000.000000 80 1
14050000.000000 397 1
14100000.000000 1 27
14100000.000000 2 4
14100000.000000 3 1
14100000.000000 78 1
14100000.000000 84 1
14100000.000000 400 1
14150000.000000 1 28
14150000.000000 2 5
14150000.000000 3 1
14150000.000000 77 1
14150000.000000 85 1
14150000.000000 397 1
14200000.000000 1 29
14200000.000000 2 2
14200000.000000 3 1
14200000.000000 75 1
14200000.000000 86 1
14200000.000000 403 1
14250000.000000 1 29
14250000.000000 2 4
14250000.000000 3 2
14250000.000000 70 1
14250000.000000 87 1
14250000.000000 400 1
14300000.000000 1 29
14300000.000000 2 4
14300000.000000 3 1
14300000.000000 4 1
14300000.000000 70 1
14300000.000000 88 1
14300000.000000 398 1
14350000.000000 1 26
14350000.000000 2 4
14350000.000000 3 2
14350000.000000 4 1
14350000.000000 71 1
14350000.000000 88 1
14350000.000000 397 1
14400000.000000 1 30
14400000.000000 2 4
14400000.000000 4 2
14400000.000000 5 1
14400000.000000 71 1
14400000.000000 85 1
14400000.000000 393 1
14450000.000000 1 29
14450000.000000 2 8
14450000.000000 3 1
14450000.000000 5 1
14450000.000000 72 1
14450000.000000 84 1
14450000.000000 391 1
14500000.000000 1 33
14500000.000000 2 4
14500000.000000 3 2
14500000.000000 71 1
14500000.000000 84 1
14500000.000000 398 1
14550000.000000 1 32
14550000.000000 2 3
14550000.000000 5 1
14550000.000000 73 1
14550000.000000 82 1
14550000.000000 402 1
14600000.000000 1 30
14600000.000000 2 1
14600000.000000 3 1
14600000.000000 5 1
14600000.000000 77 1
14600000.000000 83 1
14600000.000000 400 1
14650000.000000 1 27
14650000.000000 2 6
14650000.000000 3 1
14650000.000000 6 1
14650000.000000 76 1
14650000.000000 476 1
14700000.000000 1 33
14700000.000000 2 3
14700000.000000 3 1
14700000.000000 76 1
14700000.000000 81 1
14700000.000000 401 1
14750000.000000 1 31
14750000.000000 2 6
14750000.000000 75 1
14750000.000000 82 1
14750000.000000 400 1
14800000.000000 1 37
14800000.000000 2 1
14800000.000000 3 3
14800000.000000 155 1
14800000.000000 397 1
14850000.000000 1 36
14850000.000000 2 6
14850000.000000 4 1
14850000.000000 152 1
14850000.000000 396 1
14900000.000000 1 36
14900000.000000 2 5
14900000.000000 3 1
14900000.000000 70 1
14900000.000000 83 1
14900000.000000 398 1
14950000.000000 1 38
14950000.000000 2 1
14950000.000000 3 1
14950000.000000 70 1
14950000.000000 88 1
14950000.000000 399 1
15000000.000000 1 35
15000000.000000 2 4
15000000.000000 3 1
15000000.000000 156 1
15000000.000000 398 1
15050000.000000 1 33
15050000.000000 2 3
15050000.000000 157 1
15050000.000000 404 1
15100000.000000 1 37
15100000.000000 3 1
15100000.000000 162 1
15100000.000000 398 1
15150000.000000 1 37
15150000.000000 2 4
15150000.000000 3 1
15150000.000000 150 1
15150000.000000 402 1
15200000.000000 1 39
15200000.000000 2 4
15200000.000000 3 1
15200000.000000 151 1
15200000.000000 399 1
15250000.000000 1 41
15250000.000000 2 4
15250000.000000 151 1
15250000.000000 400 1
15300000.000000 1 29
15300000.000000 2 4
15300000.000000 3 1
15300000.000000 4 1
15300000.000000 155 1
15300000.000000 401 1
15350000.000000 1 40
15350000.000000 2 3
15350000.000000 3 1
15350000.000000 6 1
15350000.000000 150 1
15350000.000000 395 1
15400000.000000 1 43
15400000.000000 2 4
15400000.000000 150 1
15400000.000000 399 1
15450000.000000 1 46
15450000.000000 2 3
15450000.000000 3 1
15450000.000000 150 1
15450000.000000 395 1
15500000.000000 1 35
15500000.000000 2 5
15500000.000000 4 1
15500000.000000 153 1
15500000.000000 398 1
15550000.000000 1 31
15550000.000000 2 6
15550000.000000 3 3
15550000.000000 5 1
15550000.000000 140 1
15550000.000000 403 1
15600000.000000 1 38
15600000.000000 2 6
15600000.000000 3 1
15600000.000000 4 1
15600000.000000 142 1
15600000.000000 401 1
15650000.000000 1 41
15650000.000000 2 5
15650000.000000 3 2
15650000.000000 4 3
15650000.000000 135 1
15650000.000000 396 1
15700000.000000 1 39
15700000.000000 2 7
15700000.000000 3 2
15700000.000000 4 2
15700000.000000 5 1
15700000.000000 137 1
15700000.000000 391 1
15750000.000000 1 32
15750000.000000 2 12
15750000.000000 3 6
15750000.000000 4 1
15750000.000000 134 1
15750000.000000 388 1
15800000.000000 1 42
15800000.000000 2 6
15800000.000000 3 2
15800000.000000 6 1
15800000.000000 8 1
15800000.000000 140 1
15800000.000000 386 1
15850000.000000 1 37
15850000.000000 2 4
15850000.000000 3 5
15850000.000000 4 2
15850000.000000 5 1
15850000.000000 137 1
15850000.000000 390 1
15900000.000000 1 44
15900000.000000 2 6
15900000.000000 3 1
15900000.000000 4 1
15900000.000000 5 1
15900000.000000 140 1
15900000.000000 392 1
15950000.000000 1 42
15950000.000000 2 8
15950000.000000 3 3
15950000.000000 142 1
15950000.000000 391 1
16000000.000000 1 38
16000000.000000 2 6
16000000.000000 3 2
16000000.000000 4 1
16000000.000000 5 1
16000000.000000 140 1
16000000.000000 395 1
16050000.000000 1 34
16050000.000000 2 6
16050000.000000 3 1
16050000.000000 4 2
16050000.000000 7 1
16050000.000000 140 1
16050000.000000 396 1
16100000.000000 1 44
16100000.000000 2 5
16100000.000000 3 1
16100000.000000 146 1
16100000.000000 397 1
16150000.000000 1 46
16150000.000000 2 3
16150000.000000 4 1
16150000.000000 5 1
16150000.000000 142 1
16150000.000000 397 1
16200000.000000 1 36
16200000.000000 2 8
16200000.000000 3 1
16200000.000000 5 1
16200000.000000 144 1
16200000.000000 396 1
16250000.000000 1 38
16250000.000000 2 7
16250000.000000 3 2
16250000.000000 4 1
16250000.000000 143 1
16250000.000000 395 1
16300000.000000 1 40
16300000.000000 2 8
16300000.000000 145 1
16300000.000000 399 1
16350000.000000 1 42
16350000.000000 2 3
16350000.000000 3 2
16350000.000000 147 1
16350000.000000 399 1
16400000.000000 1 35
16400000.000000 2 7
16400000.000000 3 2
16400000.000000 145 1
16400000.000000 400 1
16450000.000000 1 36
16450000.000000 2 5
16450000.000000 3 2
16450000.000000 147 1
16450000.000000 401 1
16500000.000000 1 39
16500000.000000 2 7
16500000.000000 3 3
16500000.000000 144 1
16500000.000000 394 1
16550000.000000 1 45
16550000.000000 2 5
16550000.000000 3 2
16550000.000000 143 1
16550000.000000 396 1
16600000.000000 1 39
16600000.000000 2 7
16600000.000000 3 1
16600000.000000 144 1
16600000.000000 400 1
16650000.000000 1 41
16650000.000000 2 7
16650000.000000 4 1
16650000.000000 144 1
16650000.000000 397 1
16700000.000000 1 30
16700000.000000 2 8
16700000.000000 3 2
16700000.000000 4 1
16700000.000000 147 1
16700000.000000 397 1
16750000.000000 1 35
16750000.000000 2 6
16750000.000000 3 3
16750000.000000 145 1
16750000.000000 399 1
16800000.000000 1 36
16800000.000000 2 5
16800000.000000 3 2
16800000.000000 4 1
16800000.000000 148 1
16800000.000000 396 1
16850000.000000 1 33
16850000.000000 2 2
16850000.000000 4 2
16850000.000000 151 1
16850000.000000 404 1
16900000.000000 1 30
16900000.000000 2 3
16900000.000000 3 4
16900000.000000 4 1
16900000.000000 145 1
16900000.000000 403 1
16950000.000000 1 31
16950000.000000 2 7
16950000.000000 3 1
16950000.000000 4 2
16950000.000000 5 1
16950000.000000 145 1
16950000.000000 394 1
17000000.000000 1 31
17000000.000000 2 8
17000000.000000 3 1
17000000.000000 6 1
17000000.000000 143 1
17000000.000000 401 1
17050000.000000 1 36
17050000.000000 2 5
17050000.000000 3 1
17050000.000000 4 1
17050000.000000 5 1
17050000.000000 144 1
17050000.000000 398 1
17100000.000000 1 29
17100000.000000 2 6
17100000.000000 3 2
17100000.000000 4 1
17100000.000000 6 1
17100000.000000 142 1
17100000.000000 401 1
17150000.000000 1 27
17150000.000000 2 5
17150000.000000 3 2
17150000.000000 4 1
17150000.000000 6 1
17150000.000000 145 1
17150000.000000 402 1
17200000.000000 1 31
17200000.000000 2 9
17200000.000000 3 2
17200000.000000 4 2
17200000.000000 142 1
17200000.000000 395 1
17250000.000000 1 33
17250000.000000 2 5
17250000.000000 3 3
17250000.000000 4 1
17250000.000000 141 1
17250000.000000 403 1
17300000.000000 1 40
17300000.000000 2 6
17300000.000000 4 1
17300000.000000 141 1
17300000.000000 403 1
17350000.000000 1 31
17350000.000000 2 5
17350000.000000 3 1
17350000.000000 5 1
17350000.000000 142 1
17350000.000000 409 1
17400000.000000 1 28
17400000.000000 2 8
17400000.000000 3 1
17400000.000000 145 1
17400000.000000 408 1
17450000.000000 1 34
17450000.000000 2 7
17450000.000000 3 1
17450000.000000 140 1
17450000.000000 409 1
17500000.000000 1 34
17500000.000000 2 3
17500000.000000 3 2
17500000.000000 4 1
17500000.000000 141 1
17500000.000000 409 1
17550000.000000 1 35
17550000.000000 2 9
17550000.000000 3 2
17550000.000000 137 1
17550000.000000 404 1
17600000.000000 1 33
17600000.000000 2 5
17600000.000000 3 2
17600000.000000 4 1
17600000.000000 143 1
17600000.000000 404 1
17650000.000000 1 34
17650000.000000 2 5
17650000.000000 3 4
17650000.000000 139 1
17650000.000000 405 1
17700000.000000 1 39
17700000.000000 2 5
17700000.000000 3 2
17700000.000000 140 1
17700000.000000 405 1
17750000.000000 1 34
17750000.000000 2 8
17750000.000000 6 1
17750000.000000 139 1
17750000.000000 405 1
17800000.000000 1 28
17800000.000000 2 3
17800000.000000 3 2
17800000.000000 5 2
17800000.000000 142 1
17800000.000000 408 1
17850000.000000 1 27
17850000.000000 2 4
17850000.000000 3 3
17850000.000000 4 1
17850000.000000 5 1
17850000.000000 144 1
17850000.000000 403 1
17900000.000000 1 27
17900000.000000 2 5
17900000.000000 4 3
17900000.000000 142 1
17900000.000000 409 1
17950000.000000 1 36
17950000.000000 2 6
17950000.000000 142 1
17950000.000000 410 1
18000000.000000 1 35
18000000.000000 2 8
18000000.000000 3 2
18000000.000000 141 1
18000000.000000 402 1
18050000.000000 1 32
18050000.000000 2 5
18050000.000000 3 2
18050000.000000 4 2
18050000.000000 137 1
18050000.000000 407 1
18100000.000000 1 30
18100000.000000 2 3
18100000.000000 3 1
18100000.000000 4 1
18100000.000000 5 2
18100000.000000 134 1
18100000.000000 413 1
18150000.000000 1 37
18150000.000000 2 3
18150000.000000 3 2
18150000.000000 4 1
18150000.000000 6 1
18150000.000000 133 1
18150000.000000 408 1
18200000.000000 1 36
18200000.000000 2 3
18200000.000000 3 2
18200000.000000 4 1
18200000.000000 5 1
18200000.000000 134 1
18200000.000000 409 1
18250000.000000 1 29
18250000.000000 2 5
18250000.000000 3 4
18250000.000000 4 1
18250000.000000 137 1
18250000.000000 408 1
18300000.000000 1 34
18300000.000000 2 4
18300000.000000 4 1
18300000.000000 5 1
18300000.000000 140 1
18300000.000000 409 1
18350000.000000 1 37
18350000.000000 2 5
18350000.000000 3 1
18350000.000000 4 1
18350000.000000 138 1
18350000.000000 408 1
18400000.000000 1 37
18400000.000000 2 6
18400000.000000 3 1
18400000.000000 139 1
18400000.000000 409 1
18450000.000000 1 33
18450000.000000 2 5
18450000.000000 3 1
18450000.000000 4 1
18450000.000000 137 1
18450000.000000 413 1
18500000.000000 1 39
18500000.000000 2 2
18500000.000000 4 1
18500000.000000 142 1
18500000.000000 411 1
18550000.000000 1 25
18550000.000000 2 7
18550000.000000 3 2
18550000.000000 4 2
18550000.000000 141 1
18550000.000000 406 1
18600000.000000 1 40
18600000.000000 2 2
18600000.000000 3 2
18600000.000000 4 1
18600000.000000 140 1
18600000.000000 406 1
18650000.000000 1 31
18650000.000000 2 6
18650000.000000 3 2
18650000.000000 4 1
18650000.000000 141 1
18650000.000000 406 1
18700000.000000 1 28
18700000.000000 2 7
18700000.000000 3 4
18700000.000000 4 1
18700000.000000 135 1
18700000.000000 407 1
18750000.000000 1 35
18750000.000000 2 5
18750000.000000 3 3
18750000.000000 4 1
18750000.000000 134 1
18750000.000000 408 1
18800000.000000 1 39
18800000.000000 2 3
18800000.000000 3 2
18800000.000000 4 1
18800000.000000 137 1
18800000.000000 408 1
18850000.000000 1 38
18850000.000000 2 4
18850000.000000 3 1
18850000.000000 142 1
18850000.000000 409 1
18900000.000000 1 43
18900000.000000 2 4
18900000.000000 3 1
18900000.000000 140 1
18900000.000000 406 1
18950000.000000 1 37
18950000.000000 2 4
18950000.000000 3 1
18950000.000000 4 2
18950000.000000 139 1
18950000.000000 405 1
19000000.000000 1 29
19000000.000000 2 7
19000000.000000 3 2
19000000.000000 140 1
19000000.000000 411 1
19050000.000000 1 36
19050000.000000 2 5
19050000.000000 3 1
19050000.000000 141 1
19050000.000000 410 1
19100000.000000 1 31
19100000.000000 2 3
19100000.000000 3 2
19100000.000000 4 1
19100000.000000 5 1
19100000.000000 137 1
19100000.000000 411 1
19150000.000000 1 36
19150000.000000 2 7
19150000.000000 142 1
19150000.000000 408 1
19200000.000000 1 29
19200000.000000 2 7
19200000.000000 3 1
19200000.000000 5 1
19200000.000000 135 1
19200000.000000 414 1
19250000.000000 1 25
19250000.000000 2 8
19250000.000000 3 1
19250000.000000 4 1
19250000.000000 139 1
19250000.000000 413 1
19300000.000000 1 28
19300000.000000 2 7
19300000.000000 3 2
19300000.000000 137 1
19300000.000000 415 1
19350000.000000 1 42
19350000.000000 2 4
19350000.000000 138 1
19350000.000000 412 1
19400000.000000 1 37
19400000.000000 2 3
19400000.000000 144 1
19400000.000000 413 1
19450000.000000 1 35
19450000.000000 2 2
19450000.000000 144 1
19450000.000000 417 1
19500000.000000 1 33
19500000.000000 2 3
19500000.000000 3 1
19500000.000000 143 1
19500000.000000 415 1
19550000.000000 1 30
19550000.000000 2 5
19550000.000000 3 1
19550000.000000 144 1
19550000.000000 413 1
19600000.000000 1 35
19600000.000000 4 2
19600000.000000 145 1
19600000.000000 412 1
19650000.000000 1 29
19650000.000000 2 4
19650000.000000 3 1
19650000.000000 145 1
19650000.000000 415 1
19700000.000000 1 31
19700000.000000 2 5
19700000.000000 3 1
19700000.000000 4 1
19700000.000000 139 1
19700000.000000 413 1
19750000.000000 1 22
19750000.000000 2 5
19750000.000000 3 2
19750000.000000 4 3
19750000.000000 139 1
19750000.000000 411 1
19800000.000000 1 25
19800000.000000 2 2
19800000.000000 3 5
19800000.000000 4 1
19800000.000000 141 1
19800000.000000 411 1
19850000.000000 1 24
19850000.000000 2 5
19850000.000000 3 1
19850000.000000 4 1
19850000.000000 5 1
19850000.000000 142 1
19850000.000000 412 1
19900000.000000 1 32
19900000.000000 2 4
19900000.000000 3 1
19900000.000000 145 1
19900000.000000 412 1
19950000.000000 1 26
19950000.000000 2 3
19950000.000000 3 3
19950000.000000 145 1
19950000.000000 414 1
20000000.000000 1 31
20000000.000000 2 4
20000000.000000 148 1
20000000.000000 413 1
