# time largest_cluster_rg
150000.000000 15.2431920766
200000.000000 15.3364874289
250000.000000 15.6997647055
300000.000000 15.7552892214
350000.000000 16.2331606091
400000.000000 17.3561280783
450000.000000 17.0474652145
500000.000000 16.5855933282
550000.000000 17.7514505054
600000.000000 18.8451392295
650000.000000 18.0519210847
700000.000000 16.0341365003
750000.000000 16.1612819984
800000.000000 18.3170793520
850000.000000 25.4126779117
900000.000000 19.3154220279
950000.000000 20.6126975509
1000000.000000 32.1979133364
1050000.000000 18.9858809119
1100000.000000 23.1122555522
1150000.000000 17.5685496989
1200000.000000 16.3015578230
1250000.000000 19.9465413194
1300000.000000 16.4123050943
1350000.000000 16.2132995058
1400000.000000 16.3978321710
1450000.000000 15.8689532904
1500000.000000 16.4860694988
1550000.000000 16.7777282279
1600000.000000 16.9413606602
1650000.000000 16.7101621194
1700000.000000 17.4780374832
1750000.000000 17.2034916432
1800000.000000 18.1003192576
1850000.000000 17.2478125756
1900000.000000 17.2515301773
1950000.000000 16.6391069152
2000000.000000 18.1671566558
2050000.000000 16.8903498926
2100000.000000 17.5038825454
2150000.000000 18.1019876440
2200000.000000 16.7212393450
2250000.000000 16.6938465702
2300000.000000 16.8980546900
2350000.000000 17.1132187516
2400000.000000 17.2447868370
2450000.000000 17.1780414788
2500000.000000 18.1124814450
2550000.000000 18.3183116316
2600000.000000 18.0646270464
2650000.000000 19.8941125204
2700000.000000 18.6854360995
2750000.000000 21.7309361501
2800000.000000 20.4702532999
2850000.000000 25.0791792656
2900000.000000 18.6592739221
2950000.000000 25.2970054432
3000000.000000 22.7468240002
3050000.000000 22.0883885614
3100000.000000 24.0022101072
3150000.000000 24.0228221770
3200000.000000 23.5742353095
3250000.000000 24.2404252753
3300000.000000 19.6944932361
3350000.000000 23.8372981016
3400000.000000 24.5224897255
3450000.000000 25.3651123772
3500000.000000 25.5486803652
3550000.000000 23.3248125087
3600000.000000 27.7240823418
3650000.000000 18.8764910014
3700000.000000 21.2967064974
3750000.000000 22.1249736555
3800000.000000 21.4267343400
3850000.000000 20.6202736453
3900000.000000 19.4896607258
3950000.000000 18.7296442634
4000000.000000 20.9846280069
4050000.000000 21.0889613817
4100000.000000 21.6324318015
4150000.000000 29.5669806386
4200000.000000 26.4066697055
4250000.000000 27.3510330331
4300000.000000 23.9764165123
4350000.000000 22.8914942214
4400000.000000 25.9539789247
4450000.000000 23.3277609791
4500000.000000 23.2355486418
4550000.000000 24.1728135622
4600000.000000 21.6522710824
4650000.000000 22.6564145205
4700000.000000 18.9490850692
4750000.000000 19.5738541801
4800000.000000 18.9029126573
4850000.000000 19.9539499205
4900000.000000 17.4238801662
4950000.000000 18.3744633545
5000000.000000 18.6194334344
5050000.000000 19.0249458675
5100000.000000 19.6837639530
5150000.000000 18.6337100270
5200000.000000 17.4477298779
5250000.000000 18.1580297468
5300000.000000 17.1053022205
5350000.000000 18.1823254386
5400000.000000 18.3365204340
5450000.000000 19.5131631951
5500000.000000 18.2827886431
5550000.000000 20.4823907921
5600000.000000 21.8213827593
5650000.000000 19.7859542459
5700000.000000 21.0744223021
5750000.000000 21.9083217318
5800000.000000 21.9835519953
5850000.000000 18.4458086443
5900000.000000 23.1485727937
5950000.000000 22.5909590601
6000000.000000 24.5954551579
6050000.000000 29.1317763402
6100000.000000 22.1341627273
6150000.000000 18.4643286257
6200000.000000 17.4572801119
6250000.000000 18.2230411510
6300000.000000 18.5540025311
6350000.000000 18.4476820794
6400000.000000 18.1275787968
6450000.000000 17.6193330566
6500000.000000 19.0224159793
6550000.000000 17.9766672409
6600000.000000 18.5728949014
6650000.000000 17.0330565959
6700000.000000 19.7491351989
6750000.000000 18.8504812243
6800000.000000 23.9559334523
6850000.000000 16.5195941488
6900000.000000 16.9218643401
6950000.000000 20.6896950140
7000000.000000 17.5957381056
7050000.000000 16.3525076937
7100000.000000 19.9201839433
7150000.000000 33.7435727813
7200000.000000 16.8650772852
7250000.000000 16.4012904762
7300000.000000 15.8768726858
7350000.000000 16.1258401316
7400000.000000 16.3963825197
7450000.000000 16.0239509148
7500000.000000 15.8181757966
7550000.000000 15.8594050800
7600000.000000 15.5641906252
7650000.000000 15.6789472126
7700000.000000 15.7324862603
7750000.000000 15.9962238333
7800000.000000 15.7761407922
7850000.000000 15.8709780666
7900000.000000 15.9825058272
7950000.000000 16.0145406998
8000000.000000 15.9943106197
8050000.000000 16.9591105889
8100000.000000 15.7512503403
8150000.000000 15.6725499910
8200000.000000 16.3958315666
8250000.000000 15.4027858854
8300000.000000 15.9579936090
8350000.000000 15.6594214828
8400000.000000 15.7254066502
8450000.000000 15.4675818992
8500000.000000 15.2601170759
8550000.000000 15.4666032283
8600000.000000 15.4937328397
8650000.000000 15.5395761727
8700000.000000 15.9890993866
8750000.000000 16.0125037108
8800000.000000 15.6000435259
8850000.000000 15.9006693754
8900000.000000 15.5573805412
8950000.000000 15.5926295805
9000000.000000 15.6257008175
9050000.000000 15.5652806768
9100000.000000 15.4958915206
9150000.000000 15.5168224963
9200000.000000 15.8220625440
9250000.000000 16.0237748536
9300000.000000 15.6077537076
9350000.000000 15.8624120224
9400000.000000 15.6263014258
9450000.000000 15.5060983479
9500000.000000 15.4740828329
9550000.000000 15.5212681886
9600000.000000 15.5381673626
9650000.000000 15.5569471292
9700000.000000 15.7187096717
9750000.000000 15.7580746254
9800000.000000 15.9288057649
9850000.000000 15.7825578557
9900000.000000 15.7432453545
9950000.000000 15.5807234668
10000000.000000 15.5894816795
10050000.000000 15.5739517800
10100000.000000 15.6557132813
10150000.000000 15.6604459557
10200000.000000 15.5260916349
10250000.000000 15.3690309839
10300000.000000 15.6780558553
10350000.000000 15.5208648146
10400000.000000 16.5730875345
10450000.000000 15.2499105983
10500000.000000 15.7235737251
10550000.000000 15.6877377879
10600000.000000 15.7272156147
10650000.000000 15.8978337057
10700000.000000 15.5875793880
10750000.000000 15.6452441079
10800000.000000 15.6609790533
10850000.000000 15.6688997636
10900000.000000 15.7509073551
10950000.000000 16.1671143667
11000000.000000 15.9275704360
11050000.000000 15.7035860187
11100000.000000 15.7502803318
11150000.000000 15.9131893480
11200000.000000 15.3737395336
11250000.000000 15.7525857279
11300000.000000 16.2799281122
11350000.000000 15.3583276583
11400000.000000 15.4092882603
11450000.000000 15.7742443342
11500000.000000 15.6970595722
11550000.000000 16.1627135732
11600000.000000 15.7041025982
11650000.000000 16.2220232000
11700000.000000 15.5109987506
11750000.000000 15.6035482958
11800000.000000 15.2747682019
11850000.000000 15.6787133428
11900000.000000 16.6863272354
11950000.000000 16.1848384403
12000000.000000 16.7427657210
12050000.000000 16.3713846346
12100000.000000 16.3845503940
12150000.000000 16.9608970453
12200000.000000 17.5084604783
12250000.000000 17.6715257078
12300000.000000 23.2349805933
12350000.000000 29.8148349554
12400000.000000 17.0170325691
12450000.000000 19.9778039420
12500000.000000 21.3037767621
12550000.000000 27.2441977596
12600000.000000 18.4512711156
12650000.000000 20.1235860101
12700000.000000 20.4340054555
12750000.000000 25.5742547879
12800000.000000 20.0403289655
12850000.000000 24.5839481216
12900000.000000 23.8191088693
12950000.000000 20.8653633629
13000000.000000 24.2466252053
13050000.000000 22.8537315079
13100000.000000 25.2373257853
13150000.000000 29.7096227069
13200000.000000 20.7867079247
13250000.000000 20.5553896110
13300000.000000 20.2576459653
13350000.000000 18.5100317306
13400000.000000 19.5931808987
13450000.000000 19.6456531901
13500000.000000 18.9976732430
13550000.000000 19.9987861928
13600000.000000 18.4640344394
13650000.000000 17.7166397882
13700000.000000 16.4143597226
13750000.000000 16.3776338168
13800000.000000 15.9038845934
13850000.000000 15.4714207274
13900000.000000 15.8979318341
13950000.000000 15.8588258310
14000000.000000 15.7168683151
14050000.000000 16.0751617983
14100000.000000 33.5879227104
14150000.000000 16.7922219630
14200000.000000 16.0523379822
14250000.000000 16.0377939592
14300000.000000 15.7361615296
14350000.000000 27.3745656889
14400000.000000 16.4898098754
14450000.000000 16.6777716503
14500000.000000 16.2070343509
14550000.000000 15.7579224900
14600000.000000 15.8501186469
14650000.000000 15.4007929189
14700000.000000 15.6124470015
14750000.000000 15.8350058147
14800000.000000 15.8919406120
14850000.000000 16.0738249454
14900000.000000 16.1042773325
14950000.000000 15.3166595389
15000000.000000 15.4978810865
15050000.000000 31.4367564249
15100000.000000 16.8263911577
15150000.000000 16.3742048655
15200000.000000 16.7793595886
15250000.000000 16.8050672488
15300000.000000 16.6444096415
15350000.000000 16.4542299058
15400000.000000 17.2431715395
15450000.000000 18.6004495416
15500000.000000 18.9034876422
15550000.000000 20.3291901065
15600000.000000 19.1026679618
15650000.000000 18.5100782038
15700000.000000 20.5890148831
15750000.000000 18.9922013089
15800000.000000 18.6487885120
15850000.000000 19.3518577633
15900000.000000 19.2820705882
15950000.000000 21.2472164504
16000000.000000 19.9028662123
16050000.000000 19.9210066741
16100000.000000 17.8438858288
16150000.000000 17.6539253211
16200000.000000 18.3642459419
16250000.000000 17.6179126364
16300000.000000 17.7621871612
16350000.000000 20.4496095997
16400000.000000 18.3963340410
16450000.000000 17.4027781720
16500000.000000 19.3362615199
16550000.000000 18.2725509558
16600000.000000 29.6887571691
16650000.000000 23.5659774790
16700000.000000 29.6310815007
16750000.000000 30.4874606078
16800000.000000 24.0623892120
16850000.000000 25.0514785235
16900000.000000 26.7247077051
16950000.000000 26.6247658377
17000000.000000 21.3034262285
17050000.000000 25.2836359009
17100000.000000 36.8455772412
17150000.000000 20.3265601919
17200000.000000 27.0090304139
17250000.000000 28.4137804674
17300000.000000 27.6167239718
17350000.000000 23.9284051553
17400000.000000 21.6284559822
17450000.000000 27.3078172990
17500000.000000 27.8339998986
17550000.000000 20.3767938106
17600000.000000 23.5007960892
17650000.000000 23.7303957556
17700000.000000 24.6869299215
17750000.000000 24.7841830094
17800000.000000 17.7945972845
17850000.000000 19.3772241378
17900000.000000 18.7745510473
17950000.000000 21.5219650605
18000000.000000 22.9365412364
18050000.000000 30.7332570537
18100000.000000 25.8259336159
18150000.000000 39.2998946618
18200000.000000 30.6072308983
18250000.000000 26.4780583862
18300000.000000 20.5598969402
18350000.000000 24.7259107269
18400000.000000 23.9716599518
18450000.000000 24.2046625962
18500000.000000 33.2444169418
18550000.000000 31.6113171071
18600000.000000 28.5873556404
18650000.000000 32.0845793601
18700000.000000 20.4151090631
18750000.000000 23.0603886961
18800000.000000 22.3271759138
18850000.000000 34.3940395901
18900000.000000 30.6107871182
18950000.000000 30.4062534122
19000000.000000 18.1654828408
19050000.000000 17.8135577794
19100000.000000 17.8059115884
19150000.000000 24.4106313940
19200000.000000 32.3255981341
19250000.000000 19.3593914113
19300000.000000 20.8400297547
19350000.000000 18.7272162177
19400000.000000 18.7714101957
19450000.000000 21.5359627085
19500000.000000 22.3516043346
19550000.000000 20.0965437332
19600000.000000 20.2605729262
19650000.000000 20.0634381419
19700000.000000 19.3881018069
19750000.000000 17.2750193327
19800000.000000 20.6498955591
19850000.000000 20.0464980600
19900000.000000 19.6752205384
19950000.000000 18.6338886273
20000000.000000 19.1855434117
20050000.000000 17.4980584610
20100000.000000 16.5579808803
