# time cluster_size count
150000.000000 650 1
200000.000000 1 6
200000.000000 644 1
250000.000000 1 8
250000.000000 2 2
250000.000000 638 1
300000.000000 1 17
300000.000000 2 2
300000.000000 629 1
350000.000000 1 16
350000.000000 2 2
350000.000000 630 1
400000.000000 1 20
400000.000000 3 1
400000.000000 627 1
450000.000000 1 17
450000.000000 2 1
450000.000000 631 1
500000.000000 1 14
500000.000000 2 2
500000.000000 632 1
550000.000000 1 19
550000.000000 2 5
550000.000000 621 1
600000.000000 1 18
600000.000000 2 4
600000.000000 624 1
650000.000000 1 13
650000.000000 2 3
650000.000000 631 1
700000.000000 1 22
700000.000000 2 4
700000.000000 3 1
700000.000000 617 1
750000.000000 1 18
750000.000000 2 5
750000.000000 3 1
750000.000000 619 1
800000.000000 1 22
800000.000000 2 4
800000.000000 620 1
850000.000000 1 20
850000.000000 2 1
850000.000000 3 1
850000.000000 625 1
900000.000000 1 19
900000.000000 2 2
900000.000000 627 1
950000.000000 1 19
950000.000000 2 1
950000.000000 629 1
1000000.000000 1 18
1000000.000000 2 1
1000000.000000 4 1
1000000.000000 626 1
1050000.000000 1 15
1050000.000000 2 1
1050000.000000 3 1
1050000.000000 630 1
1100000.000000 1 15
1100000.000000 2 3
1100000.000000 629 1
1150000.000000 1 17
1150000.000000 2 4
1150000.000000 5 1
1150000.000000 620 1
1200000.000000 1 24
1200000.000000 2 2
1200000.000000 3 1
1200000.000000 619 1
1250000.000000 1 19
1250000.000000 2 4
1250000.000000 3 1
1250000.000000 620 1
1300000.000000 1 12
1300000.000000 2 2
1300000.000000 3 1
1300000.000000 631 1
1350000.000000 1 18
1350000.000000 2 3
1350000.000000 626 1
1400000.000000 1 23
1400000.000000 2 4
1400000.000000 619 1
1450000.000000 1 20
1450000.000000 2 1
1450000.000000 3 1
1450000.000000 625 1
1500000.000000 1 26
1500000.000000 2 4
1500000.000000 616 1
1550000.000000 1 21
1550000.000000 2 3
1550000.000000 623 1
1600000.000000 1 12
1600000.000000 2 4
1600000.000000 4 1
1600000.000000 626 1
1650000.000000 1 15
1650000.000000 2 2
1650000.000000 631 1
1700000.000000 1 15
1700000.000000 2 2
1700000.000000 3 1
1700000.000000 4 1
1700000.000000 624 1
1750000.000000 1 17
1750000.000000 2 3
1750000.000000 627 1
1800000.000000 1 23
1800000.000000 2 1
1800000.000000 625 1
1850000.000000 1 20
1850000.000000 2 2
1850000.000000 626 1
1900000.000000 1 14
1900000.000000 2 3
1900000.000000 3 1
1900000.000000 627 1
1950000.000000 1 19
1950000.000000 2 2
1950000.000000 627 1
2000000.000000 1 14
2000000.000000 2 2
2000000.000000 4 1
2000000.000000 628 1
2050000.000000 1 19
2050000.000000 2 4
2050000.000000 3 2
2050000.000000 617 1
2100000.000000 1 11
2100000.000000 2 2
2100000.000000 4 2
2100000.000000 6 1
2100000.000000 621 1
2150000.000000 1 24
2150000.000000 2 3
2150000.000000 620 1
2200000.000000 1 20
2200000.000000 2 4
2200000.000000 3 1
2200000.000000 619 1
2250000.000000 1 13
2250000.000000 2 4
2250000.000000 3 1
2250000.000000 626 1
2300000.000000 1 18
2300000.000000 3 1
2300000.000000 629 1
2350000.000000 1 15
2350000.000000 4 1
2350000.000000 631 1
2400000.000000 1 9
2400000.000000 2 5
2400000.000000 3 2
2400000.000000 625 1
2450000.000000 1 17
2450000.000000 2 5
2450000.000000 3 1
2450000.000000 620 1
2500000.000000 1 13
2500000.000000 2 3
2500000.000000 631 1
2550000.000000 1 13
2550000.000000 2 3
2550000.000000 3 2
2550000.000000 625 1
2600000.000000 1 17
2600000.000000 2 5
2600000.000000 623 1
2650000.000000 1 16
2650000.000000 2 2
2650000.000000 3 2
2650000.000000 624 1
2700000.000000 1 18
2700000.000000 2 3
2700000.000000 626 1
2750000.000000 1 18
2750000.000000 2 3
2750000.000000 3 1
2750000.000000 623 1
2800000.000000 1 17
2800000.000000 2 5
2800000.000000 3 3
2800000.000000 614 1
2850000.000000 1 21
2850000.000000 2 1
2850000.000000 627 1
2900000.000000 1 16
2900000.000000 2 4
2900000.000000 626 1
2950000.000000 1 11
2950000.000000 2 2
2950000.000000 635 1
3000000.000000 1 20
3000000.000000 2 2
3000000.000000 3 1
3000000.000000 623 1
3050000.000000 1 19
3050000.000000 2 5
3050000.000000 3 1
3050000.000000 618 1
3100000.000000 1 23
3100000.000000 2 3
3100000.000000 3 1
3100000.000000 618 1
3150000.000000 1 19
3150000.000000 2 4
3150000.000000 623 1
3200000.000000 1 30
3200000.000000 2 1
3200000.000000 618 1
3250000.000000 1 24
3250000.000000 2 3
3250000.000000 5 1
3250000.000000 615 1
3300000.000000 1 20
3300000.000000 2 3
3300000.000000 3 1
3300000.000000 621 1
3350000.000000 1 16
3350000.000000 3 1
3350000.000000 631 1
3400000.000000 1 23
3400000.000000 2 3
3400000.000000 621 1
3450000.000000 1 26
3450000.000000 3 1
3450000.000000 621 1
3500000.000000 1 17
3500000.000000 4 1
3500000.000000 629 1
3550000.000000 1 16
3550000.000000 2 3
3550000.000000 3 1
3550000.000000 625 1
3600000.000000 1 20
3600000.000000 2 2
3600000.000000 626 1
3650000.000000 1 19
3650000.000000 2 3
3650000.000000 3 2
3650000.000000 4 1
3650000.000000 615 1
3700000.000000 1 15
3700000.000000 2 1
3700000.000000 5 1
3700000.000000 628 1
3750000.000000 1 22
3750000.000000 2 3
3750000.000000 3 2
3750000.000000 616 1
3800000.000000 1 20
3800000.000000 2 4
3800000.000000 3 1
3800000.000000 619 1
3850000.000000 1 11
3850000.000000 2 2
3850000.000000 3 2
3850000.000000 629 1
3900000.000000 1 22
3900000.000000 2 3
3900000.000000 3 1
3900000.000000 619 1
3950000.000000 1 20
3950000.000000 2 3
3950000.000000 4 1
3950000.000000 620 1
4000000.000000 1 19
4000000.000000 2 2
4000000.000000 3 1
4000000.000000 624 1
4050000.000000 1 27
4050000.000000 2 3
4050000.000000 617 1
4100000.000000 1 16
4100000.000000 2 2
4100000.000000 3 1
4100000.000000 627 1
4150000.000000 1 19
4150000.000000 2 3
4150000.000000 3 1
4150000.000000 622 1
4200000.000000 1 21
4200000.000000 2 5
4200000.000000 619 1
4250000.000000 1 17
4250000.000000 2 2
4250000.000000 3 2
4250000.000000 623 1
4300000.000000 1 14
4300000.000000 2 2
4300000.000000 7 1
4300000.000000 625 1
4350000.000000 1 27
4350000.000000 623 1
4400000.000000 1 14
4400000.000000 2 3
4400000.000000 3 1
4400000.000000 4 1
4400000.000000 623 1
4450000.000000 1 19
4450000.000000 2 1
4450000.000000 629 1
4500000.000000 1 15
4500000.000000 2 3
4500000.000000 3 2
4500000.000000 623 1
4550000.000000 1 21
4550000.000000 2 3
4550000.000000 3 1
4550000.000000 620 1
4600000.000000 1 20
4600000.000000 2 4
4600000.000000 3 2
4600000.000000 616 1
4650000.000000 1 14
4650000.000000 2 2
4650000.000000 3 1
4650000.000000 629 1
4700000.000000 1 14
4700000.000000 2 6
4700000.000000 3 1
4700000.000000 621 1
4750000.000000 1 15
4750000.000000 2 1
4750000.000000 3 2
4750000.000000 5 1
4750000.000000 622 1
4800000.000000 1 14
4800000.000000 2 3
4800000.000000 3 1
4800000.000000 627 1
4850000.000000 1 15
4850000.000000 2 2
4850000.000000 3 1
4850000.000000 628 1
4900000.000000 1 11
4900000.000000 2 1
4900000.000000 3 1
4900000.000000 634 1
4950000.000000 1 15
4950000.000000 2 2
4950000.000000 631 1
5000000.000000 1 14
5000000.000000 2 3
5000000.000000 3 1
5000000.000000 627 1
5050000.000000 1 19
5050000.000000 2 4
5050000.000000 3 1
5050000.000000 620 1
5100000.000000 1 19
5100000.000000 2 3
5100000.000000 4 1
5100000.000000 621 1
5150000.000000 1 21
5150000.000000 2 3
5150000.000000 623 1
5200000.000000 1 21
5200000.000000 2 4
5200000.000000 621 1
5250000.000000 1 20
5250000.000000 2 4
5250000.000000 3 2
5250000.000000 616 1
5300000.000000 1 14
5300000.000000 2 4
5300000.000000 628 1
5350000.000000 1 15
5350000.000000 2 2
5350000.000000 3 1
5350000.000000 628 1
5400000.000000 1 20
5400000.000000 2 2
5400000.000000 3 1
5400000.000000 623 1
5450000.000000 1 19
5450000.000000 2 1
5450000.000000 3 3
5450000.000000 620 1
5500000.000000 1 13
5500000.000000 2 4
5500000.000000 6 1
5500000.000000 623 1
5550000.000000 1 13
5550000.000000 2 2
5550000.000000 3 3
5550000.000000 624 1
5600000.000000 1 19
5600000.000000 2 4
5600000.000000 623 1
5650000.000000 1 20
5650000.000000 2 1
5650000.000000 628 1
5700000.000000 1 19
5700000.000000 2 2
5700000.000000 3 2
5700000.000000 4 1
5700000.000000 617 1
5750000.000000 1 20
5750000.000000 2 2
5750000.000000 4 1
5750000.000000 622 1
5800000.000000 1 20
5800000.000000 2 4
5800000.000000 3 1
5800000.000000 619 1
5850000.000000 1 22
5850000.000000 2 2
5850000.000000 624 1
5900000.000000 1 16
5900000.000000 2 2
5900000.000000 3 2
5900000.000000 624 1
5950000.000000 1 16
5950000.000000 2 1
5950000.000000 632 1
6000000.000000 1 17
6000000.000000 2 3
6000000.000000 627 1
6050000.000000 1 14
6050000.000000 2 4
6050000.000000 4 1
6050000.000000 624 1
6100000.000000 1 14
6100000.000000 2 1
6100000.000000 634 1
6150000.000000 1 22
6150000.000000 2 2
6150000.000000 624 1
6200000.000000 1 22
6200000.000000 2 1
6200000.000000 3 1
6200000.000000 623 1
6250000.000000 1 20
6250000.000000 2 4
6250000.000000 3 1
6250000.000000 619 1
6300000.000000 1 22
6300000.000000 2 3
6300000.000000 3 2
6300000.000000 4 1
6300000.000000 612 1
6350000.000000 1 26
6350000.000000 2 2
6350000.000000 4 2
6350000.000000 612 1
6400000.000000 1 20
6400000.000000 2 4
6400000.000000 4 1
6400000.000000 618 1
6450000.000000 1 26
6450000.000000 2 1
6450000.000000 622 1
6500000.000000 1 21
6500000.000000 2 1
6500000.000000 627 1
6550000.000000 1 17
6550000.000000 2 1
6550000.000000 3 2
6550000.000000 625 1
6600000.000000 1 11
6600000.000000 2 4
6600000.000000 4 1
6600000.000000 627 1
6650000.000000 1 18
6650000.000000 2 2
6650000.000000 628 1
6700000.000000 1 12
6700000.000000 2 2
6700000.000000 634 1
6750000.000000 1 21
6750000.000000 629 1
6800000.000000 1 22
6800000.000000 2 2
6800000.000000 624 1
6850000.000000 1 16
6850000.000000 2 3
6850000.000000 3 1
6850000.000000 625 1
6900000.000000 1 17
6900000.000000 2 2
6900000.000000 6 1
6900000.000000 623 1
6950000.000000 1 21
6950000.000000 2 3
6950000.000000 3 1
6950000.000000 620 1
7000000.000000 1 22
7000000.000000 2 2
7000000.000000 624 1
7050000.000000 1 14
7050000.000000 2 1
7050000.000000 4 1
7050000.000000 630 1
7100000.000000 1 14
7100000.000000 2 2
7100000.000000 3 1
7100000.000000 629 1
7150000.000000 1 14
7150000.000000 3 1
7150000.000000 4 2
7150000.000000 625 1
7200000.000000 1 19
7200000.000000 2 1
7200000.000000 4 1
7200000.000000 625 1
7250000.000000 1 22
7250000.000000 2 7
7250000.000000 614 1
7300000.000000 1 23
7300000.000000 2 4
7300000.000000 619 1
7350000.000000 1 18
7350000.000000 2 3
7350000.000000 626 1
7400000.000000 1 19
7400000.000000 2 2
7400000.000000 3 1
7400000.000000 624 1
7450000.000000 1 21
7450000.000000 629 1
7500000.000000 1 20
7500000.000000 2 1
7500000.000000 3 4
7500000.000000 616 1
7550000.000000 1 24
7550000.000000 2 4
7550000.000000 3 1
7550000.000000 4 1
7550000.000000 611 1
7600000.000000 1 15
7600000.000000 2 1
7600000.000000 3 1
7600000.000000 4 1
7600000.000000 626 1
7650000.000000 1 12
7650000.000000 2 3
7650000.000000 632 1
7700000.000000 1 16
7700000.000000 2 2
7700000.000000 630 1
7750000.000000 1 13
7750000.000000 2 2
7750000.000000 633 1
7800000.000000 1 8
7800000.000000 2 2
7800000.000000 3 1
7800000.000000 635 1
7850000.000000 1 14
7850000.000000 2 1
7850000.000000 634 1
7900000.000000 1 19
7900000.000000 2 4
7900000.000000 623 1
7950000.000000 1 12
7950000.000000 2 4
7950000.000000 630 1
8000000.000000 1 7
8000000.000000 2 2
8000000.000000 4 1
8000000.000000 635 1
8050000.000000 1 17
8050000.000000 2 1
8050000.000000 3 1
8050000.000000 628 1
8100000.000000 1 10
8100000.000000 2 4
8100000.000000 4 1
8100000.000000 5 1
8100000.000000 623 1
8150000.000000 1 10
8150000.000000 2 2
8150000.000000 636 1
8200000.000000 1 10
8200000.000000 2 2
8200000.000000 3 2
8200000.000000 630 1
8250000.000000 1 17
8250000.000000 2 3
8250000.000000 627 1
8300000.000000 1 17
8300000.000000 2 1
8300000.000000 631 1
8350000.000000 1 8
8350000.000000 2 3
8350000.000000 3 2
8350000.000000 630 1
8400000.000000 1 16
8400000.000000 2 4
8400000.000000 3 1
8400000.000000 623 1
8450000.000000 1 9
8450000.000000 2 1
8450000.000000 3 1
8450000.000000 636 1
8500000.000000 1 14
8500000.000000 2 5
8500000.000000 626 1
8550000.000000 1 15
8550000.000000 2 1
8550000.000000 3 1
8550000.000000 630 1
8600000.000000 1 21
8600000.000000 2 1
8600000.000000 3 1
8600000.000000 624 1
8650000.000000 1 18
8650000.000000 3 1
8650000.000000 629 1
8700000.000000 1 24
8700000.000000 2 1
8700000.000000 3 1
8700000.000000 621 1
8750000.000000 1 23
8750000.000000 2 3
8750000.000000 3 1
8750000.000000 618 1
8800000.000000 1 22
8800000.000000 2 4
8800000.000000 620 1
8850000.000000 1 20
8850000.000000 2 4
8850000.000000 3 2
8850000.000000 616 1
8900000.000000 1 17
8900000.000000 2 7
8900000.000000 3 1
8900000.000000 616 1
8950000.000000 1 19
8950000.000000 2 1
8950000.000000 3 1
8950000.000000 626 1
9000000.000000 1 21
9000000.000000 2 4
9000000.000000 3 1
9000000.000000 618 1
9050000.000000 1 28
9050000.000000 2 2
9050000.000000 618 1
9100000.000000 1 18
9100000.000000 2 1
9100000.000000 630 1
9150000.000000 1 23
9150000.000000 3 1
9150000.000000 624 1
9200000.000000 1 15
9200000.000000 2 4
9200000.000000 4 2
9200000.000000 619 1
9250000.000000 1 18
9250000.000000 2 1
9250000.000000 630 1
9300000.000000 1 14
9300000.000000 2 3
9300000.000000 3 1
9300000.000000 627 1
9350000.000000 1 20
9350000.000000 2 1
9350000.000000 4 1
9350000.000000 624 1
9400000.000000 1 13
9400000.000000 2 1
9400000.000000 3 1
9400000.000000 632 1
9450000.000000 1 14
9450000.000000 2 4
9450000.000000 628 1
9500000.000000 1 20
9500000.000000 2 3
9500000.000000 3 1
9500000.000000 621 1
9550000.000000 1 19
9550000.000000 2 2
9550000.000000 3 1
9550000.000000 624 1
9600000.000000 1 16
9600000.000000 2 2
9600000.000000 3 1
9600000.000000 627 1
9650000.000000 1 23
9650000.000000 2 2
9650000.000000 5 1
9650000.000000 618 1
9700000.000000 1 18
9700000.000000 2 4
9700000.000000 3 1
9700000.000000 621 1
9750000.000000 1 14
9750000.000000 2 3
9750000.000000 3 2
9750000.000000 624 1
9800000.000000 1 13
9800000.000000 2 3
9800000.000000 631 1
9850000.000000 1 18
9850000.000000 2 3
9850000.000000 626 1
9900000.000000 1 20
9900000.000000 2 3
9900000.000000 624 1
9950000.000000 1 16
9950000.000000 2 2
9950000.000000 3 2
9950000.000000 624 1
10000000.000000 1 16
10000000.000000 2 2
10000000.000000 3 1
10000000.000000 627 1
10050000.000000 1 17
10050000.000000 2 1
10050000.000000 3 1
10050000.000000 5 1
10050000.000000 623 1
10100000.000000 1 18
10100000.000000 2 1
10100000.000000 3 2
10100000.000000 624 1
10150000.000000 1 15
10150000.000000 2 1
10150000.000000 3 1
10150000.000000 4 1
10150000.000000 626 1
10200000.000000 1 23
10200000.000000 2 2
10200000.000000 6 1
10200000.000000 617 1
10250000.000000 1 16
10250000.000000 2 5
10250000.000000 3 1
10250000.000000 621 1
10300000.000000 1 22
10300000.000000 2 1
10300000.000000 3 1
10300000.000000 4 1
10300000.000000 619 1
10350000.000000 1 17
10350000.000000 2 2
10350000.000000 3 1
10350000.000000 626 1
10400000.000000 1 21
10400000.000000 2 3
10400000.000000 623 1
10450000.000000 1 16
10450000.000000 2 3
10450000.000000 628 1
10500000.000000 1 22
10500000.000000 2 2
10500000.000000 3 1
10500000.000000 4 1
10500000.000000 617 1
10550000.000000 1 14
10550000.000000 2 4
10550000.000000 628 1
10600000.000000 1 19
10600000.000000 2 2
10600000.000000 3 1
10600000.000000 624 1
10650000.000000 1 12
10650000.000000 2 2
10650000.000000 634 1
10700000.000000 1 21
10700000.000000 2 1
10700000.000000 627 1
10750000.000000 1 14
10750000.000000 2 1
10750000.000000 3 1
10750000.000000 631 1
10800000.000000 1 12
10800000.000000 4 1
10800000.000000 634 1
10850000.000000 1 17
10850000.000000 2 2
10850000.000000 629 1
10900000.000000 1 12
10900000.000000 2 1
10900000.000000 3 1
10900000.000000 633 1
10950000.000000 1 25
10950000.000000 2 1
10950000.000000 623 1
11000000.000000 1 20
11000000.000000 2 3
11000000.000000 3 2
11000000.000000 4 1
11000000.000000 614 1
11050000.000000 1 21
11050000.000000 2 1
11050000.000000 3 1
11050000.000000 6 1
11050000.000000 618 1
11100000.000000 1 26
11100000.000000 2 3
11100000.000000 4 1
11100000.000000 614 1
11150000.000000 1 17
11150000.000000 2 7
11150000.000000 619 1
11200000.000000 1 17
11200000.000000 3 3
11200000.000000 4 1
11200000.000000 620 1
11250000.000000 1 15
11250000.000000 2 7
11250000.000000 621 1
11300000.000000 1 12
11300000.000000 2 2
11300000.000000 3 1
11300000.000000 6 1
11300000.000000 625 1
11350000.000000 1 16
11350000.000000 2 4
11350000.000000 626 1
11400000.000000 1 23
11400000.000000 2 2
11400000.000000 623 1
11450000.000000 1 19
11450000.000000 2 4
11450000.000000 3 1
11450000.000000 620 1
11500000.000000 1 16
11500000.000000 2 2
11500000.000000 630 1
11550000.000000 1 15
11550000.000000 2 2
11550000.000000 4 1
11550000.000000 627 1
11600000.000000 1 18
11600000.000000 2 1
11600000.000000 3 1
11600000.000000 627 1
11650000.000000 1 8
11650000.000000 2 4
11650000.000000 634 1
11700000.000000 1 28
11700000.000000 2 3
11700000.000000 616 1
11750000.000000 1 27
11750000.000000 2 1
11750000.000000 3 1
11750000.000000 618 1
11800000.000000 1 24
11800000.000000 2 3
11800000.000000 7 1
11800000.000000 613 1
11850000.000000 1 18
11850000.000000 2 1
11850000.000000 3 2
11850000.000000 4 1
11850000.000000 620 1
11900000.000000 1 20
11900000.000000 2 3
11900000.000000 3 1
11900000.000000 621 1
11950000.000000 1 18
11950000.000000 2 1
11950000.000000 3 1
11950000.000000 627 1
12000000.000000 1 21
12000000.000000 2 2
12000000.000000 3 1
12000000.000000 622 1
12050000.000000 1 20
12050000.000000 2 2
12050000.000000 3 1
12050000.000000 623 1
12100000.000000 1 17
12100000.000000 2 3
12100000.000000 3 2
12100000.000000 621 1
12150000.000000 1 23
12150000.000000 2 1
12150000.000000 625 1
12200000.000000 1 13
12200000.000000 2 6
12200000.000000 3 1
12200000.000000 622 1
12250000.000000 1 21
12250000.000000 2 2
12250000.000000 3 1
12250000.000000 4 1
12250000.000000 618 1
12300000.000000 1 19
12300000.000000 2 3
12300000.000000 3 1
12300000.000000 622 1
12350000.000000 1 18
12350000.000000 2 3
12350000.000000 3 1
12350000.000000 4 1
12350000.000000 619 1
12400000.000000 1 14
12400000.000000 2 6
12400000.000000 3 1
12400000.000000 621 1
12450000.000000 1 19
12450000.000000 2 4
12450000.000000 3 2
12450000.000000 617 1
12500000.000000 1 19
12500000.000000 2 4
12500000.000000 3 1
12500000.000000 620 1
12550000.000000 1 16
12550000.000000 2 5
12550000.000000 624 1
12600000.000000 1 16
12600000.000000 2 3
12600000.000000 3 2
12600000.000000 622 1
12650000.000000 1 21
12650000.000000 2 3
12650000.000000 3 2
12650000.000000 4 1
12650000.000000 613 1
12700000.000000 1 24
12700000.000000 2 3
12700000.000000 3 1
12700000.000000 5 1
12700000.000000 612 1
12750000.000000 1 16
12750000.000000 3 1
12750000.000000 4 1
12750000.000000 5 1
12750000.000000 622 1
12800000.000000 1 20
12800000.000000 2 2
12800000.000000 4 1
12800000.000000 622 1
12850000.000000 1 26
12850000.000000 2 2
12850000.000000 4 2
12850000.000000 612 1
12900000.000000 1 14
12900000.000000 2 4
12900000.000000 628 1
12950000.000000 1 22
12950000.000000 2 1
12950000.000000 3 1
12950000.000000 623 1
13000000.000000 1 16
13000000.000000 2 1
13000000.000000 3 1
13000000.000000 4 1
13000000.000000 6 1
13000000.000000 619 1
13050000.000000 1 18
13050000.000000 2 3
13050000.000000 626 1
13100000.000000 1 22
13100000.000000 2 3
13100000.000000 622 1
13150000.000000 1 20
13150000.000000 2 2
13150000.000000 3 2
13150000.000000 620 1
13200000.000000 1 19
13200000.000000 2 5
13200000.000000 3 1
13200000.000000 4 1
13200000.000000 614 1
13250000.000000 1 24
13250000.000000 2 3
13250000.000000 620 1
13300000.000000 1 18
13300000.000000 2 1
13300000.000000 3 1
13300000.000000 4 1
13300000.000000 623 1
13350000.000000 1 26
13350000.000000 2 4
13350000.000000 616 1
13400000.000000 1 27
13400000.000000 2 2
13400000.000000 3 2
13400000.000000 5 1
13400000.000000 608 1
13450000.000000 1 17
13450000.000000 2 2
13450000.000000 629 1
13500000.000000 1 14
13500000.000000 2 2
13500000.000000 4 1
13500000.000000 628 1
13550000.000000 1 17
13550000.000000 2 2
13550000.000000 629 1
13600000.000000 1 8
13600000.000000 2 2
13600000.000000 3 1
13600000.000000 635 1
13650000.000000 1 9
13650000.000000 2 2
13650000.000000 3 1
13650000.000000 634 1
13700000.000000 1 17
13700000.000000 2 1
13700000.000000 631 1
13750000.000000 1 17
13750000.000000 2 5
13750000.000000 623 1
13800000.000000 1 18
13800000.000000 2 3
13800000.000000 3 1
13800000.000000 623 1
13850000.000000 1 18
13850000.000000 2 3
13850000.000000 4 1
13850000.000000 622 1
13900000.000000 1 15
13900000.000000 2 5
13900000.000000 3 1
13900000.000000 622 1
13950000.000000 1 13
13950000.000000 2 2
13950000.000000 3 1
13950000.000000 630 1
14000000.000000 1 13
14000000.000000 2 2
14000000.000000 633 1
14050000.000000 1 14
14050000.000000 4 1
14050000.000000 632 1
14100000.000000 1 21
14100000.000000 2 2
14100000.000000 3 2
14100000.000000 619 1
14150000.000000 1 20
14150000.000000 2 4
14150000.000000 3 1
14150000.000000 619 1
14200000.000000 1 17
14200000.000000 2 2
14200000.000000 3 1
14200000.000000 626 1
14250000.000000 1 16
14250000.000000 2 2
14250000.000000 3 1
14250000.000000 627 1
14300000.000000 1 26
14300000.000000 4 1
14300000.000000 620 1
14350000.000000 1 17
14350000.000000 2 4
14350000.000000 3 1
14350000.000000 622 1
14400000.000000 1 30
14400000.000000 2 5
14400000.000000 3 3
14400000.000000 601 1
14450000.000000 1 23
14450000.000000 2 2
14450000.000000 4 1
14450000.000000 619 1
14500000.000000 1 23
14500000.000000 2 2
14500000.000000 3 1
14500000.000000 620 1
14550000.000000 1 13
14550000.000000 2 3
14550000.000000 3 2
14550000.000000 625 1
14600000.000000 1 19
14600000.000000 2 3
14600000.000000 3 1
14600000.000000 622 1
14650000.000000 1 23
14650000.000000 2 5
14650000.000000 617 1
14700000.000000 1 16
14700000.000000 2 2
14700000.000000 3 1
14700000.000000 627 1
14750000.000000 1 15
14750000.000000 2 2
14750000.000000 3 1
14750000.000000 628 1
14800000.000000 1 19
14800000.000000 2 1
14800000.000000 6 1
14800000.000000 623 1
14850000.000000 1 22
14850000.000000 2 1
14850000.000000 4 2
14850000.000000 618 1
14900000.000000 1 16
14900000.000000 2 2
14900000.000000 3 1
14900000.000000 627 1
14950000.000000 1 20
14950000.000000 2 1
14950000.000000 628 1
15000000.000000 1 14
15000000.000000 2 2
15000000.000000 3 1
15000000.000000 629 1
15050000.000000 1 8
15050000.000000 2 1
15050000.000000 3 1
15050000.000000 6 1
15050000.000000 631 1
15100000.000000 1 14
15100000.000000 2 4
15100000.000000 3 1
15100000.000000 4 1
15100000.000000 621 1
15150000.000000 1 16
15150000.000000 2 5
15150000.000000 4 1
15150000.000000 620 1
15200000.000000 1 23
15200000.000000 2 2
15200000.000000 3 1
15200000.000000 6 1
15200000.000000 614 1
15250000.000000 1 20
15250000.000000 2 3
15250000.000000 4 1
15250000.000000 620 1
15300000.000000 1 26
15300000.000000 2 7
15300000.000000 3 1
15300000.000000 4 1
15300000.000000 603 1
15350000.000000 1 20
15350000.000000 2 5
15350000.000000 3 2
15350000.000000 7 1
15350000.000000 607 1
15400000.000000 1 25
15400000.000000 2 5
15400000.000000 3 1
15400000.000000 5 1
15400000.000000 607 1
15450000.000000 1 22
15450000.000000 2 4
15450000.000000 3 1
15450000.000000 4 1
15450000.000000 613 1
15500000.000000 1 23
15500000.000000 2 8
15500000.000000 3 1
15500000.000000 608 1
15550000.000000 1 21
15550000.000000 2 4
15550000.000000 3 1
15550000.000000 4 1
15550000.000000 614 1
15600000.000000 1 23
15600000.000000 2 3
15600000.000000 621 1
15650000.000000 1 23
15650000.000000 3 2
15650000.000000 4 1
15650000.000000 617 1
15700000.000000 1 15
15700000.000000 2 3
15700000.000000 3 1
15700000.000000 626 1
15750000.000000 1 19
15750000.000000 2 4
15750000.000000 3 1
15750000.000000 5 1
15750000.000000 615 1
15800000.000000 1 27
15800000.000000 3 2
15800000.000000 617 1
15850000.000000 1 13
15850000.000000 2 1
15850000.000000 3 3
15850000.000000 4 1
15850000.000000 622 1
15900000.000000 1 22
15900000.000000 2 3
15900000.000000 622 1
15950000.000000 1 16
15950000.000000 2 2
15950000.000000 3 1
15950000.000000 4 1
15950000.000000 623 1
16000000.000000 1 13
16000000.000000 2 3
16000000.000000 631 1
16050000.000000 1 14
16050000.000000 2 1
16050000.000000 5 1
16050000.000000 629 1
16100000.000000 1 13
16100000.000000 2 2
16100000.000000 633 1
16150000.000000 1 18
16150000.000000 2 2
16150000.000000 628 1
16200000.000000 1 13
16200000.000000 2 3
16200000.000000 631 1
16250000.000000 1 14
16250000.000000 2 4
16250000.000000 3 2
16250000.000000 622 1
16300000.000000 1 15
16300000.000000 2 1
16300000.000000 3 1
16300000.000000 5 1
16300000.000000 625 1
16350000.000000 1 18
16350000.000000 2 2
16350000.000000 5 1
16350000.000000 623 1
16400000.000000 1 16
16400000.000000 2 3
16400000.000000 628 1
16450000.000000 1 15
16450000.000000 2 5
16450000.000000 3 1
16450000.000000 622 1
16500000.000000 1 21
16500000.000000 2 3
16500000.000000 623 1
16550000.000000 1 18
16550000.000000 2 3
16550000.000000 3 2
16550000.000000 620 1
16600000.000000 1 17
16600000.000000 2 2
16600000.000000 3 2
16600000.000000 623 1
16650000.000000 1 12
16650000.000000 2 2
16650000.000000 634 1
16700000.000000 1 19
16700000.000000 2 1
16700000.000000 629 1
16750000.000000 1 21
16750000.000000 2 3
16750000.000000 623 1
16800000.000000 1 18
16800000.000000 2 1
16800000.000000 3 2
16800000.000000 5 1
16800000.000000 619 1
16850000.000000 1 23
16850000.000000 2 1
16850000.000000 3 1
16850000.000000 622 1
16900000.000000 1 12
16900000.000000 2 3
16900000.000000 3 2
16900000.000000 626 1
16950000.000000 1 16
16950000.000000 2 2
16950000.000000 4 1
16950000.000000 626 1
17000000.000000 1 20
17000000.000000 2 5
17000000.000000 620 1
17050000.000000 1 20
17050000.000000 2 3
17050000.000000 4 1
17050000.000000 620 1
17100000.000000 1 21
17100000.000000 2 3
17100000.000000 4 1
17100000.000000 5 1
17100000.000000 614 1
17150000.000000 1 22
17150000.000000 2 3
17150000.000000 3 2
17150000.000000 4 1
17150000.000000 612 1
17200000.000000 1 23
17200000.000000 2 5
17200000.000000 617 1
17250000.000000 1 20
17250000.000000 2 4
17250000.000000 3 1
17250000.000000 619 1
17300000.000000 1 19
17300000.000000 2 5
17300000.000000 621 1
17350000.000000 1 18
17350000.000000 2 7
17350000.000000 618 1
17400000.000000 1 17
17400000.000000 2 3
17400000.000000 3 3
17400000.000000 618 1
17450000.000000 1 17
17450000.000000 2 5
17450000.000000 3 2
17450000.000000 5 1
17450000.000000 612 1
17500000.000000 1 27
17500000.000000 2 5
17500000.000000 613 1
17550000.000000 1 19
17550000.000000 2 4
17550000.000000 7 1
17550000.000000 616 1
17600000.000000 1 13
17600000.000000 2 3
17600000.000000 3 1
17600000.000000 4 1
17600000.000000 7 1
17600000.000000 617 1
17650000.000000 1 15
17650000.000000 4 1
17650000.000000 631 1
17700000.000000 1 17
17700000.000000 2 2
17700000.000000 3 1
17700000.000000 6 1
17700000.000000 620 1
17750000.000000 1 16
17750000.000000 2 2
17750000.000000 3 1
17750000.000000 627 1
17800000.000000 1 20
17800000.000000 2 4
17800000.000000 622 1
17850000.000000 1 15
17850000.000000 2 6
17850000.000000 623 1
17900000.000000 1 20
17900000.000000 2 5
17900000.000000 3 1
17900000.000000 617 1
17950000.000000 1 20
17950000.000000 2 5
17950000.000000 620 1
18000000.000000 1 17
18000000.000000 2 3
18000000.000000 3 1
18000000.000000 624 1
18050000.000000 1 16
18050000.000000 2 6
18050000.000000 3 1
18050000.000000 4 1
18050000.000000 615 1
18100000.000000 1 21
18100000.000000 2 6
18100000.000000 3 1
18100000.000000 614 1
18150000.000000 1 19
18150000.000000 2 4
18150000.000000 5 1
18150000.000000 618 1
18200000.000000 1 15
18200000.000000 2 1
18200000.000000 3 1
18200000.000000 4 1
18200000.000000 626 1
18250000.000000 1 17
18250000.000000 2 1
18250000.000000 3 1
18250000.000000 628 1
18300000.000000 1 14
18300000.000000 2 3
18300000.000000 630 1
18350000.000000 1 17
18350000.000000 2 4
18350000.000000 625 1
18400000.000000 1 19
18400000.000000 2 3
18400000.000000 3 1
18400000.000000 622 1
18450000.000000 1 21
18450000.000000 2 3
18450000.000000 3 1
18450000.000000 620 1
18500000.000000 1 18
18500000.000000 3 1
18500000.000000 5 1
18500000.000000 624 1
18550000.000000 1 17
18550000.000000 2 2
18550000.000000 3 1
18550000.000000 6 1
18550000.000000 620 1
18600000.000000 1 14
18600000.000000 5 1
18600000.000000 6 1
18600000.000000 625 1
18650000.000000 1 21
18650000.000000 2 5
18650000.000000 3 1
18650000.000000 616 1
18700000.000000 1 21
18700000.000000 2 2
18700000.000000 3 2
18700000.000000 619 1
18750000.000000 1 17
18750000.000000 2 2
18750000.000000 3 1
18750000.000000 4 1
18750000.000000 622 1
18800000.000000 1 23
18800000.000000 2 4
18800000.000000 3 2
18800000.000000 613 1
18850000.000000 1 15
18850000.000000 2 4
18850000.000000 3 1
18850000.000000 624 1
18900000.000000 1 18
18900000.000000 2 1
18900000.000000 630 1
18950000.000000 1 19
18950000.000000 2 3
18950000.000000 625 1
19000000.000000 1 17
19000000.000000 2 4
19000000.000000 3 1
19000000.000000 5 1
19000000.000000 617 1
19050000.000000 1 18
19050000.000000 2 2
19050000.000000 4 1
19050000.000000 624 1
19100000.000000 1 22
19100000.000000 2 4
19100000.000000 620 1
19150000.000000 1 19
19150000.000000 2 2
19150000.000000 3 2
19150000.000000 621 1
19200000.000000 1 15
19200000.000000 2 3
19200000.000000 4 1
19200000.000000 5 1
19200000.000000 8 1
19200000.000000 612 1
19250000.000000 1 26
19250000.000000 2 4
19250000.000000 3 1
19250000.000000 613 1
19300000.000000 1 20
19300000.000000 2 4
19300000.000000 622 1
19350000.000000 1 14
19350000.000000 2 3
19350000.000000 630 1
19400000.000000 1 9
19400000.000000 2 3
19400000.000000 3 1
19400000.000000 632 1
19450000.000000 1 20
19450000.000000 2 6
19450000.000000 618 1
19500000.000000 1 22
19500000.000000 2 3
19500000.000000 3 1
19500000.000000 619 1
19550000.000000 1 15
19550000.000000 2 5
19550000.000000 625 1
19600000.000000 1 19
19600000.000000 2 3
19600000.000000 625 1
19650000.000000 1 25
19650000.000000 2 4
19650000.000000 617 1
19700000.000000 1 24
19700000.000000 3 1
19700000.000000 623 1
19750000.000000 1 17
19750000.000000 2 5
19750000.000000 4 1
19750000.000000 619 1
19800000.000000 1 25
19800000.000000 2 5
19800000.000000 615 1
19850000.000000 1 16
19850000.000000 2 2
19850000.000000 3 2
19850000.000000 5 1
19850000.000000 619 1
19900000.000000 1 16
19900000.000000 2 2
19900000.000000 630 1
19950000.000000 1 23
19950000.000000 2 3
19950000.000000 621 1
20000000.000000 1 16
20000000.000000 2 2
20000000.000000 3 3
20000000.000000 621 1
20050000.000000 1 17
20050000.000000 2 3
20050000.000000 627 1
20100000.000000 1 18
20100000.000000 632 1
