# time cluster_size count
50000.000000 600 1
100000.000000 1 3
100000.000000 597 1
150000.000000 1 4
150000.000000 596 1
200000.000000 1 4
200000.000000 596 1
250000.000000 1 4
250000.000000 5 1
250000.000000 591 1
300000.000000 1 6
300000.000000 3 1
300000.000000 591 1
350000.000000 1 9
350000.000000 591 1
400000.000000 1 10
400000.000000 590 1
450000.000000 1 7
450000.000000 2 1
450000.000000 591 1
500000.000000 1 9
500000.000000 3 1
500000.000000 588 1
550000.000000 1 7
550000.000000 593 1
600000.000000 1 12
600000.000000 588 1
650000.000000 1 12
650000.000000 2 1
650000.000000 586 1
700000.000000 1 11
700000.000000 2 1
700000.000000 587 1
750000.000000 1 11
750000.000000 2 1
750000.000000 587 1
800000.000000 1 14
800000.000000 586 1
850000.000000 1 13
850000.000000 2 3
850000.000000 581 1
900000.000000 1 13
900000.000000 2 1
900000.000000 585 1
950000.000000 1 12
950000.000000 2 1
950000.000000 586 1
1000000.000000 1 20
1000000.000000 2 1
1000000.000000 578 1
1050000.000000 1 19
1050000.000000 581 1
1100000.000000 1 17
1100000.000000 583 1
1150000.000000 1 15
1150000.000000 585 1
1200000.000000 1 16
1200000.000000 2 1
1200000.000000 582 1
1250000.000000 1 13
1250000.000000 2 1
1250000.000000 585 1
1300000.000000 1 13
1300000.000000 587 1
1350000.000000 1 14
1350000.000000 2 1
1350000.000000 584 1
1400000.000000 1 14
1400000.000000 2 1
1400000.000000 584 1
1450000.000000 1 13
1450000.000000 2 1
1450000.000000 585 1
1500000.000000 1 12
1500000.000000 588 1
1550000.000000 1 11
1550000.000000 2 1
1550000.000000 3 1
1550000.000000 584 1
1600000.000000 1 14
1600000.000000 2 1
1600000.000000 584 1
1650000.000000 1 13
1650000.000000 587 1
1700000.000000 1 11
1700000.000000 589 1
1750000.000000 1 11
1750000.000000 2 1
1750000.000000 587 1
1800000.000000 1 14
1800000.000000 586 1
1850000.000000 1 16
1850000.000000 584 1
1900000.000000 1 14
1900000.000000 586 1
1950000.000000 1 16
1950000.000000 584 1
2000000.000000 1 11
2000000.000000 2 2
2000000.000000 585 1
2050000.000000 1 14
2050000.000000 2 2
2050000.000000 582 1
2100000.000000 1 17
2100000.000000 583 1
2150000.000000 1 16
2150000.000000 584 1
2200000.000000 1 13
2200000.000000 2 2
2200000.000000 583 1
2250000.000000 1 9
2250000.000000 591 1
2300000.000000 1 15
2300000.000000 585 1
2350000.000000 1 11
2350000.000000 2 1
2350000.000000 587 1
2400000.000000 1 11
2400000.000000 589 1
2450000.000000 1 13
2450000.000000 2 1
2450000.000000 585 1
2500000.000000 1 11
2500000.000000 5 1
2500000.000000 584 1
2550000.000000 1 13
2550000.000000 3 1
2550000.000000 584 1
2600000.000000 1 14
2600000.000000 2 2
2600000.000000 582 1
2650000.000000 1 13
2650000.000000 3 1
2650000.000000 584 1
2700000.000000 1 14
2700000.000000 2 2
2700000.000000 582 1
2750000.000000 1 7
2750000.000000 2 2
2750000.000000 589 1
2800000.000000 1 14
2800000.000000 586 1
2850000.000000 1 14
2850000.000000 586 1
2900000.000000 1 11
2900000.000000 2 1
2900000.000000 587 1
2950000.000000 1 13
2950000.000000 2 1
2950000.000000 585 1
3000000.000000 1 15
3000000.000000 2 1
3000000.000000 583 1
3050000.000000 1 15
3050000.000000 2 1
3050000.000000 583 1
3100000.000000 1 16
3100000.000000 2 1
3100000.000000 582 1
3150000.000000 1 15
3150000.000000 585 1
3200000.000000 1 13
3200000.000000 2 1
3200000.000000 585 1
3250000.000000 1 17
3250000.000000 583 1
3300000.000000 1 14
3300000.000000 586 1
3350000.000000 1 15
3350000.000000 585 1
3400000.000000 1 15
3400000.000000 585 1
3450000.000000 1 15
3450000.000000 585 1
3500000.000000 1 14
3500000.000000 586 1
3550000.000000 1 12
3550000.000000 2 3
3550000.000000 582 1
3600000.000000 1 14
3600000.000000 2 1
3600000.000000 584 1
3650000.000000 1 13
3650000.000000 2 1
3650000.000000 585 1
3700000.000000 1 16
3700000.000000 584 1
3750000.000000 1 16
3750000.000000 2 1
3750000.000000 582 1
3800000.000000 1 12
3800000.000000 588 1
3850000.000000 1 15
3850000.000000 585 1
3900000.000000 1 11
3900000.000000 2 1
3900000.000000 587 1
3950000.000000 1 14
3950000.000000 3 1
3950000.000000 583 1
4000000.000000 1 18
4000000.000000 2 1
4000000.000000 580 1
4050000.000000 1 15
4050000.000000 585 1
4100000.000000 1 16
4100000.000000 2 1
4100000.000000 582 1
4150000.000000 1 16
4150000.000000 584 1
4200000.000000 1 16
4200000.000000 584 1
4250000.000000 1 18
4250000.000000 582 1
4300000.000000 1 17
4300000.000000 2 1
4300000.000000 581 1
4350000.000000 1 17
4350000.000000 583 1
4400000.000000 1 18
4400000.000000 2 1
4400000.000000 580 1
4450000.000000 1 19
4450000.000000 2 1
4450000.000000 579 1
4500000.000000 1 16
4500000.000000 2 2
4500000.000000 580 1
4550000.000000 1 18
4550000.000000 582 1
4600000.000000 1 20
4600000.000000 2 1
4600000.000000 578 1
4650000.000000 1 17
4650000.000000 2 2
4650000.000000 579 1
4700000.000000 1 19
4700000.000000 581 1
4750000.000000 1 23
4750000.000000 577 1
4800000.000000 1 17
4800000.000000 2 2
4800000.000000 579 1
4850000.000000 1 18
4850000.000000 2 2
4850000.000000 578 1
4900000.000000 1 15
4900000.000000 2 2
4900000.000000 3 1
4900000.000000 578 1
4950000.000000 1 18
4950000.000000 2 2
4950000.000000 578 1
5000000.000000 1 26
5000000.000000 3 1
5000000.000000 571 1
5050000.000000 1 23
5050000.000000 577 1
5100000.000000 1 15
5100000.000000 2 2
5100000.000000 3 1
5100000.000000 578 1
5150000.000000 1 23
5150000.000000 2 1
5150000.000000 3 1
5150000.000000 572 1
5200000.000000 1 24
5200000.000000 2 2
5200000.000000 572 1
5250000.000000 1 19
5250000.000000 2 1
5250000.000000 3 1
5250000.000000 576 1
5300000.000000 1 20
5300000.000000 3 1
5300000.000000 577 1
5350000.000000 1 20
5350000.000000 2 1
5350000.000000 578 1
5400000.000000 1 25
5400000.000000 2 1
5400000.000000 573 1
5450000.000000 1 21
5450000.000000 2 1
5450000.000000 577 1
5500000.000000 1 17
5500000.000000 2 1
5500000.000000 3 1
5500000.000000 578 1
5550000.000000 1 18
5550000.000000 2 2
5550000.000000 578 1
5600000.000000 1 18
5600000.000000 2 1
5600000.000000 580 1
5650000.000000 1 13
5650000.000000 2 2
5650000.000000 583 1
5700000.000000 1 18
5700000.000000 582 1
5750000.000000 1 14
5750000.000000 2 2
5750000.000000 582 1
5800000.000000 1 20
5800000.000000 2 1
5800000.000000 578 1
5850000.000000 1 27
5850000.000000 573 1
5900000.000000 1 20
5900000.000000 2 3
5900000.000000 574 1
5950000.000000 1 18
5950000.000000 2 2
5950000.000000 578 1
6000000.000000 1 21
6000000.000000 579 1
6050000.000000 1 20
6050000.000000 2 2
6050000.000000 576 1
6100000.000000 1 22
6100000.000000 2 1
6100000.000000 576 1
6150000.000000 1 17
6150000.000000 2 2
6150000.000000 579 1
6200000.000000 1 20
6200000.000000 2 2
6200000.000000 576 1
6250000.000000 1 22
6250000.000000 578 1
6300000.000000 1 22
6300000.000000 578 1
6350000.000000 1 21
6350000.000000 2 1
6350000.000000 577 1
6400000.000000 1 20
6400000.000000 580 1
6450000.000000 1 17
6450000.000000 2 2
6450000.000000 579 1
6500000.000000 1 20
6500000.000000 2 1
6500000.000000 578 1
6550000.000000 1 25
6550000.000000 575 1
6600000.000000 1 21
6600000.000000 2 3
6600000.000000 573 1
6650000.000000 1 25
6650000.000000 2 3
6650000.000000 569 1
6700000.000000 1 27
6700000.000000 2 1
6700000.000000 571 1
6750000.000000 1 25
6750000.000000 2 2
6750000.000000 571 1
6800000.000000 1 24
6800000.000000 2 3
6800000.000000 570 1
6850000.000000 1 21
6850000.000000 2 3
6850000.000000 3 1
6850000.000000 570 1
6900000.000000 1 25
6900000.000000 2 2
6900000.000000 3 1
6900000.000000 568 1
6950000.000000 1 19
6950000.000000 2 3
6950000.000000 3 1
6950000.000000 572 1
7000000.000000 1 20
7000000.000000 2 6
7000000.000000 3 1
7000000.000000 565 1
7050000.000000 1 24
7050000.000000 2 2
7050000.000000 3 1
7050000.000000 4 1
7050000.000000 565 1
7100000.000000 1 24
7100000.000000 2 5
7100000.000000 566 1
7150000.000000 1 21
7150000.000000 2 4
7150000.000000 3 1
7150000.000000 568 1
7200000.000000 1 20
7200000.000000 2 3
7200000.000000 3 1
7200000.000000 4 1
7200000.000000 567 1
7250000.000000 1 28
7250000.000000 2 2
7250000.000000 3 1
7250000.000000 565 1
7300000.000000 1 25
7300000.000000 2 4
7300000.000000 567 1
7350000.000000 1 32
7350000.000000 2 1
7350000.000000 3 1
7350000.000000 563 1
7400000.000000 1 28
7400000.000000 2 1
7400000.000000 570 1
7450000.000000 1 16
7450000.000000 2 6
7450000.000000 3 1
7450000.000000 569 1
7500000.000000 1 21
7500000.000000 2 5
7500000.000000 3 1
7500000.000000 566 1
7550000.000000 1 20
7550000.000000 2 3
7550000.000000 4 1
7550000.000000 570 1
7600000.000000 1 24
7600000.000000 2 1
7600000.000000 3 1
7600000.000000 571 1
7650000.000000 1 23
7650000.000000 2 1
7650000.000000 3 1
7650000.000000 572 1
7700000.000000 1 22
7700000.000000 4 1
7700000.000000 574 1
7750000.000000 1 23
7750000.000000 2 2
7750000.000000 573 1
7800000.000000 1 23
7800000.000000 577 1
7850000.000000 1 26
7850000.000000 2 1
7850000.000000 572 1
7900000.000000 1 21
7900000.000000 2 1
7900000.000000 577 1
7950000.000000 1 24
7950000.000000 2 3
7950000.000000 570 1
8000000.000000 1 18
8000000.000000 2 2
8000000.000000 578 1
8050000.000000 1 16
8050000.000000 2 3
8050000.000000 3 2
8050000.000000 572 1
8100000.000000 1 23
8100000.000000 2 2
8100000.000000 573 1
8150000.000000 1 21
8150000.000000 2 1
8150000.000000 577 1
8200000.000000 1 23
8200000.000000 2 3
8200000.000000 571 1
8250000.000000 1 24
8250000.000000 2 1
8250000.000000 574 1
8300000.000000 1 25
8300000.000000 2 1
8300000.000000 573 1
8350000.000000 1 26
8350000.000000 574 1
8400000.000000 1 16
8400000.000000 2 4
8400000.000000 576 1
8450000.000000 1 16
8450000.000000 2 4
8450000.000000 576 1
8500000.000000 1 14
8500000.000000 2 5
8500000.000000 576 1
8550000.000000 1 17
8550000.000000 2 4
8550000.000000 575 1
8600000.000000 1 15
8600000.000000 2 4
8600000.000000 3 1
8600000.000000 574 1
8650000.000000 1 18
8650000.000000 2 2
8650000.000000 3 1
8650000.000000 575 1
8700000.000000 1 22
8700000.000000 2 1
8700000.000000 576 1
8750000.000000 1 26
8750000.000000 574 1
8800000.000000 1 22
8800000.000000 2 2
8800000.000000 574 1
8850000.000000 1 25
8850000.000000 2 1
8850000.000000 573 1
8900000.000000 1 26
8900000.000000 574 1
8950000.000000 1 25
8950000.000000 2 1
8950000.000000 573 1
9000000.000000 1 28
9000000.000000 2 2
9000000.000000 568 1
9050000.000000 1 23
9050000.000000 2 1
9050000.000000 575 1
9100000.000000 1 23
9100000.000000 2 2
9100000.000000 573 1
9150000.000000 1 26
9150000.000000 574 1
9200000.000000 1 22
9200000.000000 2 2
9200000.000000 3 1
9200000.000000 571 1
9250000.000000 1 24
9250000.000000 2 2
9250000.000000 572 1
9300000.000000 1 19
9300000.000000 2 4
9300000.000000 573 1
9350000.000000 1 23
9350000.000000 2 1
9350000.000000 575 1
9400000.000000 1 20
9400000.000000 2 2
9400000.000000 576 1
9450000.000000 1 19
9450000.000000 2 5
9450000.000000 571 1
9500000.000000 1 19
9500000.000000 2 2
9500000.000000 3 1
9500000.000000 574 1
9550000.000000 1 18
9550000.000000 2 2
9550000.000000 578 1
9600000.000000 1 19
9600000.000000 581 1
9650000.000000 1 19
9650000.000000 2 1
9650000.000000 579 1
9700000.000000 1 25
9700000.000000 575 1
9750000.000000 1 21
9750000.000000 2 2
9750000.000000 575 1
9800000.000000 1 18
9800000.000000 2 3
9800000.000000 576 1
9850000.000000 1 19
9850000.000000 2 1
9850000.000000 3 1
9850000.000000 576 1
9900000.000000 1 18
9900000.000000 2 3
9900000.000000 576 1
9950000.000000 1 20
9950000.000000 2 2
9950000.000000 576 1
10000000.000000 1 18
10000000.000000 2 3
10000000.000000 576 1
10050000.000000 1 17
10050000.000000 2 3
10050000.000000 577 1
10100000.000000 1 20
10100000.000000 2 2
10100000.000000 3 2
10100000.000000 570 1
10150000.000000 1 26
10150000.000000 2 1
10150000.000000 3 1
10150000.000000 569 1
10200000.000000 1 32
10200000.000000 2 2
10200000.000000 564 1
10250000.000000 1 26
10250000.000000 2 1
10250000.000000 3 1
10250000.000000 569 1
10300000.000000 1 18
10300000.000000 2 3
10300000.000000 3 2
10300000.000000 570 1
10350000.000000 1 28
10350000.000000 2 3
10350000.000000 566 1
10400000.000000 1 25
10400000.000000 2 2
10400000.000000 571 1
10450000.000000 1 23
10450000.000000 2 3
10450000.000000 3 1
10450000.000000 568 1
10500000.000000 1 26
10500000.000000 2 4
10500000.000000 566 1
10550000.000000 1 24
10550000.000000 2 4
10550000.000000 568 1
10600000.000000 1 23
10600000.000000 2 1
10600000.000000 575 1
10650000.000000 1 27
10650000.000000 2 2
10650000.000000 569 1
10700000.000000 1 28
10700000.000000 2 2
10700000.000000 568 1
10750000.000000 1 23
10750000.000000 2 3
10750000.000000 571 1
10800000.000000 1 28
10800000.000000 2 1
10800000.000000 570 1
10850000.000000 1 31
10850000.000000 569 1
10900000.000000 1 23
10900000.000000 2 3
10900000.000000 571 1
10950000.000000 1 22
10950000.000000 2 1
10950000.000000 3 1
10950000.000000 573 1
11000000.000000 1 25
11000000.000000 2 1
11000000.000000 573 1
11050000.000000 1 20
11050000.000000 2 1
11050000.000000 3 1
11050000.000000 575 1
11100000.000000 1 22
11100000.000000 2 3
11100000.000000 572 1
11150000.000000 1 21
11150000.000000 2 2
11150000.000000 575 1
11200000.000000 1 19
11200000.000000 2 2
11200000.000000 577 1
11250000.000000 1 21
11250000.000000 2 1
11250000.000000 577 1
11300000.000000 1 19
11300000.000000 2 3
11300000.000000 575 1
11350000.000000 1 20
11350000.000000 2 1
11350000.000000 578 1
11400000.000000 1 19
11400000.000000 2 2
11400000.000000 577 1
11450000.000000 1 16
11450000.000000 2 4
11450000.000000 3 1
11450000.000000 573 1
11500000.000000 1 21
11500000.000000 2 2
11500000.000000 3 1
11500000.000000 572 1
11550000.000000 1 19
11550000.000000 2 3
11550000.000000 575 1
11600000.000000 1 16
11600000.000000 2 1
11600000.000000 3 2
11600000.000000 576 1
11650000.000000 1 17
11650000.000000 2 1
11650000.000000 3 1
11650000.000000 578 1
11700000.000000 1 21
11700000.000000 2 1
11700000.000000 577 1
11750000.000000 1 19
11750000.000000 2 1
11750000.000000 3 1
11750000.000000 576 1
11800000.000000 1 17
11800000.000000 2 1
11800000.000000 581 1
11850000.000000 1 17
11850000.000000 2 2
11850000.000000 579 1
11900000.000000 1 15
11900000.000000 2 1
11900000.000000 583 1
11950000.000000 1 23
11950000.000000 2 1
11950000.000000 575 1
12000000.000000 1 24
12000000.000000 2 1
12000000.000000 574 1
12050000.000000 1 23
12050000.000000 2 1
12050000.000000 575 1
12100000.000000 1 22
12100000.000000 2 1
12100000.000000 576 1
12150000.000000 1 23
12150000.000000 2 2
12150000.000000 573 1
12200000.000000 1 26
12200000.000000 2 1
12200000.000000 572 1
12250000.000000 1 16
12250000.000000 2 4
12250000.000000 3 1
12250000.000000 573 1
12300000.000000 1 21
12300000.000000 2 3
12300000.000000 573 1
12350000.000000 1 20
12350000.000000 2 3
12350000.000000 574 1
12400000.000000 1 21
12400000.000000 2 4
12400000.000000 571 1
12450000.000000 1 26
12450000.000000 2 2
12450000.000000 570 1
12500000.000000 1 22
12500000.000000 2 2
12500000.000000 3 1
12500000.000000 571 1
12550000.000000 1 19
12550000.000000 2 2
12550000.000000 577 1
12600000.000000 1 19
12600000.000000 2 1
12600000.000000 579 1
12650000.000000 1 16
12650000.000000 2 3
12650000.000000 3 1
12650000.000000 575 1
12700000.000000 1 18
12700000.000000 2 3
12700000.000000 576 1
12750000.000000 1 18
12750000.000000 2 1
12750000.000000 580 1
12800000.000000 1 18
12800000.000000 582 1
12850000.000000 1 18
12850000.000000 582 1
12900000.000000 1 16
12900000.000000 2 2
12900000.000000 580 1
12950000.000000 1 16
12950000.000000 2 2
12950000.000000 580 1
13000000.000000 1 26
13000000.000000 574 1
13050000.000000 1 21
13050000.000000 2 1
13050000.000000 577 1
13100000.000000 1 21
13100000.000000 2 1
13100000.000000 577 1
13150000.000000 1 23
13150000.000000 3 1
13150000.000000 574 1
13200000.000000 1 20
13200000.000000 2 1
13200000.000000 578 1
13250000.000000 1 20
13250000.000000 580 1
13300000.000000 1 13
13300000.000000 2 3
13300000.000000 581 1
13350000.000000 1 18
13350000.000000 2 1
13350000.000000 580 1
13400000.000000 1 18
13400000.000000 2 3
13400000.000000 576 1
13450000.000000 1 21
13450000.000000 2 2
13450000.000000 575 1
13500000.000000 1 24
13500000.000000 576 1
13550000.000000 1 21
13550000.000000 2 1
13550000.000000 577 1
13600000.000000 1 22
13600000.000000 578 1
13650000.000000 1 17
13650000.000000 2 1
13650000.000000 581 1
13700000.000000 1 16
13700000.000000 2 2
13700000.000000 4 1
13700000.000000 576 1
13750000.000000 1 12
13750000.000000 2 5
13750000.000000 578 1
13800000.000000 1 13
13800000.000000 2 3
13800000.000000 581 1
13850000.000000 1 17
13850000.000000 2 2
13850000.000000 579 1
13900000.000000 1 22
13900000.000000 578 1
13950000.000000 1 18
13950000.000000 2 1
13950000.000000 580 1
14000000.000000 1 19
14000000.000000 2 1
14000000.000000 579 1
14050000.000000 1 23
14050000.000000 2 1
14050000.000000 575 1
14100000.000000 1 21
14100000.000000 3 1
14100000.000000 576 1
14150000.000000 1 20
14150000.000000 2 1
14150000.000000 578 1
14200000.000000 1 11
14200000.000000 2 5
14200000.000000 579 1
14250000.000000 1 11
14250000.000000 2 3
14250000.000000 4 1
14250000.000000 579 1
14300000.000000 1 13
14300000.000000 2 2
14300000.000000 3 1
14300000.000000 580 1
14350000.000000 1 21
14350000.000000 2 1
14350000.000000 3 1
14350000.000000 574 1
14400000.000000 1 13
14400000.000000 2 4
14400000.000000 579 1
14450000.000000 1 17
14450000.000000 2 2
14450000.000000 579 1
14500000.000000 1 19
14500000.000000 581 1
14550000.000000 1 16
14550000.000000 2 2
14550000.000000 580 1
14600000.000000 1 17
14600000.000000 2 2
14600000.000000 579 1
14650000.000000 1 28
14650000.000000 572 1
14700000.000000 1 17
14700000.000000 2 2
14700000.000000 579 1
14750000.000000 1 18
14750000.000000 2 1
14750000.000000 580 1
14800000.000000 1 21
14800000.000000 2 2
14800000.000000 575 1
14850000.000000 1 18
14850000.000000 2 2
14850000.000000 578 1
14900000.000000 1 19
14900000.000000 2 1
14900000.000000 579 1
14950000.000000 1 20
14950000.000000 2 1
14950000.000000 578 1
15000000.000000 1 24
15000000.000000 576 1
15050000.000000 1 17
15050000.000000 2 3
15050000.000000 577 1
15100000.000000 1 20
15100000.000000 2 3
15100000.000000 3 1
15100000.000000 571 1
15150000.000000 1 18
15150000.000000 2 1
15150000.000000 580 1
15200000.000000 1 22
15200000.000000 2 3
15200000.000000 572 1
15250000.000000 1 22
15250000.000000 2 1
15250000.000000 576 1
15300000.000000 1 26
15300000.000000 2 1
15300000.000000 572 1
15350000.000000 1 22
15350000.000000 2 3
15350000.000000 572 1
15400000.000000 1 27
15400000.000000 2 1
15400000.000000 571 1
15450000.000000 1 20
15450000.000000 2 1
15450000.000000 578 1
15500000.000000 1 21
15500000.000000 579 1
15550000.000000 1 24
15550000.000000 576 1
15600000.000000 1 23
15600000.000000 2 1
15600000.000000 575 1
15650000.000000 1 24
15650000.000000 2 1
15650000.000000 574 1
15700000.000000 1 21
15700000.000000 2 1
15700000.000000 577 1
15750000.000000 1 20
15750000.000000 2 2
15750000.000000 3 1
15750000.000000 573 1
15800000.000000 1 18
15800000.000000 2 3
15800000.000000 576 1
15850000.000000 1 23
15850000.000000 577 1
15900000.000000 1 21
15900000.000000 2 2
15900000.000000 575 1
15950000.000000 1 20
15950000.000000 2 1
15950000.000000 3 1
15950000.000000 575 1
16000000.000000 1 17
16000000.000000 2 4
16000000.000000 4 1
16000000.000000 571 1
16050000.000000 1 21
16050000.000000 2 3
16050000.000000 573 1
16100000.000000 1 22
16100000.000000 578 1
16150000.000000 1 14
16150000.000000 2 4
16150000.000000 3 1
16150000.000000 575 1
16200000.000000 1 20
16200000.000000 2 3
16200000.000000 3 2
16200000.000000 568 1
16250000.000000 1 19
16250000.000000 2 3
16250000.000000 575 1
16300000.000000 1 17
16300000.000000 2 1
16300000.000000 3 1
16300000.000000 578 1
16350000.000000 1 16
16350000.000000 2 2
16350000.000000 580 1
16400000.000000 1 17
16400000.000000 2 1
16400000.000000 581 1
16450000.000000 1 13
16450000.000000 2 2
16450000.000000 583 1
16500000.000000 1 14
16500000.000000 2 3
16500000.000000 580 1
16550000.000000 1 17
16550000.000000 2 1
16550000.000000 3 1
16550000.000000 578 1
16600000.000000 1 14
16600000.000000 2 2
16600000.000000 3 1
16600000.000000 579 1
16650000.000000 1 12
16650000.000000 2 4
16650000.000000 580 1
16700000.000000 1 13
16700000.000000 2 1
16700000.000000 585 1
16750000.000000 1 15
16750000.000000 2 1
16750000.000000 583 1
16800000.000000 1 18
16800000.000000 2 1
16800000.000000 580 1
16850000.000000 1 19
16850000.000000 581 1
16900000.000000 1 20
16900000.000000 2 3
16900000.000000 574 1
16950000.000000 1 14
16950000.000000 2 4
16950000.000000 578 1
17000000.000000 1 18
17000000.000000 2 1
17000000.000000 580 1
17050000.000000 1 16
17050000.000000 2 2
17050000.000000 580 1
17100000.000000 1 19
17100000.000000 2 1
17100000.000000 579 1
17150000.000000 1 17
17150000.000000 2 3
17150000.000000 3 1
17150000.000000 574 1
17200000.000000 1 22
17200000.000000 2 2
17200000.000000 3 1
17200000.000000 571 1
17250000.000000 1 13
17250000.000000 2 3
17250000.000000 581 1
17300000.000000 1 21
17300000.000000 2 2
17300000.000000 575 1
17350000.000000 1 18
17350000.000000 2 1
17350000.000000 580 1
17400000.000000 1 16
17400000.000000 2 1
17400000.000000 582 1
17450000.000000 1 15
17450000.000000 2 1
17450000.000000 583 1
17500000.000000 1 21
17500000.000000 2 1
17500000.000000 577 1
17550000.000000 1 20
17550000.000000 580 1
17600000.000000 1 22
17600000.000000 578 1
17650000.000000 1 16
17650000.000000 2 2
17650000.000000 580 1
17700000.000000 1 19
17700000.000000 2 1
17700000.000000 579 1
17750000.000000 1 22
17750000.000000 578 1
17800000.000000 1 18
17800000.000000 2 2
17800000.000000 578 1
17850000.000000 1 21
17850000.000000 3 1
17850000.000000 576 1
17900000.000000 1 23
17900000.000000 577 1
17950000.000000 1 21
17950000.000000 2 1
17950000.000000 577 1
18000000.000000 1 20
18000000.000000 2 3
18000000.000000 574 1
18050000.000000 1 19
18050000.000000 2 4
18050000.000000 573 1
18100000.000000 1 21
18100000.000000 2 3
18100000.000000 573 1
18150000.000000 1 17
18150000.000000 2 3
18150000.000000 577 1
18200000.000000 1 21
18200000.000000 2 1
18200000.000000 577 1
18250000.000000 1 21
18250000.000000 579 1
18300000.000000 1 21
18300000.000000 579 1
18350000.000000 1 21
18350000.000000 2 1
18350000.000000 577 1
18400000.000000 1 23
18400000.000000 577 1
18450000.000000 1 24
18450000.000000 576 1
18500000.000000 1 22
18500000.000000 578 1
18550000.000000 1 23
18550000.000000 2 1
18550000.000000 575 1
18600000.000000 1 20
18600000.000000 2 1
18600000.000000 3 1
18600000.000000 575 1
18650000.000000 1 21
18650000.000000 2 2
18650000.000000 3 1
18650000.000000 572 1
18700000.000000 1 21
18700000.000000 2 1
18700000.000000 4 1
18700000.000000 573 1
18750000.000000 1 24
18750000.000000 2 1
18750000.000000 3 1
18750000.000000 571 1
18800000.000000 1 25
18800000.000000 2 1
18800000.000000 3 1
18800000.000000 570 1
18850000.000000 1 20
18850000.000000 2 3
18850000.000000 3 1
18850000.000000 571 1
18900000.000000 1 16
18900000.000000 2 5
18900000.000000 574 1
18950000.000000 1 22
18950000.000000 2 3
18950000.000000 572 1
19000000.000000 1 20
19000000.000000 2 4
19000000.000000 572 1
19050000.000000 1 21
19050000.000000 2 3
19050000.000000 573 1
19100000.000000 1 24
19100000.000000 2 3
19100000.000000 3 1
19100000.000000 567 1
19150000.000000 1 20
19150000.000000 2 4
19150000.000000 3 1
19150000.000000 569 1
19200000.000000 1 28
19200000.000000 572 1
19250000.000000 1 28
19250000.000000 2 1
19250000.000000 570 1
19300000.000000 1 22
19300000.000000 2 2
19300000.000000 574 1
19350000.000000 1 24
19350000.000000 2 1
19350000.000000 574 1
19400000.000000 1 19
19400000.000000 2 3
19400000.000000 575 1
19450000.000000 1 23
19450000.000000 577 1
19500000.000000 1 21
19500000.000000 2 2
19500000.000000 575 1
19550000.000000 1 19
19550000.000000 2 2
19550000.000000 577 1
19600000.000000 1 21
19600000.000000 2 3
19600000.000000 573 1
19650000.000000 1 20
19650000.000000 2 3
19650000.000000 574 1
19700000.000000 1 27
19700000.000000 2 1
19700000.000000 571 1
19750000.000000 1 29
19750000.000000 2 2
19750000.000000 567 1
19800000.000000 1 30
19800000.000000 2 3
19800000.000000 564 1
19850000.000000 1 21
19850000.000000 3 1
19850000.000000 576 1
19900000.000000 1 24
19900000.000000 2 1
19900000.000000 574 1
19950000.000000 1 15
19950000.000000 2 7
19950000.000000 571 1
20000000.000000 1 20
20000000.000000 2 3
20000000.000000 574 1
