# time largest_cluster_rg
150000.000000 32.2623432609
200000.000000 30.0898010552
250000.000000 34.8975066439
300000.000000 53.9006471784
350000.000000 47.5626987995
400000.000000 37.9894466752
450000.000000 36.9466505091
500000.000000 34.2127370164
550000.000000 33.0636080698
600000.000000 34.2171202641
650000.000000 31.5208888386
700000.000000 31.9498532713
750000.000000 32.6410436461
800000.000000 32.3217184356
850000.000000 31.6057029608
900000.000000 32.1708555162
950000.000000 31.7216947942
1000000.000000 36.6714520676
1050000.000000 34.8588739477
1100000.000000 32.7895743620
1150000.000000 32.0221796299
1200000.000000 35.5630439538
1250000.000000 36.8318639661
1300000.000000 32.9237612827
1350000.000000 33.7032180009
1400000.000000 31.4165639912
1450000.000000 34.4596416519
1500000.000000 31.5043977434
1550000.000000 35.4026179179
1600000.000000 33.2876857979
1650000.000000 34.2598306382
1700000.000000 34.8559109939
1750000.000000 31.4637791981
1800000.000000 33.6574943336
1850000.000000 40.3437355533
1900000.000000 33.2052556245
1950000.000000 34.0030532539
2000000.000000 33.4801620528
2050000.000000 34.5991706641
2100000.000000 32.2127720000
2150000.000000 29.8514469463
2200000.000000 31.7656799638
2250000.000000 37.1054427670
2300000.000000 33.2896944148
2350000.000000 33.2882078476
2400000.000000 30.8328625136
2450000.000000 33.9956527087
2500000.000000 34.5835158388
2550000.000000 31.6130720890
2600000.000000 30.9076619521
2650000.000000 37.0003652317
2700000.000000 32.8910938770
2750000.000000 36.3854884112
2800000.000000 31.8032806285
2850000.000000 32.4687864379
2900000.000000 32.0380271903
2950000.000000 34.5100731667
3000000.000000 32.7400839902
3050000.000000 32.3347137202
3100000.000000 39.5566610021
3150000.000000 35.0019323958
3200000.000000 34.8533423935
3250000.000000 39.2137427683
3300000.000000 34.0324520298
3350000.000000 35.9847484223
3400000.000000 36.7935316670
3450000.000000 34.4875397343
3500000.000000 40.7397998505
3550000.000000 32.1839195958
3600000.000000 30.7891977788
3650000.000000 31.6631308648
3700000.000000 30.6391020498
3750000.000000 32.2960885363
3800000.000000 44.8133635872
3850000.000000 56.6923008345
3900000.000000 32.3122428300
3950000.000000 33.4413199609
4000000.000000 32.3450796809
4050000.000000 35.1393026012
4100000.000000 35.5082320046
4150000.000000 32.9852057171
4200000.000000 37.7884865903
4250000.000000 33.6874402922
4300000.000000 34.3908989541
4350000.000000 31.4797053821
4400000.000000 34.3861230353
4450000.000000 36.7440316006
4500000.000000 35.2010703570
4550000.000000 37.4351567991
4600000.000000 33.0568297375
4650000.000000 33.8675684423
4700000.000000 49.6663517225
4750000.000000 38.2174928983
4800000.000000 35.1335482598
4850000.000000 37.2032607620
4900000.000000 34.8866388082
4950000.000000 31.5905167772
5000000.000000 36.2719856649
5050000.000000 35.1200453062
5100000.000000 36.1675398772
5150000.000000 35.7951082460
5200000.000000 35.2340761116
5250000.000000 34.7477698358
5300000.000000 33.7249400457
5350000.000000 35.2194596602
5400000.000000 33.9117344478
5450000.000000 32.4458247379
5500000.000000 38.8839748615
5550000.000000 44.8712917239
5600000.000000 35.9211901618
5650000.000000 42.4282205484
5700000.000000 34.1524508746
5750000.000000 33.9623809574
5800000.000000 42.7372446594
5850000.000000 33.2007639787
5900000.000000 33.0696932582
5950000.000000 32.3850124315
6000000.000000 36.1662797288
6050000.000000 32.6951207304
6100000.000000 32.1368913077
6150000.000000 35.0156349352
6200000.000000 33.2396436423
6250000.000000 37.9626015180
6300000.000000 30.9608201730
6350000.000000 38.7372667716
6400000.000000 32.1048284121
6450000.000000 33.9558217207
6500000.000000 33.0939524353
6550000.000000 34.0733279890
6600000.000000 32.3683042859
6650000.000000 31.3556064114
6700000.000000 31.1678122362
6750000.000000 33.9003054505
6800000.000000 35.9883603147
6850000.000000 37.2728651639
6900000.000000 34.3924108668
6950000.000000 38.3480678640
7000000.000000 33.7597243311
7050000.000000 34.5222582497
7100000.000000 31.0790464090
7150000.000000 31.1391813974
7200000.000000 37.3396904284
7250000.000000 32.6676850150
7300000.000000 36.8131045058
7350000.000000 37.8566400282
7400000.000000 38.0056590328
7450000.000000 30.6238329550
7500000.000000 31.6256859958
7550000.000000 33.2132425847
7600000.000000 31.6508311404
7650000.000000 35.4526734683
7700000.000000 42.1711175590
7750000.000000 31.8914268764
7800000.000000 33.6060351869
7850000.000000 31.6482436125
7900000.000000 34.1510003017
7950000.000000 37.2703322367
8000000.000000 33.7730387796
8050000.000000 40.5545374244
8100000.000000 30.3367062534
8150000.000000 33.6750495283
8200000.000000 33.4623429778
8250000.000000 36.1399638962
8300000.000000 33.4227254524
8350000.000000 30.9429026060
8400000.000000 36.0718202459
8450000.000000 31.3867127660
8500000.000000 32.9256251235
8550000.000000 31.9768172753
8600000.000000 31.8817399429
8650000.000000 37.4968346998
8700000.000000 32.2535877328
8750000.000000 32.4102413849
8800000.000000 35.7137127059
8850000.000000 48.9763532134
8900000.000000 33.4020121618
8950000.000000 40.6916120123
9000000.000000 50.1068056535
9050000.000000 36.4886493530
9100000.000000 32.5670870742
9150000.000000 33.9177685535
9200000.000000 31.8822138979
9250000.000000 32.5019156758
9300000.000000 31.3488938399
9350000.000000 30.8933169039
9400000.000000 31.8812904393
9450000.000000 34.1963180410
9500000.000000 32.7644292282
9550000.000000 36.8624751985
9600000.000000 33.2455922383
9650000.000000 31.4315697223
9700000.000000 35.5958480530
9750000.000000 39.5521336649
9800000.000000 37.5707742553
9850000.000000 31.4962493458
9900000.000000 30.5123906619
9950000.000000 35.7026157695
10000000.000000 32.7896029343
10050000.000000 34.9171665071
10100000.000000 32.9274549571
10150000.000000 39.5303682284
10200000.000000 33.2659921093
10250000.000000 36.2178183625
10300000.000000 32.3936656826
10350000.000000 34.9682701402
10400000.000000 34.9721586819
10450000.000000 34.7297185244
10500000.000000 35.4097320012
10550000.000000 35.3369527431
10600000.000000 32.9973511271
10650000.000000 35.7343926939
10700000.000000 36.6898701092
10750000.000000 33.9305914686
10800000.000000 34.8856114854
10850000.000000 44.8483112952
10900000.000000 33.0612627423
10950000.000000 33.0783521401
11000000.000000 32.9467454316
11050000.000000 30.2583201118
11100000.000000 30.0980904675
11150000.000000 47.1647016351
11200000.000000 33.5619187010
11250000.000000 32.2091925609
11300000.000000 32.7252398066
11350000.000000 32.1753677923
11400000.000000 31.8843552707
11450000.000000 31.4936474975
11500000.000000 35.5529532543
11550000.000000 32.9706929263
11600000.000000 37.7234427350
11650000.000000 34.6230609855
11700000.000000 32.2744307771
11750000.000000 31.3455443349
11800000.000000 34.9669150637
11850000.000000 33.6073894782
11900000.000000 37.2047465320
11950000.000000 32.1670467993
12000000.000000 36.1002828044
12050000.000000 35.5325919810
12100000.000000 35.9089907968
12150000.000000 32.6638633572
12200000.000000 33.2534189083
12250000.000000 31.5236724463
12300000.000000 31.5245575492
12350000.000000 29.8976282542
12400000.000000 31.1267263687
12450000.000000 30.1352831538
12500000.000000 30.5006774257
12550000.000000 32.3070046091
12600000.000000 35.9591359646
12650000.000000 34.0244236705
12700000.000000 35.9205109757
12750000.000000 30.2629556669
12800000.000000 32.5011617103
12850000.000000 32.6929839039
12900000.000000 32.4678376118
12950000.000000 33.0648698749
13000000.000000 30.4142420884
13050000.000000 33.3060366369
13100000.000000 34.4401215161
13150000.000000 38.9438260759
13200000.000000 32.9328715380
13250000.000000 32.1656679243
13300000.000000 31.8068396268
13350000.000000 33.6133277592
13400000.000000 33.1479476490
13450000.000000 30.6392492948
13500000.000000 29.7525258957
13550000.000000 40.2205687963
13600000.000000 33.8536538593
13650000.000000 34.3589595349
13700000.000000 35.6123820508
13750000.000000 30.9686904145
13800000.000000 30.1137266939
13850000.000000 41.0246624952
13900000.000000 32.3808659091
13950000.000000 36.4170264824
14000000.000000 33.3838909730
14050000.000000 39.3530656117
14100000.000000 35.5596239110
14150000.000000 40.2911586464
14200000.000000 32.2969802401
14250000.000000 35.1348496590
14300000.000000 33.4073045217
14350000.000000 30.9703549739
14400000.000000 38.3118404107
14450000.000000 35.5903758582
14500000.000000 34.0275826304
14550000.000000 33.2797137540
14600000.000000 32.3128713782
14650000.000000 43.5395949129
14700000.000000 38.3081905186
14750000.000000 34.2310755581
14800000.000000 46.6641997297
14850000.000000 38.8621349299
14900000.000000 33.1497729459
14950000.000000 34.2072411813
15000000.000000 39.8766813438
15050000.000000 36.0250363903
15100000.000000 45.7983376586
15150000.000000 50.8174661722
15200000.000000 33.4123745680
15250000.000000 33.6883920287
15300000.000000 38.5011405928
15350000.000000 36.8916556116
15400000.000000 43.6275193062
15450000.000000 34.0599220656
15500000.000000 34.0499994033
15550000.000000 35.3527038932
15600000.000000 37.3329286855
15650000.000000 34.7041848440
15700000.000000 32.9708312412
15750000.000000 30.9567638055
15800000.000000 40.2703933456
15850000.000000 35.9642241082
15900000.000000 42.6660543378
15950000.000000 31.6071180904
16000000.000000 34.8222230833
16050000.000000 35.9582991365
16100000.000000 40.6290371521
16150000.000000 34.8153542671
16200000.000000 31.5880097022
16250000.000000 32.9396526883
16300000.000000 36.3283505040
16350000.000000 34.6117037187
16400000.000000 34.8898265477
16450000.000000 34.2128302083
16500000.000000 33.0230724030
16550000.000000 32.9997428374
16600000.000000 33.8147333639
16650000.000000 48.4137436881
16700000.000000 31.4748659511
16750000.000000 31.8155368766
16800000.000000 36.8961636342
16850000.000000 53.0852843285
16900000.000000 33.1866593098
16950000.000000 34.6505574420
17000000.000000 34.9015550583
17050000.000000 32.1481004238
17100000.000000 35.9755142023
17150000.000000 32.2841469168
17200000.000000 33.9587080955
17250000.000000 31.9968594321
17300000.000000 32.2671362192
17350000.000000 35.9587768285
17400000.000000 32.0180570423
17450000.000000 31.5573356104
17500000.000000 32.5161857344
17550000.000000 37.4664266569
17600000.000000 33.9081815655
17650000.000000 40.5327140442
17700000.000000 32.0420486651
17750000.000000 39.1444631401
17800000.000000 40.0637717885
17850000.000000 29.7625054522
17900000.000000 31.1485278750
17950000.000000 29.7545541169
18000000.000000 32.4535928571
18050000.000000 35.5641308793
18100000.000000 45.2013589872
18150000.000000 38.6372717213
18200000.000000 35.2017476939
18250000.000000 36.2890878760
18300000.000000 29.5788931960
18350000.000000 42.6952536751
18400000.000000 32.9613036042
18450000.000000 34.7498438589
18500000.000000 33.8648579303
18550000.000000 35.1421247850
18600000.000000 36.4043860165
18650000.000000 33.0764153469
18700000.000000 35.1886143567
18750000.000000 33.8246285695
18800000.000000 32.9983280831
18850000.000000 31.9956121030
18900000.000000 37.0121734708
18950000.000000 38.2473422834
19000000.000000 31.9463101078
19050000.000000 34.1061567690
19100000.000000 38.4650645875
19150000.000000 32.0111108112
19200000.000000 31.8998836639
19250000.000000 33.8305499900
19300000.000000 34.2900694125
19350000.000000 33.7010762540
19400000.000000 37.9048640727
19450000.000000 32.0192854369
19500000.000000 32.0450158937
19550000.000000 31.7143648680
19600000.000000 31.6647107381
19650000.000000 32.2064389504
19700000.000000 37.0598340903
19750000.000000 38.3797526032
19800000.000000 32.5032386475
19850000.000000 34.2438657031
19900000.000000 33.1746751971
19950000.000000 32.9367953890
20000000.000000 33.5977680264
20050000.000000 34.7794714433
20100000.000000 34.6442688370
