# time cluster_size count
150000.000000 1 2
150000.000000 648 1
200000.000000 1 4
200000.000000 2 1
200000.000000 644 1
250000.000000 1 4
250000.000000 646 1
300000.000000 1 8
300000.000000 2 1
300000.000000 640 1
350000.000000 1 6
350000.000000 644 1
400000.000000 1 4
400000.000000 2 3
400000.000000 3 1
400000.000000 637 1
450000.000000 1 7
450000.000000 3 2
450000.000000 637 1
500000.000000 1 4
500000.000000 3 1
500000.000000 643 1
550000.000000 1 2
550000.000000 648 1
600000.000000 1 5
600000.000000 645 1
650000.000000 1 5
650000.000000 645 1
700000.000000 1 7
700000.000000 2 1
700000.000000 641 1
750000.000000 1 6
750000.000000 644 1
800000.000000 1 5
800000.000000 645 1
850000.000000 1 4
850000.000000 646 1
900000.000000 1 3
900000.000000 2 1
900000.000000 645 1
950000.000000 1 5
950000.000000 3 1
950000.000000 642 1
1000000.000000 1 7
1000000.000000 2 2
1000000.000000 3 1
1000000.000000 636 1
1050000.000000 1 1
1050000.000000 649 1
1100000.000000 1 6
1100000.000000 644 1
1150000.000000 1 6
1150000.000000 2 2
1150000.000000 640 1
1200000.000000 1 8
1200000.000000 2 1
1200000.000000 640 1
1250000.000000 1 7
1250000.000000 643 1
1300000.000000 1 4
1300000.000000 646 1
1350000.000000 1 7
1350000.000000 2 1
1350000.000000 641 1
1400000.000000 1 6
1400000.000000 644 1
1450000.000000 1 4
1450000.000000 646 1
1500000.000000 1 3
1500000.000000 3 1
1500000.000000 644 1
1550000.000000 1 5
1550000.000000 2 2
1550000.000000 3 1
1550000.000000 638 1
1600000.000000 1 8
1600000.000000 2 3
1600000.000000 636 1
1650000.000000 1 4
1650000.000000 2 1
1650000.000000 4 1
1650000.000000 640 1
1700000.000000 1 6
1700000.000000 2 2
1700000.000000 640 1
1750000.000000 1 4
1750000.000000 2 2
1750000.000000 642 1
1800000.000000 1 6
1800000.000000 2 1
1800000.000000 3 1
1800000.000000 639 1
1850000.000000 1 5
1850000.000000 2 2
1850000.000000 641 1
1900000.000000 1 4
1900000.000000 2 3
1900000.000000 640 1
1950000.000000 1 9
1950000.000000 641 1
2000000.000000 1 7
2000000.000000 643 1
2050000.000000 1 4
2050000.000000 646 1
2100000.000000 1 9
2100000.000000 641 1
2150000.000000 1 3
2150000.000000 2 1
2150000.000000 645 1
2200000.000000 1 7
2200000.000000 2 1
2200000.000000 641 1
2250000.000000 1 10
2250000.000000 640 1
2300000.000000 1 3
2300000.000000 647 1
2350000.000000 1 5
2350000.000000 2 1
2350000.000000 4 1
2350000.000000 639 1
2400000.000000 1 3
2400000.000000 647 1
2450000.000000 1 2
2450000.000000 2 2
2450000.000000 644 1
2500000.000000 1 5
2500000.000000 2 1
2500000.000000 3 1
2500000.000000 640 1
2550000.000000 1 9
2550000.000000 2 2
2550000.000000 637 1
2600000.000000 1 8
2600000.000000 642 1
2650000.000000 1 10
2650000.000000 640 1
2700000.000000 1 7
2700000.000000 643 1
2750000.000000 1 3
2750000.000000 647 1
2800000.000000 1 5
2800000.000000 645 1
2850000.000000 1 8
2850000.000000 2 1
2850000.000000 640 1
2900000.000000 1 1
2900000.000000 649 1
2950000.000000 1 4
2950000.000000 646 1
3000000.000000 1 8
3000000.000000 642 1
3050000.000000 1 9
3050000.000000 641 1
3100000.000000 1 6
3100000.000000 2 1
3100000.000000 642 1
3150000.000000 1 11
3150000.000000 639 1
3200000.000000 1 5
3200000.000000 645 1
3250000.000000 1 6
3250000.000000 644 1
3300000.000000 1 8
3300000.000000 2 1
3300000.000000 4 1
3300000.000000 636 1
3350000.000000 1 6
3350000.000000 644 1
3400000.000000 1 5
3400000.000000 2 1
3400000.000000 643 1
3450000.000000 1 5
3450000.000000 645 1
3500000.000000 1 4
3500000.000000 2 1
3500000.000000 644 1
3550000.000000 1 4
3550000.000000 2 1
3550000.000000 644 1
3600000.000000 1 3
3600000.000000 647 1
3650000.000000 1 6
3650000.000000 2 4
3650000.000000 4 2
3650000.000000 628 1
3700000.000000 1 6
3700000.000000 5 1
3700000.000000 639 1
3750000.000000 1 3
3750000.000000 5 1
3750000.000000 642 1
3800000.000000 1 5
3800000.000000 3 1
3800000.000000 642 1
3850000.000000 1 4
3850000.000000 2 1
3850000.000000 3 1
3850000.000000 641 1
3900000.000000 1 5
3900000.000000 645 1
3950000.000000 1 6
3950000.000000 3 1
3950000.000000 641 1
4000000.000000 1 5
4000000.000000 2 1
4000000.000000 643 1
4050000.000000 1 4
4050000.000000 646 1
4100000.000000 1 9
4100000.000000 641 1
4150000.000000 1 3
4150000.000000 2 1
4150000.000000 645 1
4200000.000000 1 6
4200000.000000 644 1
4250000.000000 1 9
4250000.000000 641 1
4300000.000000 1 7
4300000.000000 2 1
4300000.000000 641 1
4350000.000000 1 9
4350000.000000 641 1
4400000.000000 1 5
4400000.000000 2 1
4400000.000000 643 1
4450000.000000 1 3
4450000.000000 2 1
4450000.000000 3 1
4450000.000000 642 1
4500000.000000 1 4
4500000.000000 2 1
4500000.000000 7 1
4500000.000000 637 1
4550000.000000 1 8
4550000.000000 2 2
4550000.000000 638 1
4600000.000000 1 8
4600000.000000 2 2
4600000.000000 3 1
4600000.000000 635 1
4650000.000000 1 4
4650000.000000 3 1
4650000.000000 643 1
4700000.000000 1 6
4700000.000000 2 1
4700000.000000 642 1
4750000.000000 1 5
4750000.000000 2 1
4750000.000000 643 1
4800000.000000 1 5
4800000.000000 645 1
4850000.000000 1 12
4850000.000000 2 1
4850000.000000 3 1
4850000.000000 633 1
4900000.000000 1 2
4900000.000000 2 1
4900000.000000 3 1
4900000.000000 643 1
4950000.000000 1 2
4950000.000000 2 1
4950000.000000 646 1
5000000.000000 1 2
5000000.000000 648 1
5050000.000000 1 6
5050000.000000 2 2
5050000.000000 640 1
5100000.000000 1 5
5100000.000000 2 1
5100000.000000 643 1
5150000.000000 1 3
5150000.000000 647 1
5200000.000000 1 4
5200000.000000 2 3
5200000.000000 640 1
5250000.000000 1 6
5250000.000000 2 1
5250000.000000 642 1
5300000.000000 1 3
5300000.000000 2 1
5300000.000000 645 1
5350000.000000 1 5
5350000.000000 645 1
5400000.000000 1 4
5400000.000000 2 2
5400000.000000 642 1
5450000.000000 1 6
5450000.000000 2 1
5450000.000000 642 1
5500000.000000 1 4
5500000.000000 646 1
5550000.000000 1 8
5550000.000000 642 1
5600000.000000 1 8
5600000.000000 642 1
5650000.000000 1 10
5650000.000000 640 1
5700000.000000 1 8
5700000.000000 3 1
5700000.000000 639 1
5750000.000000 1 6
5750000.000000 6 1
5750000.000000 638 1
5800000.000000 1 9
5800000.000000 2 2
5800000.000000 3 1
5800000.000000 634 1
5850000.000000 1 11
5850000.000000 639 1
5900000.000000 1 3
5900000.000000 647 1
5950000.000000 1 5
5950000.000000 3 1
5950000.000000 642 1
6000000.000000 1 9
6000000.000000 2 3
6000000.000000 635 1
6050000.000000 1 4
6050000.000000 2 1
6050000.000000 3 1
6050000.000000 641 1
6100000.000000 1 6
6100000.000000 2 1
6100000.000000 642 1
6150000.000000 1 10
6150000.000000 2 1
6150000.000000 638 1
6200000.000000 1 4
6200000.000000 646 1
6250000.000000 1 4
6250000.000000 2 1
6250000.000000 3 1
6250000.000000 5 1
6250000.000000 636 1
6300000.000000 1 5
6300000.000000 645 1
6350000.000000 1 7
6350000.000000 643 1
6400000.000000 1 2
6400000.000000 3 1
6400000.000000 645 1
6450000.000000 1 8
6450000.000000 2 1
6450000.000000 640 1
6500000.000000 1 6
6500000.000000 2 1
6500000.000000 642 1
6550000.000000 1 4
6550000.000000 2 1
6550000.000000 644 1
6600000.000000 1 7
6600000.000000 2 1
6600000.000000 641 1
6650000.000000 1 11
6650000.000000 639 1
6700000.000000 1 6
6700000.000000 2 1
6700000.000000 4 1
6700000.000000 638 1
6750000.000000 1 9
6750000.000000 3 1
6750000.000000 638 1
6800000.000000 1 4
6800000.000000 646 1
6850000.000000 1 10
6850000.000000 3 1
6850000.000000 637 1
6900000.000000 1 1
6900000.000000 649 1
6950000.000000 1 8
6950000.000000 642 1
7000000.000000 1 6
7000000.000000 2 1
7000000.000000 642 1
7050000.000000 1 3
7050000.000000 2 1
7050000.000000 645 1
7100000.000000 1 3
7100000.000000 2 2
7100000.000000 643 1
7150000.000000 1 9
7150000.000000 641 1
7200000.000000 1 10
7200000.000000 2 2
7200000.000000 636 1
7250000.000000 1 5
7250000.000000 2 2
7250000.000000 3 1
7250000.000000 638 1
7300000.000000 1 3
7300000.000000 647 1
7350000.000000 1 4
7350000.000000 646 1
7400000.000000 1 6
7400000.000000 644 1
7450000.000000 1 12
7450000.000000 2 3
7450000.000000 632 1
7500000.000000 1 6
7500000.000000 2 1
7500000.000000 642 1
7550000.000000 1 4
7550000.000000 2 3
7550000.000000 640 1
7600000.000000 1 8
7600000.000000 2 1
7600000.000000 640 1
7650000.000000 1 10
7650000.000000 5 1
7650000.000000 635 1
7700000.000000 1 11
7700000.000000 2 1
7700000.000000 637 1
7750000.000000 1 5
7750000.000000 2 1
7750000.000000 643 1
7800000.000000 1 3
7800000.000000 3 2
7800000.000000 641 1
7850000.000000 1 10
7850000.000000 640 1
7900000.000000 1 9
7900000.000000 641 1
7950000.000000 1 2
7950000.000000 648 1
8000000.000000 1 6
8000000.000000 2 1
8000000.000000 3 1
8000000.000000 639 1
8050000.000000 1 13
8050000.000000 2 1
8050000.000000 635 1
8100000.000000 1 4
8100000.000000 646 1
8150000.000000 1 3
8150000.000000 647 1
8200000.000000 1 10
8200000.000000 2 2
8200000.000000 636 1
8250000.000000 1 6
8250000.000000 2 1
8250000.000000 642 1
8300000.000000 1 6
8300000.000000 2 1
8300000.000000 3 1
8300000.000000 639 1
8350000.000000 1 8
8350000.000000 2 1
8350000.000000 640 1
8400000.000000 1 4
8400000.000000 2 1
8400000.000000 644 1
8450000.000000 1 8
8450000.000000 2 1
8450000.000000 640 1
8500000.000000 1 4
8500000.000000 4 1
8500000.000000 642 1
8550000.000000 1 9
8550000.000000 2 1
8550000.000000 639 1
8600000.000000 1 4
8600000.000000 646 1
8650000.000000 1 4
8650000.000000 646 1
8700000.000000 1 4
8700000.000000 2 1
8700000.000000 644 1
8750000.000000 1 4
8750000.000000 646 1
8800000.000000 1 9
8800000.000000 641 1
8850000.000000 1 9
8850000.000000 2 2
8850000.000000 637 1
8900000.000000 1 9
8900000.000000 641 1
8950000.000000 1 2
8950000.000000 2 4
8950000.000000 640 1
9000000.000000 1 5
9000000.000000 645 1
9050000.000000 1 5
9050000.000000 645 1
9100000.000000 1 3
9100000.000000 647 1
9150000.000000 1 2
9150000.000000 648 1
9200000.000000 1 12
9200000.000000 2 2
9200000.000000 634 1
9250000.000000 1 2
9250000.000000 2 2
9250000.000000 3 1
9250000.000000 641 1
9300000.000000 1 7
9300000.000000 643 1
9350000.000000 1 6
9350000.000000 644 1
9400000.000000 1 8
9400000.000000 2 3
9400000.000000 4 1
9400000.000000 632 1
9450000.000000 1 3
9450000.000000 2 1
9450000.000000 645 1
9500000.000000 1 5
9500000.000000 645 1
9550000.000000 1 5
9550000.000000 2 2
9550000.000000 641 1
9600000.000000 1 5
9600000.000000 2 1
9600000.000000 643 1
9650000.000000 1 5
9650000.000000 2 1
9650000.000000 643 1
9700000.000000 1 7
9700000.000000 643 1
9750000.000000 1 4
9750000.000000 646 1
9800000.000000 1 5
9800000.000000 2 1
9800000.000000 3 1
9800000.000000 640 1
9850000.000000 1 2
9850000.000000 2 1
9850000.000000 3 1
9850000.000000 643 1
9900000.000000 1 5
9900000.000000 2 2
9900000.000000 641 1
9950000.000000 1 2
9950000.000000 2 1
9950000.000000 3 1
9950000.000000 643 1
10000000.000000 1 4
10000000.000000 646 1
10050000.000000 1 1
10050000.000000 3 1
10050000.000000 646 1
10100000.000000 1 4
10100000.000000 2 1
10100000.000000 644 1
10150000.000000 1 10
10150000.000000 3 1
10150000.000000 4 1
10150000.000000 633 1
10200000.000000 1 4
10200000.000000 2 1
10200000.000000 4 1
10200000.000000 640 1
10250000.000000 1 4
10250000.000000 2 1
10250000.000000 644 1
10300000.000000 1 4
10300000.000000 2 1
10300000.000000 644 1
10350000.000000 1 5
10350000.000000 2 1
10350000.000000 643 1
10400000.000000 1 9
10400000.000000 2 1
10400000.000000 639 1
10450000.000000 1 8
10450000.000000 2 1
10450000.000000 640 1
10500000.000000 1 8
10500000.000000 2 1
10500000.000000 640 1
10550000.000000 1 7
10550000.000000 643 1
10600000.000000 1 5
10600000.000000 2 1
10600000.000000 643 1
10650000.000000 1 7
10650000.000000 2 1
10650000.000000 641 1
10700000.000000 1 12
10700000.000000 7 1
10700000.000000 631 1
10750000.000000 1 8
10750000.000000 2 1
10750000.000000 640 1
10800000.000000 1 10
10800000.000000 2 2
10800000.000000 636 1
10850000.000000 1 7
10850000.000000 2 2
10850000.000000 639 1
10900000.000000 1 4
10900000.000000 646 1
10950000.000000 1 1
10950000.000000 3 1
10950000.000000 646 1
11000000.000000 1 8
11000000.000000 2 1
11000000.000000 640 1
11050000.000000 1 8
11050000.000000 2 1
11050000.000000 640 1
11100000.000000 1 8
11100000.000000 2 2
11100000.000000 638 1
11150000.000000 1 9
11150000.000000 2 1
11150000.000000 639 1
11200000.000000 1 7
11200000.000000 2 1
11200000.000000 641 1
11250000.000000 1 6
11250000.000000 644 1
11300000.000000 1 9
11300000.000000 2 1
11300000.000000 639 1
11350000.000000 1 5
11350000.000000 645 1
11400000.000000 1 5
11400000.000000 645 1
11450000.000000 1 7
11450000.000000 643 1
11500000.000000 1 3
11500000.000000 2 2
11500000.000000 643 1
11550000.000000 1 9
11550000.000000 2 3
11550000.000000 3 1
11550000.000000 632 1
11600000.000000 1 10
11600000.000000 2 1
11600000.000000 638 1
11650000.000000 1 4
11650000.000000 646 1
11700000.000000 1 7
11700000.000000 4 1
11700000.000000 639 1
11750000.000000 1 10
11750000.000000 640 1
11800000.000000 1 4
11800000.000000 2 2
11800000.000000 642 1
11850000.000000 1 8
11850000.000000 642 1
11900000.000000 1 7
11900000.000000 2 1
11900000.000000 641 1
11950000.000000 1 3
11950000.000000 2 1
11950000.000000 645 1
12000000.000000 1 5
12000000.000000 645 1
12050000.000000 1 7
12050000.000000 2 1
12050000.000000 3 1
12050000.000000 638 1
12100000.000000 1 2
12100000.000000 2 1
12100000.000000 646 1
12150000.000000 1 3
12150000.000000 647 1
12200000.000000 1 6
12200000.000000 2 2
12200000.000000 640 1
12250000.000000 1 8
12250000.000000 2 3
12250000.000000 636 1
12300000.000000 1 6
12300000.000000 644 1
12350000.000000 1 7
12350000.000000 643 1
12400000.000000 1 8
12400000.000000 2 1
12400000.000000 640 1
12450000.000000 1 9
12450000.000000 2 2
12450000.000000 637 1
12500000.000000 1 10
12500000.000000 2 1
12500000.000000 3 2
12500000.000000 632 1
12550000.000000 1 7
12550000.000000 2 1
12550000.000000 641 1
12600000.000000 1 4
12600000.000000 2 1
12600000.000000 4 1
12600000.000000 640 1
12650000.000000 1 7
12650000.000000 2 1
12650000.000000 641 1
12700000.000000 1 5
12700000.000000 2 2
12700000.000000 4 1
12700000.000000 637 1
12750000.000000 1 5
12750000.000000 2 1
12750000.000000 4 1
12750000.000000 639 1
12800000.000000 1 16
12800000.000000 634 1
12850000.000000 1 2
12850000.000000 3 1
12850000.000000 645 1
12900000.000000 1 4
12900000.000000 646 1
12950000.000000 1 4
12950000.000000 5 1
12950000.000000 641 1
13000000.000000 1 4
13000000.000000 2 1
13000000.000000 644 1
13050000.000000 1 7
13050000.000000 2 4
13050000.000000 3 1
13050000.000000 632 1
13100000.000000 1 9
13100000.000000 2 1
13100000.000000 639 1
13150000.000000 1 4
13150000.000000 646 1
13200000.000000 1 5
13200000.000000 645 1
13250000.000000 1 8
13250000.000000 642 1
13300000.000000 1 6
13300000.000000 3 1
13300000.000000 641 1
13350000.000000 1 7
13350000.000000 643 1
13400000.000000 1 7
13400000.000000 643 1
13450000.000000 1 5
13450000.000000 2 1
13450000.000000 643 1
13500000.000000 1 8
13500000.000000 642 1
13550000.000000 1 7
13550000.000000 643 1
13600000.000000 1 2
13600000.000000 2 1
13600000.000000 3 1
13600000.000000 643 1
13650000.000000 1 8
13650000.000000 2 1
13650000.000000 640 1
13700000.000000 1 5
13700000.000000 645 1
13750000.000000 1 3
13750000.000000 647 1
13800000.000000 1 3
13800000.000000 647 1
13850000.000000 1 4
13850000.000000 646 1
13900000.000000 1 7
13900000.000000 2 1
13900000.000000 641 1
13950000.000000 1 5
13950000.000000 645 1
14000000.000000 1 2
14000000.000000 648 1
14050000.000000 1 6
14050000.000000 2 1
14050000.000000 642 1
14100000.000000 1 3
14100000.000000 3 1
14100000.000000 644 1
14150000.000000 1 5
14150000.000000 3 1
14150000.000000 642 1
14200000.000000 1 3
14200000.000000 2 1
14200000.000000 645 1
14250000.000000 1 8
14250000.000000 2 1
14250000.000000 640 1
14300000.000000 1 6
14300000.000000 2 1
14300000.000000 642 1
14350000.000000 1 4
14350000.000000 2 1
14350000.000000 644 1
14400000.000000 1 7
14400000.000000 643 1
14450000.000000 1 8
14450000.000000 642 1
14500000.000000 1 4
14500000.000000 646 1
14550000.000000 1 3
14550000.000000 2 2
14550000.000000 643 1
14600000.000000 1 5
14600000.000000 2 4
14600000.000000 637 1
14650000.000000 1 2
14650000.000000 2 2
14650000.000000 644 1
14700000.000000 1 4
14700000.000000 2 2
14700000.000000 642 1
14750000.000000 1 7
14750000.000000 2 2
14750000.000000 639 1
14800000.000000 1 6
14800000.000000 2 2
14800000.000000 640 1
14850000.000000 1 9
14850000.000000 641 1
14900000.000000 1 4
14900000.000000 646 1
14950000.000000 1 4
14950000.000000 2 1
14950000.000000 644 1
15000000.000000 1 5
15000000.000000 2 1
15000000.000000 643 1
15050000.000000 1 3
15050000.000000 2 1
15050000.000000 5 1
15050000.000000 640 1
15100000.000000 1 5
15100000.000000 645 1
15150000.000000 1 4
15150000.000000 646 1
15200000.000000 1 6
15200000.000000 644 1
15250000.000000 1 9
15250000.000000 641 1
15300000.000000 1 5
15300000.000000 2 1
15300000.000000 6 1
15300000.000000 637 1
15350000.000000 1 3
15350000.000000 2 1
15350000.000000 645 1
15400000.000000 1 3
15400000.000000 2 2
15400000.000000 643 1
15450000.000000 1 7
15450000.000000 2 1
15450000.000000 641 1
15500000.000000 1 7
15500000.000000 643 1
15550000.000000 1 5
15550000.000000 2 1
15550000.000000 643 1
15600000.000000 1 5
15600000.000000 645 1
15650000.000000 1 9
15650000.000000 2 1
15650000.000000 639 1
15700000.000000 1 7
15700000.000000 643 1
15750000.000000 1 6
15750000.000000 3 1
15750000.000000 641 1
15800000.000000 1 8
15800000.000000 2 1
15800000.000000 640 1
15850000.000000 1 6
15850000.000000 644 1
15900000.000000 1 1
15900000.000000 649 1
15950000.000000 1 9
15950000.000000 641 1
16000000.000000 1 5
16000000.000000 3 1
16000000.000000 642 1
16050000.000000 1 5
16050000.000000 645 1
16100000.000000 1 4
16100000.000000 3 1
16100000.000000 643 1
16150000.000000 1 4
16150000.000000 2 1
16150000.000000 644 1
16200000.000000 1 7
16200000.000000 2 1
16200000.000000 3 1
16200000.000000 4 1
16200000.000000 634 1
16250000.000000 1 10
16250000.000000 2 1
16250000.000000 638 1
16300000.000000 1 4
16300000.000000 2 1
16300000.000000 644 1
16350000.000000 1 3
16350000.000000 2 1
16350000.000000 645 1
16400000.000000 1 9
16400000.000000 641 1
16450000.000000 1 7
16450000.000000 643 1
16500000.000000 1 5
16500000.000000 645 1
16550000.000000 1 7
16550000.000000 2 3
16550000.000000 637 1
16600000.000000 1 6
16600000.000000 2 1
16600000.000000 642 1
16650000.000000 1 7
16650000.000000 643 1
16700000.000000 1 5
16700000.000000 645 1
16750000.000000 1 2
16750000.000000 2 1
16750000.000000 646 1
16800000.000000 1 5
16800000.000000 645 1
16850000.000000 1 5
16850000.000000 2 1
16850000.000000 643 1
16900000.000000 1 5
16900000.000000 2 2
16900000.000000 641 1
16950000.000000 1 9
16950000.000000 2 2
16950000.000000 637 1
17000000.000000 1 12
17000000.000000 2 2
17000000.000000 634 1
17050000.000000 1 8
17050000.000000 3 1
17050000.000000 639 1
17100000.000000 1 4
17100000.000000 646 1
17150000.000000 1 2
17150000.000000 648 1
17200000.000000 1 8
17200000.000000 2 2
17200000.000000 638 1
17250000.000000 1 5
17250000.000000 3 2
17250000.000000 639 1
17300000.000000 1 5
17300000.000000 2 1
17300000.000000 3 1
17300000.000000 640 1
17350000.000000 1 6
17350000.000000 644 1
17400000.000000 1 5
17400000.000000 2 1
17400000.000000 643 1
17450000.000000 1 10
17450000.000000 640 1
17500000.000000 1 5
17500000.000000 645 1
17550000.000000 1 6
17550000.000000 644 1
17600000.000000 1 6
17600000.000000 644 1
17650000.000000 1 4
17650000.000000 2 1
17650000.000000 4 1
17650000.000000 640 1
17700000.000000 1 10
17700000.000000 640 1
17750000.000000 1 5
17750000.000000 645 1
17800000.000000 1 8
17800000.000000 642 1
17850000.000000 1 5
17850000.000000 2 1
17850000.000000 3 1
17850000.000000 640 1
17900000.000000 1 3
17900000.000000 2 1
17900000.000000 645 1
17950000.000000 1 8
17950000.000000 2 1
17950000.000000 4 1
17950000.000000 636 1
18000000.000000 1 8
18000000.000000 2 2
18000000.000000 638 1
18050000.000000 1 7
18050000.000000 2 1
18050000.000000 641 1
18100000.000000 1 5
18100000.000000 2 1
18100000.000000 643 1
18150000.000000 1 6
18150000.000000 2 2
18150000.000000 640 1
18200000.000000 1 6
18200000.000000 644 1
18250000.000000 1 2
18250000.000000 648 1
18300000.000000 1 5
18300000.000000 2 1
18300000.000000 643 1
18350000.000000 1 8
18350000.000000 642 1
18400000.000000 1 5
18400000.000000 2 2
18400000.000000 3 1
18400000.000000 638 1
18450000.000000 1 6
18450000.000000 644 1
18500000.000000 1 8
18500000.000000 2 1
18500000.000000 640 1
18550000.000000 1 3
18550000.000000 2 2
18550000.000000 643 1
18600000.000000 1 8
18600000.000000 642 1
18650000.000000 1 3
18650000.000000 2 2
18650000.000000 643 1
18700000.000000 1 8
18700000.000000 2 1
18700000.000000 640 1
18750000.000000 2 1
18750000.000000 3 1
18750000.000000 645 1
18800000.000000 1 5
18800000.000000 645 1
18850000.000000 1 12
18850000.000000 2 2
18850000.000000 634 1
18900000.000000 1 8
18900000.000000 2 1
18900000.000000 640 1
18950000.000000 1 7
18950000.000000 643 1
19000000.000000 1 1
19000000.000000 649 1
19050000.000000 1 5
19050000.000000 3 1
19050000.000000 642 1
19100000.000000 1 9
19100000.000000 2 2
19100000.000000 3 1
19100000.000000 634 1
19150000.000000 1 8
19150000.000000 3 1
19150000.000000 639 1
19200000.000000 1 4
19200000.000000 2 1
19200000.000000 644 1
19250000.000000 1 9
19250000.000000 641 1
19300000.000000 1 7
19300000.000000 643 1
19350000.000000 1 9
19350000.000000 2 2
19350000.000000 637 1
19400000.000000 1 11
19400000.000000 2 3
19400000.000000 3 1
19400000.000000 630 1
19450000.000000 1 4
19450000.000000 2 2
19450000.000000 642 1
19500000.000000 1 9
19500000.000000 2 1
19500000.000000 639 1
19550000.000000 1 5
19550000.000000 645 1
19600000.000000 1 9
19600000.000000 2 1
19600000.000000 639 1
19650000.000000 1 7
19650000.000000 643 1
19700000.000000 1 6
19700000.000000 2 1
19700000.000000 642 1
19750000.000000 1 9
19750000.000000 641 1
19800000.000000 1 5
19800000.000000 2 1
19800000.000000 643 1
19850000.000000 1 3
19850000.000000 2 1
19850000.000000 645 1
19900000.000000 1 5
19900000.000000 2 1
19900000.000000 3 1
19900000.000000 640 1
19950000.000000 1 6
19950000.000000 2 1
19950000.000000 642 1
20000000.000000 1 8
20000000.000000 2 2
20000000.000000 4 1
20000000.000000 634 1
20050000.000000 1 4
20050000.000000 646 1
20100000.000000 1 5
20100000.000000 645 1
