# time mean_cluster_size
150000.000000 216.6666666667
200000.000000 108.3333333333
250000.000000 130.0000000000
300000.000000 65.0000000000
350000.000000 92.8571428571
400000.000000 72.2222222222
450000.000000 65.0000000000
500000.000000 108.3333333333
550000.000000 216.6666666667
600000.000000 108.3333333333
650000.000000 108.3333333333
700000.000000 72.2222222222
750000.000000 92.8571428571
800000.000000 108.3333333333
850000.000000 130.0000000000
900000.000000 130.0000000000
950000.000000 92.8571428571
1000000.000000 59.0909090909
1050000.000000 325.0000000000
1100000.000000 92.8571428571
1150000.000000 72.2222222222
1200000.000000 65.0000000000
1250000.000000 81.2500000000
1300000.000000 130.0000000000
1350000.000000 72.2222222222
1400000.000000 92.8571428571
1450000.000000 130.0000000000
1500000.000000 130.0000000000
1550000.000000 72.2222222222
1600000.000000 54.1666666667
1650000.000000 92.8571428571
1700000.000000 72.2222222222
1750000.000000 92.8571428571
1800000.000000 72.2222222222
1850000.000000 81.2500000000
1900000.000000 81.2500000000
1950000.000000 65.0000000000
2000000.000000 81.2500000000
2050000.000000 130.0000000000
2100000.000000 65.0000000000
2150000.000000 130.0000000000
2200000.000000 72.2222222222
2250000.000000 59.0909090909
2300000.000000 162.5000000000
2350000.000000 81.2500000000
2400000.000000 162.5000000000
2450000.000000 130.0000000000
2500000.000000 81.2500000000
2550000.000000 54.1666666667
2600000.000000 72.2222222222
2650000.000000 59.0909090909
2700000.000000 81.2500000000
2750000.000000 162.5000000000
2800000.000000 108.3333333333
2850000.000000 65.0000000000
2900000.000000 325.0000000000
2950000.000000 130.0000000000
3000000.000000 72.2222222222
3050000.000000 65.0000000000
3100000.000000 81.2500000000
3150000.000000 54.1666666667
3200000.000000 108.3333333333
3250000.000000 92.8571428571
3300000.000000 59.0909090909
3350000.000000 92.8571428571
3400000.000000 92.8571428571
3450000.000000 108.3333333333
3500000.000000 108.3333333333
3550000.000000 108.3333333333
3600000.000000 162.5000000000
3650000.000000 50.0000000000
3700000.000000 81.2500000000
3750000.000000 130.0000000000
3800000.000000 92.8571428571
3850000.000000 92.8571428571
3900000.000000 108.3333333333
3950000.000000 81.2500000000
4000000.000000 92.8571428571
4050000.000000 130.0000000000
4100000.000000 65.0000000000
4150000.000000 130.0000000000
4200000.000000 92.8571428571
4250000.000000 65.0000000000
4300000.000000 72.2222222222
4350000.000000 65.0000000000
4400000.000000 92.8571428571
4450000.000000 108.3333333333
4500000.000000 92.8571428571
4550000.000000 59.0909090909
4600000.000000 54.1666666667
4650000.000000 108.3333333333
4700000.000000 81.2500000000
4750000.000000 92.8571428571
4800000.000000 108.3333333333
4850000.000000 43.3333333333
4900000.000000 130.0000000000
4950000.000000 162.5000000000
5000000.000000 216.6666666667
5050000.000000 72.2222222222
5100000.000000 92.8571428571
5150000.000000 162.5000000000
5200000.000000 81.2500000000
5250000.000000 81.2500000000
5300000.000000 130.0000000000
5350000.000000 108.3333333333
5400000.000000 92.8571428571
5450000.000000 81.2500000000
5500000.000000 130.0000000000
5550000.000000 72.2222222222
5600000.000000 72.2222222222
5650000.000000 59.0909090909
5700000.000000 65.0000000000
5750000.000000 81.2500000000
5800000.000000 50.0000000000
5850000.000000 54.1666666667
5900000.000000 162.5000000000
5950000.000000 92.8571428571
6000000.000000 50.0000000000
6050000.000000 92.8571428571
6100000.000000 81.2500000000
6150000.000000 54.1666666667
6200000.000000 130.0000000000
6250000.000000 81.2500000000
6300000.000000 108.3333333333
6350000.000000 81.2500000000
6400000.000000 162.5000000000
6450000.000000 65.0000000000
6500000.000000 81.2500000000
6550000.000000 108.3333333333
6600000.000000 72.2222222222
6650000.000000 54.1666666667
6700000.000000 72.2222222222
6750000.000000 59.0909090909
6800000.000000 130.0000000000
6850000.000000 54.1666666667
6900000.000000 325.0000000000
6950000.000000 72.2222222222
7000000.000000 81.2500000000
7050000.000000 130.0000000000
7100000.000000 108.3333333333
7150000.000000 65.0000000000
7200000.000000 50.0000000000
7250000.000000 72.2222222222
7300000.000000 162.5000000000
7350000.000000 130.0000000000
7400000.000000 92.8571428571
7450000.000000 40.6250000000
7500000.000000 81.2500000000
7550000.000000 81.2500000000
7600000.000000 65.0000000000
7650000.000000 54.1666666667
7700000.000000 50.0000000000
7750000.000000 92.8571428571
7800000.000000 108.3333333333
7850000.000000 59.0909090909
7900000.000000 65.0000000000
7950000.000000 216.6666666667
8000000.000000 72.2222222222
8050000.000000 43.3333333333
8100000.000000 130.0000000000
8150000.000000 162.5000000000
8200000.000000 50.0000000000
8250000.000000 81.2500000000
8300000.000000 72.2222222222
8350000.000000 65.0000000000
8400000.000000 108.3333333333
8450000.000000 65.0000000000
8500000.000000 108.3333333333
8550000.000000 59.0909090909
8600000.000000 130.0000000000
8650000.000000 130.0000000000
8700000.000000 108.3333333333
8750000.000000 130.0000000000
8800000.000000 65.0000000000
8850000.000000 54.1666666667
8900000.000000 65.0000000000
8950000.000000 92.8571428571
9000000.000000 108.3333333333
9050000.000000 108.3333333333
9100000.000000 162.5000000000
9150000.000000 216.6666666667
9200000.000000 43.3333333333
9250000.000000 108.3333333333
9300000.000000 81.2500000000
9350000.000000 92.8571428571
9400000.000000 50.0000000000
9450000.000000 130.0000000000
9500000.000000 108.3333333333
9550000.000000 81.2500000000
9600000.000000 92.8571428571
9650000.000000 92.8571428571
9700000.000000 81.2500000000
9750000.000000 130.0000000000
9800000.000000 81.2500000000
9850000.000000 130.0000000000
9900000.000000 81.2500000000
9950000.000000 130.0000000000
10000000.000000 130.0000000000
10050000.000000 216.6666666667
10100000.000000 108.3333333333
10150000.000000 50.0000000000
10200000.000000 92.8571428571
10250000.000000 108.3333333333
10300000.000000 108.3333333333
10350000.000000 92.8571428571
10400000.000000 59.0909090909
10450000.000000 65.0000000000
10500000.000000 65.0000000000
10550000.000000 81.2500000000
10600000.000000 92.8571428571
10650000.000000 72.2222222222
10700000.000000 46.4285714286
10750000.000000 65.0000000000
10800000.000000 50.0000000000
10850000.000000 65.0000000000
10900000.000000 130.0000000000
10950000.000000 216.6666666667
11000000.000000 65.0000000000
11050000.000000 65.0000000000
11100000.000000 59.0909090909
11150000.000000 59.0909090909
11200000.000000 72.2222222222
11250000.000000 92.8571428571
11300000.000000 59.0909090909
11350000.000000 108.3333333333
11400000.000000 108.3333333333
11450000.000000 81.2500000000
11500000.000000 108.3333333333
11550000.000000 46.4285714286
11600000.000000 54.1666666667
11650000.000000 130.0000000000
11700000.000000 72.2222222222
11750000.000000 59.0909090909
11800000.000000 92.8571428571
11850000.000000 72.2222222222
11900000.000000 72.2222222222
11950000.000000 130.0000000000
12000000.000000 108.3333333333
12050000.000000 65.0000000000
12100000.000000 162.5000000000
12150000.000000 162.5000000000
12200000.000000 72.2222222222
12250000.000000 54.1666666667
12300000.000000 92.8571428571
12350000.000000 81.2500000000
12400000.000000 65.0000000000
12450000.000000 54.1666666667
12500000.000000 46.4285714286
12550000.000000 72.2222222222
12600000.000000 92.8571428571
12650000.000000 72.2222222222
12700000.000000 72.2222222222
12750000.000000 81.2500000000
12800000.000000 38.2352941176
12850000.000000 162.5000000000
12900000.000000 130.0000000000
12950000.000000 108.3333333333
13000000.000000 108.3333333333
13050000.000000 50.0000000000
13100000.000000 59.0909090909
13150000.000000 130.0000000000
13200000.000000 108.3333333333
13250000.000000 72.2222222222
13300000.000000 81.2500000000
13350000.000000 81.2500000000
13400000.000000 81.2500000000
13450000.000000 92.8571428571
13500000.000000 72.2222222222
13550000.000000 81.2500000000
13600000.000000 130.0000000000
13650000.000000 65.0000000000
13700000.000000 108.3333333333
13750000.000000 162.5000000000
13800000.000000 162.5000000000
13850000.000000 130.0000000000
13900000.000000 72.2222222222
13950000.000000 108.3333333333
14000000.000000 216.6666666667
14050000.000000 81.2500000000
14100000.000000 130.0000000000
14150000.000000 92.8571428571
14200000.000000 130.0000000000
14250000.000000 65.0000000000
14300000.000000 81.2500000000
14350000.000000 108.3333333333
14400000.000000 81.2500000000
14450000.000000 72.2222222222
14500000.000000 130.0000000000
14550000.000000 108.3333333333
14600000.000000 65.0000000000
14650000.000000 130.0000000000
14700000.000000 92.8571428571
14750000.000000 65.0000000000
14800000.000000 72.2222222222
14850000.000000 65.0000000000
14900000.000000 130.0000000000
14950000.000000 108.3333333333
15000000.000000 92.8571428571
15050000.000000 108.3333333333
15100000.000000 108.3333333333
15150000.000000 130.0000000000
15200000.000000 92.8571428571
15250000.000000 65.0000000000
15300000.000000 81.2500000000
15350000.000000 130.0000000000
15400000.000000 108.3333333333
15450000.000000 72.2222222222
15500000.000000 81.2500000000
15550000.000000 92.8571428571
15600000.000000 108.3333333333
15650000.000000 59.0909090909
15700000.000000 81.2500000000
15750000.000000 81.2500000000
15800000.000000 65.0000000000
15850000.000000 92.8571428571
15900000.000000 325.0000000000
15950000.000000 65.0000000000
16000000.000000 92.8571428571
16050000.000000 108.3333333333
16100000.000000 108.3333333333
16150000.000000 108.3333333333
16200000.000000 59.0909090909
16250000.000000 54.1666666667
16300000.000000 108.3333333333
16350000.000000 130.0000000000
16400000.000000 65.0000000000
16450000.000000 81.2500000000
16500000.000000 108.3333333333
16550000.000000 59.0909090909
16600000.000000 81.2500000000
16650000.000000 81.2500000000
16700000.000000 108.3333333333
16750000.000000 162.5000000000
16800000.000000 108.3333333333
16850000.000000 92.8571428571
16900000.000000 81.2500000000
16950000.000000 54.1666666667
17000000.000000 43.3333333333
17050000.000000 65.0000000000
17100000.000000 130.0000000000
17150000.000000 216.6666666667
17200000.000000 59.0909090909
17250000.000000 81.2500000000
17300000.000000 81.2500000000
17350000.000000 92.8571428571
17400000.000000 92.8571428571
17450000.000000 59.0909090909
17500000.000000 108.3333333333
17550000.000000 92.8571428571
17600000.000000 92.8571428571
17650000.000000 92.8571428571
17700000.000000 59.0909090909
17750000.000000 108.3333333333
17800000.000000 72.2222222222
17850000.000000 81.2500000000
17900000.000000 130.0000000000
17950000.000000 59.0909090909
18000000.000000 59.0909090909
18050000.000000 72.2222222222
18100000.000000 92.8571428571
18150000.000000 72.2222222222
18200000.000000 92.8571428571
18250000.000000 216.6666666667
18300000.000000 92.8571428571
18350000.000000 72.2222222222
18400000.000000 72.2222222222
18450000.000000 92.8571428571
18500000.000000 65.0000000000
18550000.000000 108.3333333333
18600000.000000 72.2222222222
18650000.000000 108.3333333333
18700000.000000 65.0000000000
18750000.000000 216.6666666667
18800000.000000 108.3333333333
18850000.000000 43.3333333333
18900000.000000 65.0000000000
18950000.000000 81.2500000000
19000000.000000 325.0000000000
19050000.000000 92.8571428571
19100000.000000 50.0000000000
19150000.000000 65.0000000000
19200000.000000 108.3333333333
19250000.000000 65.0000000000
19300000.000000 81.2500000000
19350000.000000 54.1666666667
19400000.000000 40.6250000000
19450000.000000 92.8571428571
19500000.000000 59.0909090909
19550000.000000 108.3333333333
19600000.000000 59.0909090909
19650000.000000 81.2500000000
19700000.000000 81.2500000000
19750000.000000 65.0000000000
19800000.000000 92.8571428571
19850000.000000 130.0000000000
19900000.000000 81.2500000000
19950000.000000 81.2500000000
20000000.000000 54.1666666667
20050000.000000 130.0000000000
20100000.000000 108.3333333333
