# time mean_cluster_size
150000.000000 650.0000000000
200000.000000 108.3333333333
250000.000000 43.3333333333
300000.000000 43.3333333333
350000.000000 28.2608695652
400000.000000 29.5454545455
450000.000000 38.2352941176
500000.000000 30.9523809524
550000.000000 27.0833333333
600000.000000 40.6250000000
650000.000000 21.6666666667
700000.000000 26.0000000000
750000.000000 46.4285714286
800000.000000 36.1111111111
850000.000000 34.2105263158
900000.000000 32.5000000000
950000.000000 20.9677419355
1000000.000000 26.0000000000
1050000.000000 32.5000000000
1100000.000000 26.0000000000
1150000.000000 34.2105263158
1200000.000000 29.5454545455
1250000.000000 25.0000000000
1300000.000000 23.2142857143
1350000.000000 30.9523809524
1400000.000000 28.2608695652
1450000.000000 28.2608695652
1500000.000000 46.4285714286
1550000.000000 38.2352941176
1600000.000000 36.1111111111
1650000.000000 34.2105263158
1700000.000000 30.9523809524
1750000.000000 38.2352941176
1800000.000000 38.2352941176
1850000.000000 30.9523809524
1900000.000000 30.9523809524
1950000.000000 38.2352941176
2000000.000000 28.2608695652
2050000.000000 27.0833333333
2100000.000000 26.0000000000
2150000.000000 32.5000000000
2200000.000000 38.2352941176
2250000.000000 24.0740740741
2300000.000000 24.0740740741
2350000.000000 32.5000000000
2400000.000000 28.2608695652
2450000.000000 34.2105263158
2500000.000000 27.0833333333
2550000.000000 28.2608695652
2600000.000000 29.5454545455
2650000.000000 30.9523809524
2700000.000000 34.2105263158
2750000.000000 30.9523809524
2800000.000000 20.3125000000
2850000.000000 28.2608695652
2900000.000000 30.9523809524
2950000.000000 28.2608695652
3000000.000000 30.9523809524
3050000.000000 27.0833333333
3100000.000000 29.5454545455
3150000.000000 32.5000000000
3200000.000000 25.0000000000
3250000.000000 34.2105263158
3300000.000000 29.5454545455
3350000.000000 27.0833333333
3400000.000000 28.2608695652
3450000.000000 25.0000000000
3500000.000000 27.0833333333
3550000.000000 36.1111111111
3600000.000000 29.5454545455
3650000.000000 30.9523809524
3700000.000000 29.5454545455
3750000.000000 28.2608695652
3800000.000000 22.4137931034
3850000.000000 29.5454545455
3900000.000000 29.5454545455
3950000.000000 46.4285714286
4000000.000000 30.9523809524
4050000.000000 27.0833333333
4100000.000000 43.3333333333
4150000.000000 25.0000000000
4200000.000000 25.0000000000
4250000.000000 25.0000000000
4300000.000000 20.9677419355
4350000.000000 28.2608695652
4400000.000000 22.4137931034
4450000.000000 19.6969696970
4500000.000000 22.4137931034
4550000.000000 27.0833333333
4600000.000000 26.0000000000
4650000.000000 24.0740740741
4700000.000000 21.6666666667
4750000.000000 43.3333333333
4800000.000000 38.2352941176
4850000.000000 38.2352941176
4900000.000000 36.1111111111
4950000.000000 36.1111111111
5000000.000000 32.5000000000
5050000.000000 27.0833333333
5100000.000000 46.4285714286
5150000.000000 30.9523809524
5200000.000000 24.0740740741
5250000.000000 30.9523809524
5300000.000000 30.9523809524
5350000.000000 30.9523809524
5400000.000000 36.1111111111
5450000.000000 36.1111111111
5500000.000000 29.5454545455
5550000.000000 24.0740740741
5600000.000000 24.0740740741
5650000.000000 34.2105263158
5700000.000000 38.2352941176
5750000.000000 34.2105263158
5800000.000000 25.0000000000
5850000.000000 29.5454545455
5900000.000000 36.1111111111
5950000.000000 27.0833333333
6000000.000000 34.2105263158
6050000.000000 40.6250000000
6100000.000000 38.2352941176
6150000.000000 38.2352941176
6200000.000000 24.0740740741
6250000.000000 26.0000000000
6300000.000000 22.4137931034
6350000.000000 34.2105263158
6400000.000000 30.9523809524
6450000.000000 29.5454545455
6500000.000000 29.5454545455
6550000.000000 30.9523809524
6600000.000000 26.0000000000
6650000.000000 36.1111111111
6700000.000000 30.9523809524
6750000.000000 30.9523809524
6800000.000000 20.9677419355
6850000.000000 32.5000000000
6900000.000000 25.0000000000
6950000.000000 30.9523809524
7000000.000000 20.9677419355
7050000.000000 25.0000000000
7100000.000000 38.2352941176
7150000.000000 30.9523809524
7200000.000000 29.5454545455
7250000.000000 28.2608695652
7300000.000000 46.4285714286
7350000.000000 30.9523809524
7400000.000000 30.9523809524
7450000.000000 36.1111111111
7500000.000000 27.0833333333
7550000.000000 28.2608695652
7600000.000000 27.0833333333
7650000.000000 29.5454545455
7700000.000000 30.9523809524
7750000.000000 26.0000000000
7800000.000000 29.5454545455
7850000.000000 46.4285714286
7900000.000000 28.2608695652
7950000.000000 21.6666666667
8000000.000000 21.6666666667
8050000.000000 36.1111111111
8100000.000000 19.6969696970
8150000.000000 36.1111111111
8200000.000000 23.2142857143
8250000.000000 32.5000000000
8300000.000000 27.0833333333
8350000.000000 36.1111111111
8400000.000000 40.6250000000
8450000.000000 25.0000000000
8500000.000000 30.9523809524
8550000.000000 29.5454545455
8600000.000000 40.6250000000
8650000.000000 26.0000000000
8700000.000000 36.1111111111
8750000.000000 26.0000000000
8800000.000000 25.0000000000
8850000.000000 32.5000000000
8900000.000000 28.2608695652
8950000.000000 27.0833333333
9000000.000000 27.0833333333
9050000.000000 26.0000000000
9100000.000000 22.4137931034
9150000.000000 40.6250000000
9200000.000000 32.5000000000
9250000.000000 34.2105263158
9300000.000000 40.6250000000
9350000.000000 50.0000000000
9400000.000000 36.1111111111
9450000.000000 23.2142857143
9500000.000000 34.2105263158
9550000.000000 38.2352941176
9600000.000000 46.4285714286
9650000.000000 29.5454545455
9700000.000000 50.0000000000
9750000.000000 40.6250000000
9800000.000000 32.5000000000
9850000.000000 27.0833333333
9900000.000000 29.5454545455
9950000.000000 21.6666666667
10000000.000000 20.9677419355
10050000.000000 23.2142857143
10100000.000000 24.0740740741
10150000.000000 27.0833333333
10200000.000000 38.2352941176
10250000.000000 28.2608695652
10300000.000000 28.2608695652
10350000.000000 28.2608695652
10400000.000000 36.1111111111
10450000.000000 32.5000000000
10500000.000000 34.2105263158
10550000.000000 27.0833333333
10600000.000000 20.9677419355
10650000.000000 28.2608695652
10700000.000000 30.9523809524
10750000.000000 25.0000000000
10800000.000000 25.0000000000
10850000.000000 38.2352941176
10900000.000000 28.2608695652
10950000.000000 22.4137931034
11000000.000000 30.9523809524
11050000.000000 29.5454545455
11100000.000000 27.0833333333
11150000.000000 28.2608695652
11200000.000000 28.2608695652
11250000.000000 32.5000000000
11300000.000000 32.5000000000
11350000.000000 30.9523809524
11400000.000000 29.5454545455
11450000.000000 34.2105263158
11500000.000000 27.0833333333
11550000.000000 30.9523809524
11600000.000000 34.2105263158
11650000.000000 38.2352941176
11700000.000000 38.2352941176
11750000.000000 38.2352941176
11800000.000000 28.2608695652
11850000.000000 29.5454545455
11900000.000000 24.0740740741
11950000.000000 27.0833333333
12000000.000000 27.0833333333
12050000.000000 29.5454545455
12100000.000000 40.6250000000
12150000.000000 28.2608695652
12200000.000000 32.5000000000
12250000.000000 27.0833333333
12300000.000000 25.0000000000
12350000.000000 26.0000000000
12400000.000000 20.9677419355
12450000.000000 23.2142857143
12500000.000000 27.0833333333
12550000.000000 25.0000000000
12600000.000000 29.5454545455
12650000.000000 34.2105263158
12700000.000000 28.2608695652
12750000.000000 36.1111111111
12800000.000000 32.5000000000
12850000.000000 34.2105263158
12900000.000000 38.2352941176
12950000.000000 24.0740740741
13000000.000000 32.5000000000
13050000.000000 32.5000000000
13100000.000000 46.4285714286
13150000.000000 34.2105263158
13200000.000000 29.5454545455
13250000.000000 36.1111111111
13300000.000000 40.6250000000
13350000.000000 50.0000000000
13400000.000000 34.2105263158
13450000.000000 34.2105263158
13500000.000000 26.0000000000
13550000.000000 30.9523809524
13600000.000000 36.1111111111
13650000.000000 29.5454545455
13700000.000000 26.0000000000
13750000.000000 32.5000000000
13800000.000000 32.5000000000
13850000.000000 27.0833333333
13900000.000000 28.2608695652
13950000.000000 30.9523809524
14000000.000000 32.5000000000
14050000.000000 28.2608695652
14100000.000000 21.6666666667
14150000.000000 30.9523809524
14200000.000000 27.0833333333
14250000.000000 25.0000000000
14300000.000000 36.1111111111
14350000.000000 30.9523809524
14400000.000000 38.2352941176
14450000.000000 26.0000000000
14500000.000000 40.6250000000
14550000.000000 26.0000000000
14600000.000000 26.0000000000
14650000.000000 30.9523809524
14700000.000000 28.2608695652
14750000.000000 29.5454545455
14800000.000000 26.0000000000
14850000.000000 34.2105263158
14900000.000000 29.5454545455
14950000.000000 32.5000000000
15000000.000000 32.5000000000
15050000.000000 36.1111111111
15100000.000000 29.5454545455
15150000.000000 32.5000000000
15200000.000000 27.0833333333
15250000.000000 21.6666666667
15300000.000000 27.0833333333
15350000.000000 20.9677419355
15400000.000000 21.6666666667
15450000.000000 27.0833333333
15500000.000000 21.6666666667
15550000.000000 23.2142857143
15600000.000000 36.1111111111
15650000.000000 27.0833333333
15700000.000000 27.0833333333
15750000.000000 23.2142857143
15800000.000000 29.5454545455
15850000.000000 27.0833333333
15900000.000000 38.2352941176
15950000.000000 25.0000000000
16000000.000000 26.0000000000
16050000.000000 25.0000000000
16100000.000000 24.0740740741
16150000.000000 29.5454545455
16200000.000000 21.6666666667
16250000.000000 29.5454545455
16300000.000000 32.5000000000
16350000.000000 38.2352941176
16400000.000000 32.5000000000
16450000.000000 46.4285714286
16500000.000000 29.5454545455
16550000.000000 24.0740740741
16600000.000000 26.0000000000
16650000.000000 25.0000000000
16700000.000000 27.0833333333
16750000.000000 28.2608695652
16800000.000000 26.0000000000
16850000.000000 28.2608695652
16900000.000000 28.2608695652
16950000.000000 30.9523809524
17000000.000000 23.2142857143
17050000.000000 36.1111111111
17100000.000000 28.2608695652
17150000.000000 32.5000000000
17200000.000000 34.2105263158
17250000.000000 34.2105263158
17300000.000000 26.0000000000
17350000.000000 25.0000000000
17400000.000000 26.0000000000
17450000.000000 30.9523809524
17500000.000000 23.2142857143
17550000.000000 32.5000000000
17600000.000000 25.0000000000
17650000.000000 29.5454545455
17700000.000000 34.2105263158
17750000.000000 30.9523809524
17800000.000000 29.5454545455
17850000.000000 28.2608695652
17900000.000000 27.0833333333
17950000.000000 34.2105263158
18000000.000000 32.5000000000
18050000.000000 32.5000000000
18100000.000000 29.5454545455
18150000.000000 28.2608695652
18200000.000000 25.0000000000
18250000.000000 28.2608695652
18300000.000000 26.0000000000
18350000.000000 34.2105263158
18400000.000000 32.5000000000
18450000.000000 25.0000000000
18500000.000000 29.5454545455
18550000.000000 36.1111111111
18600000.000000 50.0000000000
18650000.000000 36.1111111111
18700000.000000 27.0833333333
18750000.000000 22.4137931034
18800000.000000 26.0000000000
18850000.000000 30.9523809524
18900000.000000 26.0000000000
18950000.000000 32.5000000000
19000000.000000 38.2352941176
19050000.000000 29.5454545455
19100000.000000 32.5000000000
19150000.000000 36.1111111111
19200000.000000 27.0833333333
19250000.000000 38.2352941176
19300000.000000 36.1111111111
19350000.000000 34.2105263158
19400000.000000 40.6250000000
19450000.000000 40.6250000000
19500000.000000 43.3333333333
19550000.000000 30.9523809524
19600000.000000 54.1666666667
19650000.000000 27.0833333333
19700000.000000 30.9523809524
19750000.000000 28.2608695652
19800000.000000 34.2105263158
19850000.000000 24.0740740741
19900000.000000 32.5000000000
19950000.000000 38.2352941176
20000000.000000 30.9523809524
20050000.000000 29.5454545455
20100000.000000 25.0000000000
