# time mean_cluster_size
50000.000000 600.0000000000
100000.000000 600.0000000000
150000.000000 120.0000000000
200000.000000 75.0000000000
250000.000000 75.0000000000
300000.000000 60.0000000000
350000.000000 60.0000000000
400000.000000 60.0000000000
450000.000000 50.0000000000
500000.000000 37.5000000000
550000.000000 37.5000000000
600000.000000 46.1538461538
650000.000000 42.8571428571
700000.000000 42.8571428571
750000.000000 54.5454545455
800000.000000 46.1538461538
850000.000000 35.2941176471
900000.000000 35.2941176471
950000.000000 33.3333333333
1000000.000000 37.5000000000
1050000.000000 42.8571428571
1100000.000000 42.8571428571
1150000.000000 40.0000000000
1200000.000000 37.5000000000
1250000.000000 35.2941176471
1300000.000000 35.2941176471
1350000.000000 37.5000000000
1400000.000000 35.2941176471
1450000.000000 33.3333333333
1500000.000000 28.5714285714
1550000.000000 26.0869565217
1600000.000000 28.5714285714
1650000.000000 27.2727272727
1700000.000000 27.2727272727
1750000.000000 27.2727272727
1800000.000000 26.0869565217
1850000.000000 27.2727272727
1900000.000000 28.5714285714
1950000.000000 33.3333333333
2000000.000000 27.2727272727
2050000.000000 31.5789473684
2100000.000000 31.5789473684
2150000.000000 35.2941176471
2200000.000000 37.5000000000
2250000.000000 27.2727272727
2300000.000000 31.5789473684
2350000.000000 33.3333333333
2400000.000000 40.0000000000
2450000.000000 40.0000000000
2500000.000000 30.0000000000
2550000.000000 35.2941176471
2600000.000000 26.0869565217
2650000.000000 31.5789473684
2700000.000000 33.3333333333
2750000.000000 30.0000000000
2800000.000000 24.0000000000
2850000.000000 28.5714285714
2900000.000000 27.2727272727
2950000.000000 30.0000000000
3000000.000000 28.5714285714
3050000.000000 30.0000000000
3100000.000000 28.5714285714
3150000.000000 31.5789473684
3200000.000000 31.5789473684
3250000.000000 28.5714285714
3300000.000000 27.2727272727
3350000.000000 35.2941176471
3400000.000000 30.0000000000
3450000.000000 33.3333333333
3500000.000000 30.0000000000
3550000.000000 30.0000000000
3600000.000000 27.2727272727
3650000.000000 25.0000000000
3700000.000000 33.3333333333
3750000.000000 28.5714285714
3800000.000000 33.3333333333
3850000.000000 33.3333333333
3900000.000000 35.2941176471
3950000.000000 31.5789473684
4000000.000000 28.5714285714
4050000.000000 27.2727272727
4100000.000000 28.5714285714
4150000.000000 35.2941176471
4200000.000000 26.0869565217
4250000.000000 28.5714285714
4300000.000000 24.0000000000
4350000.000000 22.2222222222
4400000.000000 24.0000000000
4450000.000000 22.2222222222
4500000.000000 22.2222222222
4550000.000000 22.2222222222
4600000.000000 26.0869565217
4650000.000000 22.2222222222
4700000.000000 24.0000000000
4750000.000000 18.7500000000
4800000.000000 20.0000000000
4850000.000000 18.7500000000
4900000.000000 16.2162162162
4950000.000000 20.6896551724
5000000.000000 22.2222222222
5050000.000000 20.6896551724
5100000.000000 25.0000000000
5150000.000000 26.0869565217
5200000.000000 20.6896551724
5250000.000000 28.5714285714
5300000.000000 26.0869565217
5350000.000000 28.5714285714
5400000.000000 25.0000000000
5450000.000000 26.0869565217
5500000.000000 23.0769230769
5550000.000000 23.0769230769
5600000.000000 26.0869565217
5650000.000000 26.0869565217
5700000.000000 28.5714285714
5750000.000000 25.0000000000
5800000.000000 25.0000000000
5850000.000000 23.0769230769
5900000.000000 23.0769230769
5950000.000000 25.0000000000
6000000.000000 24.0000000000
6050000.000000 28.5714285714
6100000.000000 30.0000000000
6150000.000000 27.2727272727
6200000.000000 30.0000000000
6250000.000000 28.5714285714
6300000.000000 26.0869565217
6350000.000000 26.0869565217
6400000.000000 30.0000000000
6450000.000000 28.5714285714
6500000.000000 26.0869565217
6550000.000000 30.0000000000
6600000.000000 27.2727272727
6650000.000000 27.2727272727
6700000.000000 30.0000000000
6750000.000000 26.0869565217
6800000.000000 31.5789473684
6850000.000000 27.2727272727
6900000.000000 26.0869565217
6950000.000000 23.0769230769
7000000.000000 30.0000000000
7050000.000000 24.0000000000
7100000.000000 27.2727272727
7150000.000000 21.4285714286
7200000.000000 22.2222222222
7250000.000000 20.0000000000
7300000.000000 21.4285714286
7350000.000000 20.0000000000
7400000.000000 24.0000000000
7450000.000000 26.0869565217
7500000.000000 21.4285714286
7550000.000000 27.2727272727
7600000.000000 28.5714285714
7650000.000000 28.5714285714
7700000.000000 25.0000000000
7750000.000000 25.0000000000
7800000.000000 23.0769230769
7850000.000000 26.0869565217
7900000.000000 31.5789473684
7950000.000000 26.0869565217
8000000.000000 25.0000000000
8050000.000000 25.0000000000
8100000.000000 25.0000000000
8150000.000000 28.5714285714
8200000.000000 27.2727272727
8250000.000000 27.2727272727
8300000.000000 24.0000000000
8350000.000000 20.6896551724
8400000.000000 24.0000000000
8450000.000000 24.0000000000
8500000.000000 22.2222222222
8550000.000000 24.0000000000
8600000.000000 23.0769230769
8650000.000000 21.4285714286
8700000.000000 24.0000000000
8750000.000000 20.6896551724
8800000.000000 20.0000000000
8850000.000000 24.0000000000
8900000.000000 24.0000000000
8950000.000000 25.0000000000
9000000.000000 21.4285714286
9050000.000000 20.0000000000
9100000.000000 18.7500000000
9150000.000000 19.3548387097
9200000.000000 20.0000000000
9250000.000000 20.6896551724
9300000.000000 21.4285714286
9350000.000000 22.2222222222
9400000.000000 20.6896551724
9450000.000000 16.6666666667
9500000.000000 18.1818181818
9550000.000000 17.6470588235
9600000.000000 17.1428571429
9650000.000000 15.7894736842
9700000.000000 19.3548387097
9750000.000000 19.3548387097
9800000.000000 18.7500000000
9850000.000000 19.3548387097
9900000.000000 19.3548387097
9950000.000000 18.1818181818
10000000.000000 19.3548387097
10050000.000000 19.3548387097
10100000.000000 20.6896551724
10150000.000000 23.0769230769
10200000.000000 28.5714285714
10250000.000000 24.0000000000
10300000.000000 22.2222222222
10350000.000000 24.0000000000
10400000.000000 22.2222222222
10450000.000000 20.0000000000
10500000.000000 20.0000000000
10550000.000000 23.0769230769
10600000.000000 26.0869565217
10650000.000000 22.2222222222
10700000.000000 20.0000000000
10750000.000000 22.2222222222
10800000.000000 21.4285714286
10850000.000000 18.1818181818
10900000.000000 18.7500000000
10950000.000000 24.0000000000
11000000.000000 20.0000000000
11050000.000000 18.1818181818
11100000.000000 24.0000000000
11150000.000000 22.2222222222
11200000.000000 28.5714285714
11250000.000000 25.0000000000
11300000.000000 22.2222222222
11350000.000000 26.0869565217
11400000.000000 26.0869565217
11450000.000000 25.0000000000
11500000.000000 26.0869565217
11550000.000000 30.0000000000
11600000.000000 28.5714285714
11650000.000000 30.0000000000
11700000.000000 28.5714285714
11750000.000000 28.5714285714
11800000.000000 35.2941176471
11850000.000000 33.3333333333
11900000.000000 30.0000000000
11950000.000000 33.3333333333
12000000.000000 28.5714285714
12050000.000000 24.0000000000
12100000.000000 28.5714285714
12150000.000000 26.0869565217
12200000.000000 30.0000000000
12250000.000000 31.5789473684
12300000.000000 25.0000000000
12350000.000000 30.0000000000
12400000.000000 30.0000000000
12450000.000000 30.0000000000
12500000.000000 28.5714285714
12550000.000000 31.5789473684
12600000.000000 31.5789473684
12650000.000000 33.3333333333
12700000.000000 31.5789473684
12750000.000000 28.5714285714
12800000.000000 30.0000000000
12850000.000000 35.2941176471
12900000.000000 35.2941176471
12950000.000000 37.5000000000
13000000.000000 40.0000000000
13050000.000000 37.5000000000
13100000.000000 35.2941176471
13150000.000000 28.5714285714
13200000.000000 28.5714285714
13250000.000000 30.0000000000
13300000.000000 33.3333333333
13350000.000000 26.0869565217
13400000.000000 26.0869565217
13450000.000000 25.0000000000
13500000.000000 24.0000000000
13550000.000000 27.2727272727
13600000.000000 24.0000000000
13650000.000000 24.0000000000
13700000.000000 22.2222222222
13750000.000000 24.0000000000
13800000.000000 23.0769230769
13850000.000000 27.2727272727
13900000.000000 30.0000000000
13950000.000000 22.2222222222
14000000.000000 25.0000000000
14050000.000000 23.0769230769
14100000.000000 20.6896551724
14150000.000000 25.0000000000
14200000.000000 25.0000000000
14250000.000000 30.0000000000
14300000.000000 25.0000000000
14350000.000000 37.5000000000
14400000.000000 33.3333333333
14450000.000000 37.5000000000
14500000.000000 37.5000000000
14550000.000000 37.5000000000
14600000.000000 33.3333333333
14650000.000000 31.5789473684
14700000.000000 31.5789473684
14750000.000000 30.0000000000
14800000.000000 31.5789473684
14850000.000000 31.5789473684
14900000.000000 30.0000000000
14950000.000000 30.0000000000
15000000.000000 28.5714285714
15050000.000000 24.0000000000
15100000.000000 23.0769230769
15150000.000000 28.5714285714
15200000.000000 26.0869565217
15250000.000000 28.5714285714
15300000.000000 28.5714285714
15350000.000000 24.0000000000
15400000.000000 20.6896551724
15450000.000000 20.6896551724
15500000.000000 20.6896551724
15550000.000000 20.0000000000
15600000.000000 23.0769230769
15650000.000000 24.0000000000
15700000.000000 26.0869565217
15750000.000000 25.0000000000
15800000.000000 27.2727272727
15850000.000000 23.0769230769
15900000.000000 24.0000000000
15950000.000000 26.0869565217
16000000.000000 27.2727272727
16050000.000000 25.0000000000
16100000.000000 26.0869565217
16150000.000000 25.0000000000
16200000.000000 27.2727272727
16250000.000000 30.0000000000
16300000.000000 33.3333333333
16350000.000000 31.5789473684
16400000.000000 37.5000000000
16450000.000000 28.5714285714
16500000.000000 30.0000000000
16550000.000000 24.0000000000
16600000.000000 27.2727272727
16650000.000000 25.0000000000
16700000.000000 24.0000000000
16750000.000000 27.2727272727
16800000.000000 26.0869565217
16850000.000000 26.0869565217
16900000.000000 23.0769230769
16950000.000000 26.0869565217
17000000.000000 25.0000000000
17050000.000000 28.5714285714
17100000.000000 22.2222222222
17150000.000000 24.0000000000
17200000.000000 18.7500000000
17250000.000000 20.0000000000
17300000.000000 23.0769230769
17350000.000000 23.0769230769
17400000.000000 22.2222222222
17450000.000000 24.0000000000
17500000.000000 26.0869565217
17550000.000000 33.3333333333
17600000.000000 28.5714285714
17650000.000000 24.0000000000
17700000.000000 28.5714285714
17750000.000000 26.0869565217
17800000.000000 31.5789473684
17850000.000000 31.5789473684
17900000.000000 28.5714285714
17950000.000000 27.2727272727
18000000.000000 30.0000000000
18050000.000000 35.2941176471
18100000.000000 31.5789473684
18150000.000000 30.0000000000
18200000.000000 30.0000000000
18250000.000000 27.2727272727
18300000.000000 31.5789473684
18350000.000000 23.0769230769
18400000.000000 26.0869565217
18450000.000000 33.3333333333
18500000.000000 33.3333333333
18550000.000000 33.3333333333
18600000.000000 30.0000000000
18650000.000000 28.5714285714
18700000.000000 24.0000000000
18750000.000000 31.5789473684
18800000.000000 28.5714285714
18850000.000000 31.5789473684
18900000.000000 30.0000000000
18950000.000000 28.5714285714
19000000.000000 37.5000000000
19050000.000000 46.1538461538
19100000.000000 50.0000000000
19150000.000000 33.3333333333
19200000.000000 31.5789473684
19250000.000000 33.3333333333
19300000.000000 33.3333333333
19350000.000000 35.2941176471
19400000.000000 35.2941176471
19450000.000000 31.5789473684
19500000.000000 40.0000000000
19550000.000000 37.5000000000
19600000.000000 28.5714285714
19650000.000000 27.2727272727
19700000.000000 35.2941176471
19750000.000000 30.0000000000
19800000.000000 35.2941176471
19850000.000000 30.0000000000
19900000.000000 31.5789473684
19950000.000000 30.0000000000
20000000.000000 28.5714285714
