# time largest_cluster_fraction_percent
50000.000000 99.8333333333
100000.000000 99.3333333333
150000.000000 99.1666666667
200000.000000 99.0000000000
250000.000000 98.1666666667
300000.000000 98.8333333333
350000.000000 98.5000000000
400000.000000 98.8333333333
450000.000000 98.6666666667
500000.000000 98.1666666667
550000.000000 98.5000000000
600000.000000 99.0000000000
650000.000000 99.0000000000
700000.000000 98.8333333333
750000.000000 98.1666666667
800000.000000 98.3333333333
850000.000000 98.0000000000
900000.000000 98.3333333333
950000.000000 98.1666666667
1000000.000000 98.1666666667
1050000.000000 97.8333333333
1100000.000000 97.8333333333
1150000.000000 98.0000000000
1200000.000000 98.1666666667
1250000.000000 98.0000000000
1300000.000000 97.8333333333
1350000.000000 97.1666666667
1400000.000000 97.1666666667
1450000.000000 98.1666666667
1500000.000000 98.0000000000
1550000.000000 98.0000000000
1600000.000000 98.1666666667
1650000.000000 98.1666666667
1700000.000000 98.3333333333
1750000.000000 98.3333333333
1800000.000000 97.8333333333
1850000.000000 97.6666666667
1900000.000000 97.8333333333
1950000.000000 97.3333333333
2000000.000000 97.5000000000
2050000.000000 98.1666666667
2100000.000000 97.3333333333
2150000.000000 97.5000000000
2200000.000000 97.6666666667
2250000.000000 97.6666666667
2300000.000000 97.6666666667
2350000.000000 97.3333333333
2400000.000000 97.1666666667
2450000.000000 97.3333333333
2500000.000000 97.0000000000
2550000.000000 96.5000000000
2600000.000000 97.0000000000
2650000.000000 96.3333333333
2700000.000000 96.3333333333
2750000.000000 96.3333333333
2800000.000000 96.5000000000
2850000.000000 97.1666666667
2900000.000000 97.1666666667
2950000.000000 96.6666666667
3000000.000000 97.0000000000
3050000.000000 97.0000000000
3100000.000000 96.8333333333
3150000.000000 97.0000000000
3200000.000000 97.0000000000
3250000.000000 96.5000000000
3300000.000000 95.8333333333
3350000.000000 96.3333333333
3400000.000000 97.0000000000
3450000.000000 96.5000000000
3500000.000000 96.6666666667
3550000.000000 96.5000000000
3600000.000000 96.1666666667
3650000.000000 95.8333333333
3700000.000000 95.6666666667
3750000.000000 96.3333333333
3800000.000000 95.6666666667
3850000.000000 96.3333333333
3900000.000000 96.6666666667
3950000.000000 96.5000000000
4000000.000000 96.5000000000
4050000.000000 96.0000000000
4100000.000000 95.8333333333
4150000.000000 95.8333333333
4200000.000000 96.1666666667
4250000.000000 96.5000000000
4300000.000000 96.0000000000
4350000.000000 95.5000000000
4400000.000000 95.8333333333
4450000.000000 96.0000000000
4500000.000000 95.5000000000
4550000.000000 94.6666666667
4600000.000000 95.1666666667
4650000.000000 95.0000000000
4700000.000000 94.8333333333
4750000.000000 95.0000000000
4800000.000000 94.6666666667
4850000.000000 94.5000000000
4900000.000000 94.3333333333
4950000.000000 95.0000000000
5000000.000000 95.1666666667
5050000.000000 95.1666666667
5100000.000000 95.1666666667
5150000.000000 94.8333333333
5200000.000000 94.6666666667
5250000.000000 95.1666666667
5300000.000000 94.8333333333
5350000.000000 95.1666666667
5400000.000000 95.1666666667
5450000.000000 95.5000000000
5500000.000000 95.6666666667
5550000.000000 95.8333333333
5600000.000000 95.6666666667
5650000.000000 95.6666666667
5700000.000000 96.0000000000
5750000.000000 95.5000000000
5800000.000000 95.6666666667
5850000.000000 96.1666666667
5900000.000000 96.1666666667
5950000.000000 96.3333333333
6000000.000000 96.6666666667
6050000.000000 95.8333333333
6100000.000000 95.6666666667
6150000.000000 95.8333333333
6200000.000000 95.3333333333
6250000.000000 95.3333333333
6300000.000000 95.8333333333
6350000.000000 95.6666666667
6400000.000000 95.5000000000
6450000.000000 95.3333333333
6500000.000000 95.3333333333
6550000.000000 95.5000000000
6600000.000000 96.1666666667
6650000.000000 95.5000000000
6700000.000000 95.3333333333
6750000.000000 94.6666666667
6800000.000000 94.8333333333
6850000.000000 94.6666666667
6900000.000000 95.0000000000
6950000.000000 95.5000000000
7000000.000000 95.0000000000
7050000.000000 94.3333333333
7100000.000000 94.1666666667
7150000.000000 94.0000000000
7200000.000000 94.0000000000
7250000.000000 94.6666666667
7300000.000000 94.1666666667
7350000.000000 94.3333333333
7400000.000000 94.1666666667
7450000.000000 93.8333333333
7500000.000000 93.3333333333
7550000.000000 94.0000000000
7600000.000000 94.5000000000
7650000.000000 95.0000000000
7700000.000000 94.8333333333
7750000.000000 95.1666666667
7800000.000000 95.1666666667
7850000.000000 95.5000000000
7900000.000000 95.0000000000
7950000.000000 96.1666666667
8000000.000000 96.0000000000
8050000.000000 95.6666666667
8100000.000000 95.1666666667
8150000.000000 95.0000000000
8200000.000000 96.3333333333
8250000.000000 96.0000000000
8300000.000000 95.8333333333
8350000.000000 95.8333333333
8400000.000000 95.8333333333
8450000.000000 95.6666666667
8500000.000000 95.5000000000
8550000.000000 95.8333333333
8600000.000000 96.5000000000
8650000.000000 96.1666666667
8700000.000000 96.5000000000
8750000.000000 96.3333333333
8800000.000000 96.5000000000
8850000.000000 96.5000000000
8900000.000000 96.5000000000
8950000.000000 95.8333333333
9000000.000000 96.3333333333
9050000.000000 96.3333333333
9100000.000000 97.1666666667
9150000.000000 97.0000000000
9200000.000000 96.6666666667
9250000.000000 96.8333333333
9300000.000000 96.6666666667
9350000.000000 97.1666666667
9400000.000000 96.5000000000
9450000.000000 96.5000000000
9500000.000000 96.5000000000
9550000.000000 96.1666666667
9600000.000000 96.3333333333
9650000.000000 96.1666666667
9700000.000000 96.0000000000
9750000.000000 95.6666666667
9800000.000000 95.8333333333
9850000.000000 96.1666666667
9900000.000000 96.3333333333
9950000.000000 97.0000000000
10000000.000000 97.0000000000
10050000.000000 96.5000000000
10100000.000000 96.8333333333
10150000.000000 97.0000000000
10200000.000000 97.6666666667
10250000.000000 97.3333333333
10300000.000000 97.1666666667
10350000.000000 97.5000000000
10400000.000000 97.0000000000
10450000.000000 97.3333333333
10500000.000000 96.5000000000
10550000.000000 97.1666666667
10600000.000000 97.0000000000
10650000.000000 97.1666666667
10700000.000000 96.3333333333
10750000.000000 96.3333333333
10800000.000000 96.6666666667
10850000.000000 96.0000000000
10900000.000000 96.3333333333
10950000.000000 96.0000000000
11000000.000000 96.0000000000
11050000.000000 96.1666666667
11100000.000000 95.1666666667
11150000.000000 95.6666666667
11200000.000000 95.5000000000
11250000.000000 95.3333333333
11300000.000000 95.1666666667
11350000.000000 94.8333333333
11400000.000000 95.0000000000
11450000.000000 94.8333333333
11500000.000000 94.5000000000
11550000.000000 94.8333333333
11600000.000000 95.6666666667
11650000.000000 95.1666666667
11700000.000000 95.0000000000
11750000.000000 94.8333333333
11800000.000000 94.8333333333
11850000.000000 94.1666666667
11900000.000000 94.3333333333
11950000.000000 94.6666666667
12000000.000000 95.5000000000
12050000.000000 95.5000000000
12100000.000000 95.1666666667
12150000.000000 94.5000000000
12200000.000000 93.3333333333
12250000.000000 94.0000000000
12300000.000000 93.3333333333
12350000.000000 93.6666666667
12400000.000000 93.5000000000
12450000.000000 94.0000000000
12500000.000000 94.1666666667
12550000.000000 94.6666666667
12600000.000000 94.5000000000
12650000.000000 94.3333333333
12700000.000000 94.6666666667
12750000.000000 95.0000000000
12800000.000000 94.6666666667
12850000.000000 94.8333333333
12900000.000000 94.8333333333
12950000.000000 94.1666666667
13000000.000000 94.8333333333
13050000.000000 94.1666666667
13100000.000000 94.1666666667
13150000.000000 93.6666666667
13200000.000000 94.1666666667
13250000.000000 94.6666666667
13300000.000000 94.6666666667
13350000.000000 95.0000000000
13400000.000000 94.3333333333
13450000.000000 95.0000000000
13500000.000000 94.6666666667
13550000.000000 95.5000000000
13600000.000000 95.6666666667
13650000.000000 95.6666666667
13700000.000000 95.5000000000
13750000.000000 95.8333333333
13800000.000000 96.1666666667
13850000.000000 96.1666666667
13900000.000000 96.1666666667
13950000.000000 96.0000000000
14000000.000000 96.1666666667
14050000.000000 96.0000000000
14100000.000000 95.1666666667
14150000.000000 95.8333333333
14200000.000000 95.3333333333
14250000.000000 95.5000000000
14300000.000000 96.3333333333
14350000.000000 96.3333333333
14400000.000000 96.0000000000
14450000.000000 96.0000000000
14500000.000000 96.0000000000
14550000.000000 96.0000000000
14600000.000000 96.3333333333
14650000.000000 95.8333333333
14700000.000000 95.8333333333
14750000.000000 95.6666666667
14800000.000000 95.8333333333
14850000.000000 95.3333333333
14900000.000000 95.8333333333
14950000.000000 95.6666666667
15000000.000000 95.8333333333
15050000.000000 95.8333333333
15100000.000000 95.6666666667
15150000.000000 95.1666666667
15200000.000000 96.0000000000
15250000.000000 96.5000000000
15300000.000000 96.8333333333
15350000.000000 96.5000000000
15400000.000000 96.1666666667
15450000.000000 96.5000000000
15500000.000000 95.5000000000
15550000.000000 95.5000000000
15600000.000000 94.8333333333
15650000.000000 95.5000000000
15700000.000000 95.3333333333
15750000.000000 95.6666666667
15800000.000000 96.1666666667
15850000.000000 94.6666666667
15900000.000000 94.3333333333
15950000.000000 95.0000000000
16000000.000000 95.6666666667
16050000.000000 96.5000000000
16100000.000000 96.0000000000
16150000.000000 95.6666666667
16200000.000000 95.8333333333
16250000.000000 96.1666666667
16300000.000000 94.8333333333
16350000.000000 94.6666666667
16400000.000000 95.0000000000
16450000.000000 95.3333333333
16500000.000000 94.8333333333
16550000.000000 94.8333333333
16600000.000000 95.1666666667
16650000.000000 95.5000000000
16700000.000000 95.5000000000
16750000.000000 95.5000000000
16800000.000000 95.3333333333
16850000.000000 94.6666666667
16900000.000000 95.5000000000
16950000.000000 95.6666666667
17000000.000000 95.1666666667
17050000.000000 95.1666666667
17100000.000000 95.0000000000
17150000.000000 95.6666666667
17200000.000000 95.5000000000
17250000.000000 95.8333333333
17300000.000000 95.3333333333
17350000.000000 95.8333333333
17400000.000000 96.0000000000
17450000.000000 96.3333333333
17500000.000000 96.6666666667
17550000.000000 96.3333333333
17600000.000000 95.8333333333
17650000.000000 95.6666666667
17700000.000000 96.0000000000
17750000.000000 96.0000000000
17800000.000000 96.5000000000
17850000.000000 96.5000000000
17900000.000000 96.1666666667
17950000.000000 96.6666666667
18000000.000000 96.3333333333
18050000.000000 97.0000000000
18100000.000000 96.5000000000
18150000.000000 96.8333333333
18200000.000000 96.1666666667
18250000.000000 96.8333333333
18300000.000000 96.8333333333
18350000.000000 97.0000000000
18400000.000000 97.0000000000
18450000.000000 96.8333333333
18500000.000000 96.6666666667
18550000.000000 96.8333333333
18600000.000000 97.0000000000
18650000.000000 97.5000000000
18700000.000000 97.1666666667
18750000.000000 97.5000000000
18800000.000000 97.5000000000
18850000.000000 97.5000000000
18900000.000000 97.5000000000
18950000.000000 97.1666666667
19000000.000000 97.1666666667
19050000.000000 97.6666666667
19100000.000000 97.8333333333
19150000.000000 97.3333333333
19200000.000000 97.1666666667
19250000.000000 96.6666666667
19300000.000000 96.8333333333
19350000.000000 97.0000000000
19400000.000000 96.3333333333
19450000.000000 96.1666666667
19500000.000000 96.8333333333
19550000.000000 96.8333333333
19600000.000000 96.8333333333
19650000.000000 96.6666666667
19700000.000000 96.5000000000
19750000.000000 96.6666666667
19800000.000000 96.8333333333
19850000.000000 97.3333333333
19900000.000000 97.3333333333
19950000.000000 96.8333333333
20000000.000000 97.1666666667
