# time largest_cluster_rg
150000.000000 15.1236049952
200000.000000 16.0319843681
250000.000000 16.4278918684
300000.000000 15.8597156035
350000.000000 16.3530695150
400000.000000 17.1554662105
450000.000000 17.6361422148
500000.000000 17.3194140651
550000.000000 16.5001852501
600000.000000 17.5867410012
650000.000000 17.5734389722
700000.000000 16.5849789909
750000.000000 16.0488425605
800000.000000 17.5945120586
850000.000000 17.2264929649
900000.000000 20.8921974552
950000.000000 18.0006754085
1000000.000000 29.1846204988
1050000.000000 30.0463865283
1100000.000000 30.3526565969
1150000.000000 33.7848203231
1200000.000000 18.6330231477
1250000.000000 29.2917266844
1300000.000000 33.7212280909
1350000.000000 33.9928252065
1400000.000000 31.1488952901
1450000.000000 17.2261316646
1500000.000000 15.7853382547
1550000.000000 18.0411243760
1600000.000000 22.4697178459
1650000.000000 18.4570685380
1700000.000000 18.8710588045
1750000.000000 18.1430535533
1800000.000000 21.0730749936
1850000.000000 18.7482157575
1900000.000000 24.0641330099
1950000.000000 30.7251659134
2000000.000000 20.7222518920
2050000.000000 31.6659678895
2100000.000000 19.1063444639
2150000.000000 17.9357124822
2200000.000000 16.8449760803
2250000.000000 16.4579303542
2300000.000000 17.2594900382
2350000.000000 16.1941109661
2400000.000000 17.3118985016
2450000.000000 18.5331473463
2500000.000000 17.6615703206
2550000.000000 25.6624049916
2600000.000000 23.8759694062
2650000.000000 18.7007456539
2700000.000000 17.6757927002
2750000.000000 19.3081333053
2800000.000000 20.1562022788
2850000.000000 21.9204274857
2900000.000000 26.4027316766
2950000.000000 20.0008652538
3000000.000000 29.5958145087
3050000.000000 21.7543715550
3100000.000000 24.7285908985
3150000.000000 26.4348038968
3200000.000000 28.4764951735
3250000.000000 23.9854172677
3300000.000000 21.1723318557
3350000.000000 27.1367309033
3400000.000000 25.9276857232
3450000.000000 20.3815069138
3500000.000000 23.3058817954
3550000.000000 24.2290135736
3600000.000000 27.3474193465
3650000.000000 24.0388725361
3700000.000000 28.7783740323
3750000.000000 21.5458589272
3800000.000000 25.3726614140
3850000.000000 20.9483891551
3900000.000000 21.0986688068
3950000.000000 21.3167272813
4000000.000000 24.0873793788
4050000.000000 23.5927927059
4100000.000000 18.0176973776
4150000.000000 24.5656733671
4200000.000000 24.3818233762
4250000.000000 25.3658979126
4300000.000000 26.5656293197
4350000.000000 27.7722240096
4400000.000000 26.8828347655
4450000.000000 22.4144195890
4500000.000000 22.4516286898
4550000.000000 21.8949263630
4600000.000000 23.7578720312
4650000.000000 23.3639488977
4700000.000000 23.7317451595
4750000.000000 18.8190485331
4800000.000000 23.9831201975
4850000.000000 27.4866977088
4900000.000000 28.3805485077
4950000.000000 26.8173689542
5000000.000000 18.1836737670
5050000.000000 19.1289735369
5100000.000000 20.1026929610
5150000.000000 18.3997837649
5200000.000000 22.0045109564
5250000.000000 20.0473734042
5300000.000000 18.3979526039
5350000.000000 19.3994704319
5400000.000000 27.3069282658
5450000.000000 24.9077023761
5500000.000000 27.6708107302
5550000.000000 19.7286388052
5600000.000000 20.2906653865
5650000.000000 24.9719642830
5700000.000000 21.2326185875
5750000.000000 24.6490347373
5800000.000000 21.7928236565
5850000.000000 22.4410602649
5900000.000000 21.1253072296
5950000.000000 19.0773628880
6000000.000000 22.0296016452
6050000.000000 21.5550533514
6100000.000000 25.1273135261
6150000.000000 19.1258670171
6200000.000000 18.0829198507
6250000.000000 21.3521110137
6300000.000000 18.4316778216
6350000.000000 16.9802837900
6400000.000000 19.1008650838
6450000.000000 19.3140341677
6500000.000000 18.1253855606
6550000.000000 17.2213984617
6600000.000000 17.3511212556
6650000.000000 18.1933127710
6700000.000000 18.2414097735
6750000.000000 20.8539954360
6800000.000000 20.3665233211
6850000.000000 19.1009150874
6900000.000000 16.1611100680
6950000.000000 16.4831163014
7000000.000000 16.2826688674
7050000.000000 17.1270809477
7100000.000000 16.2007100341
7150000.000000 15.9158241152
7200000.000000 15.7829304700
7250000.000000 15.4883359010
7300000.000000 16.2028557772
7350000.000000 15.5998206484
7400000.000000 16.4216466438
7450000.000000 15.8988231378
7500000.000000 15.8684887396
7550000.000000 15.4391122238
7600000.000000 15.8555541329
7650000.000000 16.0257685934
7700000.000000 15.7031469509
7750000.000000 16.0405375035
7800000.000000 15.8325916283
7850000.000000 16.0684386057
7900000.000000 16.2214439486
7950000.000000 16.0430382037
8000000.000000 15.8209353808
8050000.000000 15.7916377347
8100000.000000 15.8541216957
8150000.000000 15.8584725777
8200000.000000 15.9115823756
8250000.000000 16.1950171111
8300000.000000 16.1143426738
8350000.000000 15.5577176554
8400000.000000 15.3131646802
8450000.000000 15.7913595093
8500000.000000 15.8478910024
8550000.000000 15.8432268539
8600000.000000 15.7497764124
8650000.000000 15.6777701254
8700000.000000 15.7845140608
8750000.000000 16.2836427677
8800000.000000 15.7461268800
8850000.000000 15.8798646777
8900000.000000 16.4497854045
8950000.000000 15.9272628840
9000000.000000 16.0888402713
9050000.000000 15.8663553228
9100000.000000 16.0183966643
9150000.000000 15.9414377893
9200000.000000 15.7900256344
9250000.000000 15.6053166915
9300000.000000 15.7660453023
9350000.000000 15.4784506009
9400000.000000 15.3787603847
9450000.000000 15.6368723935
9500000.000000 15.7153860790
9550000.000000 15.7360600257
9600000.000000 15.4641083661
9650000.000000 15.7843749560
9700000.000000 15.8688863911
9750000.000000 16.1830008816
9800000.000000 15.7623132937
9850000.000000 15.8042925708
9900000.000000 16.3810071091
9950000.000000 16.3527612507
10000000.000000 16.6300977725
10050000.000000 16.8485807865
10100000.000000 17.0289303553
10150000.000000 18.1315198577
10200000.000000 16.7274656340
10250000.000000 29.1320217201
10300000.000000 30.0739543738
10350000.000000 30.1857159791
10400000.000000 22.6090391827
10450000.000000 20.6375733145
10500000.000000 18.1692627950
10550000.000000 19.2404833112
10600000.000000 17.0807344902
10650000.000000 16.4354194516
10700000.000000 16.1419346909
10750000.000000 16.3054144528
10800000.000000 22.6748501751
10850000.000000 17.2920307942
10900000.000000 16.9858411033
10950000.000000 16.9463479368
11000000.000000 17.4722106632
11050000.000000 23.3830593345
11100000.000000 21.9882164489
11150000.000000 18.9563367456
11200000.000000 17.2487540742
11250000.000000 16.3905487573
11300000.000000 16.0739910917
11350000.000000 16.3807943264
11400000.000000 17.5070160972
11450000.000000 18.0760087407
11500000.000000 17.2446071802
11550000.000000 16.7563216115
11600000.000000 16.4002653440
11650000.000000 16.1295590807
11700000.000000 16.0753374009
11750000.000000 16.3331346739
11800000.000000 16.4201109088
11850000.000000 16.1249181241
11900000.000000 16.9617729091
11950000.000000 22.1920930725
12000000.000000 20.1535091464
12050000.000000 26.1929028954
12100000.000000 20.2433180858
12150000.000000 20.0875561333
12200000.000000 24.3185983643
12250000.000000 23.9994537418
12300000.000000 25.9775493284
12350000.000000 21.9321812613
12400000.000000 23.5044193444
12450000.000000 26.8561671686
12500000.000000 23.9775534780
12550000.000000 20.3775279267
12600000.000000 23.4849087703
12650000.000000 19.6628900960
12700000.000000 25.6441542804
12750000.000000 20.0506610085
12800000.000000 20.8852509601
12850000.000000 21.4949961808
12900000.000000 20.9093741485
12950000.000000 21.1884556424
13000000.000000 21.8694158630
13050000.000000 24.1480942734
13100000.000000 19.6019317548
13150000.000000 23.5289561742
13200000.000000 20.0971330045
13250000.000000 20.2457766247
13300000.000000 30.9874149766
13350000.000000 26.4825283502
13400000.000000 25.2016886754
13450000.000000 26.7904800655
13500000.000000 19.4399515951
13550000.000000 22.7740534178
13600000.000000 30.8510052763
13650000.000000 28.3180932469
13700000.000000 22.4924075411
13750000.000000 29.0317761416
13800000.000000 25.3437822680
13850000.000000 29.3612271784
13900000.000000 17.6583997827
13950000.000000 25.5744000818
14000000.000000 22.2668828304
14050000.000000 18.2345839409
14100000.000000 18.6560462232
14150000.000000 20.2901586561
14200000.000000 19.2833243429
14250000.000000 18.7164600406
14300000.000000 19.2235146904
14350000.000000 17.9734845301
14400000.000000 17.0650428889
14450000.000000 17.3033754374
14500000.000000 16.8263762219
14550000.000000 16.0465974881
14600000.000000 17.3701559021
14650000.000000 18.8701548929
14700000.000000 18.8195824118
14750000.000000 16.4698337231
14800000.000000 17.0557353759
14850000.000000 16.5258622742
14900000.000000 15.9289176780
14950000.000000 16.1866901391
15000000.000000 16.7534826794
15050000.000000 16.3352415019
15100000.000000 16.9478028893
15150000.000000 16.7647883521
15200000.000000 17.2709043712
15250000.000000 16.3070036371
15300000.000000 16.1507756603
15350000.000000 15.7960523024
15400000.000000 15.9957224249
15450000.000000 16.8819216115
15500000.000000 17.1420637793
15550000.000000 16.8065232453
15600000.000000 16.3947610844
15650000.000000 16.7097298694
15700000.000000 17.8774425150
15750000.000000 17.3731904638
15800000.000000 16.6940926595
15850000.000000 17.9834473073
15900000.000000 19.6564560629
15950000.000000 18.6270978633
16000000.000000 19.3094690065
16050000.000000 19.3981579083
16100000.000000 20.4074917342
16150000.000000 23.4639069574
16200000.000000 16.8441426792
16250000.000000 16.9066322899
16300000.000000 16.5900724550
16350000.000000 17.8535285615
16400000.000000 19.5818539746
16450000.000000 20.3024483958
16500000.000000 23.0840228596
16550000.000000 19.7063061277
16600000.000000 19.5196339986
16650000.000000 18.3835446406
16700000.000000 17.1733136844
16750000.000000 18.6643716646
16800000.000000 30.3458264806
16850000.000000 25.0075822902
16900000.000000 18.8996098401
16950000.000000 19.6957510418
17000000.000000 29.9507104742
17050000.000000 20.4345228482
17100000.000000 22.4072998552
17150000.000000 32.2407454360
17200000.000000 21.8352908570
17250000.000000 24.7213985960
17300000.000000 25.3445814574
17350000.000000 22.6405943733
17400000.000000 22.2556120442
17450000.000000 20.7085865953
17500000.000000 22.3993152010
17550000.000000 22.4187202456
17600000.000000 20.2364638847
17650000.000000 19.8785662882
17700000.000000 22.3678366822
17750000.000000 21.9060669612
17800000.000000 23.3691575258
17850000.000000 21.9940549130
17900000.000000 23.6986564323
17950000.000000 33.0754607375
18000000.000000 29.3625850398
18050000.000000 32.3262753085
18100000.000000 28.6943840798
18150000.000000 29.4680073239
18200000.000000 23.9686870931
18250000.000000 26.5160743265
18300000.000000 25.3756926120
18350000.000000 32.7362999334
18400000.000000 29.0263585302
18450000.000000 23.2291034361
18500000.000000 27.2783271115
18550000.000000 28.6625621187
18600000.000000 24.7696170475
18650000.000000 25.4095696598
18700000.000000 24.1575249601
18750000.000000 24.4922447999
18800000.000000 23.9114488994
18850000.000000 25.5511359584
18900000.000000 24.5364805265
18950000.000000 26.0913048618
19000000.000000 22.4072463258
19050000.000000 26.1933668885
19100000.000000 22.6413577283
19150000.000000 22.1731650529
19200000.000000 25.3272572601
19250000.000000 22.0532600347
19300000.000000 25.2598194957
19350000.000000 23.8052563268
19400000.000000 23.7733756009
19450000.000000 22.8740818363
19500000.000000 21.5215236283
19550000.000000 21.1609298333
19600000.000000 20.5426260010
19650000.000000 23.3970523195
19700000.000000 19.0141473404
19750000.000000 19.0046888715
19800000.000000 22.8170856493
19850000.000000 22.3891769110
19900000.000000 24.1348594485
19950000.000000 19.5731765424
20000000.000000 21.1699971727
20050000.000000 20.3102264543
20100000.000000 25.1995298416
