# time largest_cluster_rg
150000.000000 34.0925658235
200000.000000 33.9188790870
250000.000000 33.3548090130
300000.000000 35.6754461831
350000.000000 39.3262109975
400000.000000 34.6206261336
450000.000000 32.0859872321
500000.000000 36.6837768398
550000.000000 33.3907600016
600000.000000 39.2431917402
650000.000000 38.5748235524
700000.000000 40.5502061735
750000.000000 33.9161783783
800000.000000 31.0858119328
850000.000000 33.5610135857
900000.000000 37.2485990524
950000.000000 30.5346121178
1000000.000000 34.5327664192
1050000.000000 31.5099677548
1100000.000000 32.8944472448
1150000.000000 34.1781609990
1200000.000000 31.4835548561
1250000.000000 33.3015776920
1300000.000000 37.2574257340
1350000.000000 39.0575032977
1400000.000000 35.8007744683
1450000.000000 31.6108907819
1500000.000000 33.3992221517
1550000.000000 34.5589138619
1600000.000000 33.3515593613
1650000.000000 32.9878421737
1700000.000000 31.5237169405
1750000.000000 35.9300275975
1800000.000000 33.0335041392
1850000.000000 32.2790369247
1900000.000000 31.6533741528
1950000.000000 35.1229247981
2000000.000000 33.3521169851
2050000.000000 37.9945927358
2100000.000000 31.9272442362
2150000.000000 35.0667498098
2200000.000000 36.5173524192
2250000.000000 43.4981054420
2300000.000000 40.1394953155
2350000.000000 31.8353952869
2400000.000000 36.3937680134
2450000.000000 33.5885560448
2500000.000000 33.1089686140
2550000.000000 41.0192940903
2600000.000000 34.9397835066
2650000.000000 34.7642403391
2700000.000000 32.1016633553
2750000.000000 44.2533543813
2800000.000000 30.9205516620
2850000.000000 32.7672506729
2900000.000000 36.2714530182
2950000.000000 33.4853777218
3000000.000000 35.4054030348
3050000.000000 45.6811210465
3100000.000000 37.1141756166
3150000.000000 34.4532096549
3200000.000000 42.8472972546
3250000.000000 33.4769974670
3300000.000000 32.5797553446
3350000.000000 36.9596985056
3400000.000000 31.1947959195
3450000.000000 36.5877749905
3500000.000000 31.2189405851
3550000.000000 31.7267646952
3600000.000000 31.4946183157
3650000.000000 33.9290313110
3700000.000000 33.0150098923
3750000.000000 30.3910493979
3800000.000000 34.1444777598
3850000.000000 43.8032749011
3900000.000000 32.8221750842
3950000.000000 35.4513603343
4000000.000000 32.5135241021
4050000.000000 32.6408767670
4100000.000000 41.7094791171
4150000.000000 43.3157343847
4200000.000000 32.7485862408
4250000.000000 35.2999988368
4300000.000000 35.1424671948
4350000.000000 33.5611761376
4400000.000000 31.0796139323
4450000.000000 40.0859541430
4500000.000000 32.9701566383
4550000.000000 32.1655125348
4600000.000000 33.9373377139
4650000.000000 33.1716751071
4700000.000000 36.2727343268
4750000.000000 33.4718405433
4800000.000000 33.0113761051
4850000.000000 32.2213260786
4900000.000000 34.6861248561
4950000.000000 35.7135522135
5000000.000000 34.8821234822
5050000.000000 42.6759431263
5100000.000000 32.5972181005
5150000.000000 30.1761561808
5200000.000000 38.2229037137
5250000.000000 31.8406423474
5300000.000000 35.6174279021
5350000.000000 33.1509423240
5400000.000000 35.1935314511
5450000.000000 32.1367283472
5500000.000000 41.5783213633
5550000.000000 35.2460438707
5600000.000000 31.8981094448
5650000.000000 31.2204414537
5700000.000000 31.7655500173
5750000.000000 33.0449320556
5800000.000000 34.6530044710
5850000.000000 35.4659348851
5900000.000000 31.7090717818
5950000.000000 32.0979698227
6000000.000000 33.8931721444
6050000.000000 31.6462728174
6100000.000000 34.3229010240
6150000.000000 41.7261482606
6200000.000000 37.7775552566
6250000.000000 30.2614417114
6300000.000000 36.2105018377
6350000.000000 31.8934410400
6400000.000000 36.9746792614
6450000.000000 31.5545198822
6500000.000000 31.7860648690
6550000.000000 34.2166217081
6600000.000000 33.5634369008
6650000.000000 36.7154421406
6700000.000000 34.7516836409
6750000.000000 34.6632467788
6800000.000000 31.3497716812
6850000.000000 36.6815702470
6900000.000000 32.2416613677
6950000.000000 31.9542964709
7000000.000000 43.5338738913
7050000.000000 33.0274516421
7100000.000000 35.9682751473
7150000.000000 34.1699251604
7200000.000000 31.9993400140
7250000.000000 39.4479988027
7300000.000000 35.7505712101
7350000.000000 35.0323066833
7400000.000000 34.2358686359
7450000.000000 30.8381629097
7500000.000000 31.1120154998
7550000.000000 33.2483540532
7600000.000000 31.2774593071
7650000.000000 33.9736317382
7700000.000000 30.8032091821
7750000.000000 33.6812087928
7800000.000000 32.8071142491
7850000.000000 31.9237807332
7900000.000000 34.9955869671
7950000.000000 44.6286923767
8000000.000000 36.7522194458
8050000.000000 33.4275502815
8100000.000000 34.2084764817
8150000.000000 35.4890796278
8200000.000000 33.0887482205
8250000.000000 33.8409210488
8300000.000000 31.2578464695
8350000.000000 35.7352448931
8400000.000000 33.1686063444
8450000.000000 35.2707065884
8500000.000000 33.4801739496
8550000.000000 38.7369944000
8600000.000000 34.0911517968
8650000.000000 39.3995669761
8700000.000000 31.1428702848
8750000.000000 31.8529037255
8800000.000000 36.1188081312
8850000.000000 36.0369432339
8900000.000000 30.0720426255
8950000.000000 34.3847901293
9000000.000000 32.2873820193
9050000.000000 39.7272740602
9100000.000000 32.8469838087
9150000.000000 34.2486940266
9200000.000000 32.8415096650
9250000.000000 30.8711686544
9300000.000000 32.8064875263
9350000.000000 38.0124477550
9400000.000000 32.4356833720
9450000.000000 35.2689666860
9500000.000000 31.8910720901
9550000.000000 32.0977546300
9600000.000000 40.2826612538
9650000.000000 33.1757239300
9700000.000000 41.5439846018
9750000.000000 32.0752446643
9800000.000000 30.2714693211
9850000.000000 32.5849128418
9900000.000000 35.0491537978
9950000.000000 34.8245995860
10000000.000000 32.1699439981
10050000.000000 32.7999114748
10100000.000000 34.9847607986
10150000.000000 35.5610462444
10200000.000000 33.9869589642
10250000.000000 34.0534529691
10300000.000000 40.2595754456
10350000.000000 37.1083132087
10400000.000000 33.4079424555
10450000.000000 35.8491767823
10500000.000000 30.9400039892
10550000.000000 38.1694976136
10600000.000000 32.6351526857
10650000.000000 32.9459643084
10700000.000000 34.5234921227
10750000.000000 36.0869683210
10800000.000000 35.3418375252
10850000.000000 31.8034964055
10900000.000000 40.3235122164
10950000.000000 43.7684187870
11000000.000000 36.6643329355
11050000.000000 37.4969157486
11100000.000000 40.1985058190
11150000.000000 30.7527491377
11200000.000000 34.4081200764
11250000.000000 40.5232490540
11300000.000000 35.4997033579
11350000.000000 39.0584578839
11400000.000000 32.7972544552
11450000.000000 35.6078489662
11500000.000000 36.6434581012
11550000.000000 33.2776842191
11600000.000000 33.3726656922
11650000.000000 33.8827867941
11700000.000000 35.4620600219
11750000.000000 31.7466446461
11800000.000000 34.6179116942
11850000.000000 30.8521877703
11900000.000000 33.9897582493
11950000.000000 32.9301319371
12000000.000000 33.7055231942
12050000.000000 37.6972220930
12100000.000000 41.0262066028
12150000.000000 32.8688388912
12200000.000000 36.9718454010
12250000.000000 35.2930757042
12300000.000000 33.7698968925
12350000.000000 33.8457462141
12400000.000000 35.3780428188
12450000.000000 34.6352935185
12500000.000000 32.7387686179
12550000.000000 30.6974295722
12600000.000000 36.0302420010
12650000.000000 32.9007657238
12700000.000000 32.4335899585
12750000.000000 34.9735881068
12800000.000000 37.1312656152
12850000.000000 32.7200089336
12900000.000000 33.8490771358
12950000.000000 36.4212321922
13000000.000000 32.7935871837
13050000.000000 31.0650256867
13100000.000000 34.9547638025
13150000.000000 33.8393183560
13200000.000000 32.9600562833
13250000.000000 43.1523699987
13300000.000000 40.4127132707
13350000.000000 36.1582133636
13400000.000000 39.1810368914
13450000.000000 35.0026351168
13500000.000000 31.1714329300
13550000.000000 33.4828975188
13600000.000000 31.8277503934
13650000.000000 32.6454440553
13700000.000000 32.2608678730
13750000.000000 38.7440577092
13800000.000000 37.0337577781
13850000.000000 31.2935776404
13900000.000000 30.6327227687
13950000.000000 31.8772426222
14000000.000000 32.4891939079
14050000.000000 34.7957592945
14100000.000000 31.5257206192
14150000.000000 31.2808405670
14200000.000000 38.3023494954
14250000.000000 38.7074252937
14300000.000000 36.2103017302
14350000.000000 30.4786546987
14400000.000000 29.5098690245
14450000.000000 31.3484035632
14500000.000000 36.7346684697
14550000.000000 33.4344021100
14600000.000000 32.1839238083
14650000.000000 36.5834967842
14700000.000000 37.0723697646
14750000.000000 39.9711573398
14800000.000000 32.4754411196
14850000.000000 38.4091175223
14900000.000000 31.5291051764
14950000.000000 34.1658172114
15000000.000000 31.5450459885
15050000.000000 31.3242832815
15100000.000000 32.1359041709
15150000.000000 35.5087839800
15200000.000000 33.0798549352
15250000.000000 35.9793851211
15300000.000000 33.3563340931
15350000.000000 33.8966587285
15400000.000000 32.0692618606
15450000.000000 31.7492025454
15500000.000000 35.6095253822
15550000.000000 31.1724914309
15600000.000000 38.3917271432
15650000.000000 31.7749755598
15700000.000000 33.6870553566
15750000.000000 33.2318943226
15800000.000000 32.8858994040
15850000.000000 35.6721748782
15900000.000000 40.1282664331
15950000.000000 31.6954646622
16000000.000000 33.4134256414
16050000.000000 39.2039250013
16100000.000000 33.5424605039
16150000.000000 34.7083529660
16200000.000000 33.2324724034
16250000.000000 33.3421497553
16300000.000000 31.4232849952
16350000.000000 33.1295837713
16400000.000000 37.4903003972
16450000.000000 33.2781629201
16500000.000000 32.1573145652
16550000.000000 37.8197925120
16600000.000000 35.0424877713
16650000.000000 36.0128103323
16700000.000000 33.2646087034
16750000.000000 33.8761951023
16800000.000000 31.5420094351
16850000.000000 36.8920025661
16900000.000000 34.4196181600
16950000.000000 32.1324416471
17000000.000000 33.1438278408
17050000.000000 34.0292185856
17100000.000000 32.7236800180
17150000.000000 36.3638970670
17200000.000000 33.4021917925
17250000.000000 32.0166988701
17300000.000000 35.7664856024
17350000.000000 38.3533061504
17400000.000000 29.5590696615
17450000.000000 29.2707705629
17500000.000000 32.7432462160
17550000.000000 30.2537601495
17600000.000000 34.7045559948
17650000.000000 35.7389687046
17700000.000000 31.5688871921
17750000.000000 34.6368802478
17800000.000000 34.3150694997
17850000.000000 32.2491825592
17900000.000000 33.7330110847
17950000.000000 33.2215987194
18000000.000000 34.8987968914
18050000.000000 35.0063289117
18100000.000000 34.3915362595
18150000.000000 31.7887850527
18200000.000000 34.5463640024
18250000.000000 34.4996892798
18300000.000000 50.2277493419
18350000.000000 36.4346137521
18400000.000000 32.8783211657
18450000.000000 35.5318809028
18500000.000000 36.9359016302
18550000.000000 32.5172773739
18600000.000000 31.6965603770
18650000.000000 32.7222154813
18700000.000000 35.1978500533
18750000.000000 36.5354196676
18800000.000000 43.0207782286
18850000.000000 32.6408484708
18900000.000000 32.9794038307
18950000.000000 31.1156623431
19000000.000000 33.5599354624
19050000.000000 47.1460663546
19100000.000000 33.3448501802
19150000.000000 32.5580219092
19200000.000000 30.3033194971
19250000.000000 31.8638512616
19300000.000000 32.7735726797
19350000.000000 32.0376888475
19400000.000000 31.9583146091
19450000.000000 31.6591168269
19500000.000000 32.2697304626
19550000.000000 33.8304460883
19600000.000000 38.3783243651
19650000.000000 32.0520747845
19700000.000000 33.5401424896
19750000.000000 33.9395514226
19800000.000000 39.0099478127
19850000.000000 35.4352823336
19900000.000000 31.9512521605
19950000.000000 31.3231517859
20000000.000000 31.2791055938
20050000.000000 31.1612697056
20100000.000000 32.6894619052
