# time largest_cluster_fraction_percent
50000.000000 59.1666666667
100000.000000 77.8333333333
150000.000000 33.1666666667
200000.000000 38.3333333333
250000.000000 32.6666666667
300000.000000 33.3333333333
350000.000000 33.3333333333
400000.000000 31.8333333333
450000.000000 32.1666666667
500000.000000 38.6666666667
550000.000000 32.1666666667
600000.000000 32.3333333333
650000.000000 31.6666666667
700000.000000 31.6666666667
750000.000000 32.0000000000
800000.000000 31.8333333333
850000.000000 31.8333333333
900000.000000 32.1666666667
950000.000000 37.1666666667
1000000.000000 52.6666666667
1050000.000000 32.0000000000
1100000.000000 32.3333333333
1150000.000000 32.1666666667
1200000.000000 32.6666666667
1250000.000000 32.3333333333
1300000.000000 32.5000000000
1350000.000000 32.5000000000
1400000.000000 32.1666666667
1450000.000000 33.1666666667
1500000.000000 32.6666666667
1550000.000000 32.6666666667
1600000.000000 32.8333333333
1650000.000000 32.3333333333
1700000.000000 32.0000000000
1750000.000000 32.3333333333
1800000.000000 32.5000000000
1850000.000000 32.1666666667
1900000.000000 32.1666666667
1950000.000000 32.0000000000
2000000.000000 32.3333333333
2050000.000000 32.6666666667
2100000.000000 34.8333333333
2150000.000000 34.5000000000
2200000.000000 32.8333333333
2250000.000000 33.0000000000
2300000.000000 44.3333333333
2350000.000000 32.6666666667
2400000.000000 35.1666666667
2450000.000000 34.5000000000
2500000.000000 32.6666666667
2550000.000000 32.6666666667
2600000.000000 33.0000000000
2650000.000000 32.8333333333
2700000.000000 42.3333333333
2750000.000000 33.6666666667
2800000.000000 33.3333333333
2850000.000000 33.0000000000
2900000.000000 32.6666666667
2950000.000000 32.5000000000
3000000.000000 33.3333333333
3050000.000000 56.5000000000
3100000.000000 32.5000000000
3150000.000000 32.0000000000
3200000.000000 32.6666666667
3250000.000000 32.5000000000
3300000.000000 39.6666666667
3350000.000000 32.5000000000
3400000.000000 39.3333333333
3450000.000000 39.3333333333
3500000.000000 31.8333333333
3550000.000000 32.1666666667
3600000.000000 31.3333333333
3650000.000000 46.3333333333
3700000.000000 31.8333333333
3750000.000000 33.3333333333
3800000.000000 32.0000000000
3850000.000000 31.6666666667
3900000.000000 31.5000000000
3950000.000000 40.8333333333
4000000.000000 34.3333333333
4050000.000000 31.8333333333
4100000.000000 32.0000000000
4150000.000000 31.8333333333
4200000.000000 32.5000000000
4250000.000000 32.0000000000
4300000.000000 32.0000000000
4350000.000000 32.1666666667
4400000.000000 32.1666666667
4450000.000000 32.0000000000
4500000.000000 31.6666666667
4550000.000000 31.8333333333
4600000.000000 32.5000000000
4650000.000000 40.8333333333
4700000.000000 41.0000000000
4750000.000000 39.5000000000
4800000.000000 39.8333333333
4850000.000000 41.8333333333
4900000.000000 64.1666666667
4950000.000000 39.8333333333
5000000.000000 33.0000000000
5050000.000000 39.5000000000
5100000.000000 39.0000000000
5150000.000000 39.8333333333
5200000.000000 40.3333333333
5250000.000000 67.1666666667
5300000.000000 40.0000000000
5350000.000000 33.3333333333
5400000.000000 39.5000000000
5450000.000000 39.1666666667
5500000.000000 40.1666666667
5550000.000000 41.0000000000
5600000.000000 66.8333333333
5650000.000000 67.8333333333
5700000.000000 67.1666666667
5750000.000000 66.8333333333
5800000.000000 35.8333333333
5850000.000000 67.0000000000
5900000.000000 50.8333333333
5950000.000000 79.0000000000
6000000.000000 41.1666666667
6050000.000000 40.1666666667
6100000.000000 40.3333333333
6150000.000000 39.5000000000
6200000.000000 40.5000000000
6250000.000000 40.6666666667
6300000.000000 40.0000000000
6350000.000000 40.3333333333
6400000.000000 69.0000000000
6450000.000000 40.3333333333
6500000.000000 69.6666666667
6550000.000000 69.0000000000
6600000.000000 82.5000000000
6650000.000000 70.0000000000
6700000.000000 40.3333333333
6750000.000000 41.6666666667
6800000.000000 41.0000000000
6850000.000000 70.6666666667
6900000.000000 41.3333333333
6950000.000000 41.1666666667
7000000.000000 68.3333333333
7050000.000000 40.8333333333
7100000.000000 55.0000000000
7150000.000000 55.5000000000
7200000.000000 42.1666666667
7250000.000000 41.6666666667
7300000.000000 42.5000000000
7350000.000000 42.6666666667
7400000.000000 71.0000000000
7450000.000000 70.8333333333
7500000.000000 70.6666666667
7550000.000000 71.3333333333
7600000.000000 70.8333333333
7650000.000000 71.1666666667
7700000.000000 43.3333333333
7750000.000000 72.1666666667
7800000.000000 72.3333333333
7850000.000000 42.6666666667
7900000.000000 71.1666666667
7950000.000000 42.6666666667
8000000.000000 72.5000000000
8050000.000000 73.0000000000
8100000.000000 72.3333333333
8150000.000000 71.8333333333
8200000.000000 73.3333333333
8250000.000000 85.8333333333
8300000.000000 73.3333333333
8350000.000000 72.8333333333
8400000.000000 72.5000000000
8450000.000000 72.6666666667
8500000.000000 73.0000000000
8550000.000000 74.1666666667
8600000.000000 75.5000000000
8650000.000000 74.3333333333
8700000.000000 74.6666666667
8750000.000000 85.0000000000
8800000.000000 74.1666666667
8850000.000000 74.1666666667
8900000.000000 73.6666666667
8950000.000000 74.6666666667
9000000.000000 75.1666666667
9050000.000000 80.0000000000
9100000.000000 74.5000000000
9150000.000000 75.3333333333
9200000.000000 75.0000000000
9250000.000000 75.0000000000
9300000.000000 75.0000000000
9350000.000000 75.8333333333
9400000.000000 76.8333333333
9450000.000000 76.1666666667
9500000.000000 76.1666666667
9550000.000000 75.0000000000
9600000.000000 76.0000000000
9650000.000000 75.1666666667
9700000.000000 75.0000000000
9750000.000000 75.0000000000
9800000.000000 75.1666666667
9850000.000000 76.5000000000
9900000.000000 76.5000000000
9950000.000000 76.1666666667
10000000.000000 76.8333333333
10050000.000000 76.3333333333
10100000.000000 76.8333333333
10150000.000000 76.1666666667
10200000.000000 76.1666666667
10250000.000000 75.8333333333
10300000.000000 76.0000000000
10350000.000000 75.5000000000
10400000.000000 75.5000000000
10450000.000000 75.3333333333
10500000.000000 75.3333333333
10550000.000000 75.8333333333
10600000.000000 76.3333333333
10650000.000000 76.3333333333
10700000.000000 75.6666666667
10750000.000000 75.3333333333
10800000.000000 75.1666666667
10850000.000000 75.1666666667
10900000.000000 75.1666666667
10950000.000000 76.3333333333
11000000.000000 76.8333333333
11050000.000000 77.0000000000
11100000.000000 76.3333333333
11150000.000000 76.0000000000
11200000.000000 75.0000000000
11250000.000000 75.5000000000
11300000.000000 75.3333333333
11350000.000000 75.3333333333
11400000.000000 75.3333333333
11450000.000000 75.8333333333
11500000.000000 75.6666666667
11550000.000000 75.6666666667
11600000.000000 75.5000000000
11650000.000000 75.5000000000
11700000.000000 76.0000000000
11750000.000000 76.5000000000
11800000.000000 76.6666666667
11850000.000000 76.6666666667
11900000.000000 76.5000000000
11950000.000000 77.5000000000
12000000.000000 77.0000000000
12050000.000000 76.6666666667
12100000.000000 76.6666666667
12150000.000000 77.1666666667
12200000.000000 77.5000000000
12250000.000000 77.8333333333
12300000.000000 77.5000000000
12350000.000000 77.1666666667
12400000.000000 77.1666666667
12450000.000000 77.1666666667
12500000.000000 77.5000000000
12550000.000000 76.8333333333
12600000.000000 88.3333333333
12650000.000000 78.0000000000
12700000.000000 77.6666666667
12750000.000000 77.8333333333
12800000.000000 77.6666666667
12850000.000000 77.5000000000
12900000.000000 77.8333333333
12950000.000000 77.5000000000
13000000.000000 77.6666666667
13050000.000000 78.5000000000
13100000.000000 78.0000000000
13150000.000000 77.6666666667
13200000.000000 77.3333333333
13250000.000000 77.5000000000
13300000.000000 86.1666666667
13350000.000000 77.6666666667
13400000.000000 78.3333333333
13450000.000000 78.6666666667
13500000.000000 78.5000000000
13550000.000000 78.3333333333
13600000.000000 79.5000000000
13650000.000000 77.8333333333
13700000.000000 78.1666666667
13750000.000000 79.0000000000
13800000.000000 79.0000000000
13850000.000000 79.5000000000
13900000.000000 78.8333333333
13950000.000000 78.1666666667
14000000.000000 77.8333333333
14050000.000000 78.3333333333
14100000.000000 78.0000000000
14150000.000000 78.6666666667
14200000.000000 79.5000000000
14250000.000000 79.0000000000
14300000.000000 79.5000000000
14350000.000000 79.0000000000
14400000.000000 79.6666666667
14450000.000000 80.8333333333
14500000.000000 80.8333333333
14550000.000000 80.5000000000
14600000.000000 80.1666666667
14650000.000000 80.5000000000
14700000.000000 80.5000000000
14750000.000000 80.6666666667
14800000.000000 81.3333333333
14850000.000000 80.3333333333
14900000.000000 80.1666666667
14950000.000000 80.6666666667
15000000.000000 91.0000000000
15050000.000000 90.6666666667
15100000.000000 91.5000000000
15150000.000000 90.3333333333
15200000.000000 81.8333333333
15250000.000000 81.6666666667
15300000.000000 81.6666666667
15350000.000000 81.0000000000
15400000.000000 89.6666666667
15450000.000000 79.8333333333
15500000.000000 79.8333333333
15550000.000000 79.3333333333
15600000.000000 79.3333333333
15650000.000000 79.5000000000
15700000.000000 79.1666666667
15750000.000000 79.3333333333
15800000.000000 80.3333333333
15850000.000000 80.8333333333
15900000.000000 81.0000000000
15950000.000000 80.5000000000
16000000.000000 80.3333333333
16050000.000000 81.0000000000
16100000.000000 81.0000000000
16150000.000000 80.6666666667
16200000.000000 81.6666666667
16250000.000000 88.8333333333
16300000.000000 88.1666666667
16350000.000000 88.6666666667
16400000.000000 82.6666666667
16450000.000000 83.0000000000
16500000.000000 82.8333333333
16550000.000000 89.3333333333
16600000.000000 83.1666666667
16650000.000000 82.8333333333
16700000.000000 87.0000000000
16750000.000000 87.5000000000
16800000.000000 87.8333333333
16850000.000000 86.6666666667
16900000.000000 86.1666666667
16950000.000000 86.3333333333
17000000.000000 86.8333333333
17050000.000000 85.8333333333
17100000.000000 86.0000000000
17150000.000000 85.8333333333
17200000.000000 87.8333333333
17250000.000000 87.0000000000
17300000.000000 85.1666666667
17350000.000000 85.6666666667
17400000.000000 85.6666666667
17450000.000000 85.6666666667
17500000.000000 86.1666666667
17550000.000000 85.8333333333
17600000.000000 88.8333333333
17650000.000000 89.3333333333
17700000.000000 87.5000000000
17750000.000000 87.3333333333
17800000.000000 90.1666666667
17850000.000000 87.6666666667
17900000.000000 88.3333333333
17950000.000000 88.3333333333
18000000.000000 90.0000000000
18050000.000000 90.3333333333
18100000.000000 89.5000000000
18150000.000000 89.8333333333
18200000.000000 89.6666666667
18250000.000000 90.5000000000
18300000.000000 89.8333333333
18350000.000000 91.6666666667
18400000.000000 90.3333333333
18450000.000000 91.0000000000
18500000.000000 91.3333333333
18550000.000000 90.8333333333
18600000.000000 90.1666666667
18650000.000000 90.6666666667
18700000.000000 90.6666666667
18750000.000000 91.0000000000
18800000.000000 91.3333333333
18850000.000000 91.0000000000
18900000.000000 91.0000000000
18950000.000000 90.8333333333
19000000.000000 91.1666666667
19050000.000000 91.3333333333
19100000.000000 91.6666666667
19150000.000000 91.5000000000
19200000.000000 91.3333333333
19250000.000000 90.6666666667
19300000.000000 91.0000000000
19350000.000000 90.8333333333
19400000.000000 91.5000000000
19450000.000000 91.5000000000
19500000.000000 91.5000000000
19550000.000000 91.3333333333
19600000.000000 90.8333333333
19650000.000000 90.8333333333
19700000.000000 91.5000000000
19750000.000000 90.8333333333
19800000.000000 91.1666666667
19850000.000000 90.1666666667
19900000.000000 90.5000000000
19950000.000000 90.6666666667
20000000.000000 90.5000000000
