# time largest_cluster_rg
50000.000000 24.5995862729
100000.000000 22.3139565205
150000.000000 22.8091186294
200000.000000 21.4607967074
250000.000000 21.6322798786
300000.000000 22.2691409336
350000.000000 21.3040717637
400000.000000 20.9863717575
450000.000000 20.0735353971
500000.000000 19.5072854376
550000.000000 20.1321384396
600000.000000 19.6337314509
650000.000000 19.4520631893
700000.000000 31.4031605064
750000.000000 18.9712367660
800000.000000 19.6956028745
850000.000000 19.5414890540
900000.000000 19.2374702134
950000.000000 19.9669792148
1000000.000000 20.7033062051
1050000.000000 19.7900901817
1100000.000000 20.3568317742
1150000.000000 20.3901632260
1200000.000000 19.6980081674
1250000.000000 18.9992829206
1300000.000000 19.0393241404
1350000.000000 19.6730384586
1400000.000000 20.3188393533
1450000.000000 19.0491890004
1500000.000000 17.7887656389
1550000.000000 17.7166855219
1600000.000000 17.8093095141
1650000.000000 18.0542600045
1700000.000000 17.4519531587
1750000.000000 17.7204095498
1800000.000000 16.1871329872
1850000.000000 16.2900862083
1900000.000000 16.1651077729
1950000.000000 17.3837788923
2000000.000000 16.0494406805
2050000.000000 15.8784399237
2100000.000000 15.1678356513
2150000.000000 14.4427626232
2200000.000000 15.2039437851
2250000.000000 15.4822746692
2300000.000000 13.9101352212
2350000.000000 14.1036021470
2400000.000000 13.7656963607
2450000.000000 13.2721731024
2500000.000000 13.6025795316
2550000.000000 13.9434148026
2600000.000000 13.9263913935
2650000.000000 14.5269195034
2700000.000000 14.2710738296
2750000.000000 14.2778079862
2800000.000000 13.8331463164
2850000.000000 15.6095326176
2900000.000000 14.2402902315
2950000.000000 13.8492055468
3000000.000000 13.8619795959
3050000.000000 13.7959116191
3100000.000000 14.0048210823
3150000.000000 13.9712497208
3200000.000000 13.7992156095
3250000.000000 13.6774857168
3300000.000000 13.3034015040
3350000.000000 14.0149126276
3400000.000000 14.4046996758
3450000.000000 14.6146444447
3500000.000000 14.5497397041
3550000.000000 13.7910557951
3600000.000000 13.9729559360
3650000.000000 13.9843374401
3700000.000000 14.3388672753
3750000.000000 14.0102378749
3800000.000000 13.6591943396
3850000.000000 15.8205990867
3900000.000000 13.5159742151
3950000.000000 13.4726902498
4000000.000000 13.7611946399
4050000.000000 13.6669120501
4100000.000000 13.3447783820
4150000.000000 13.9126059506
4200000.000000 13.6107987185
4250000.000000 13.9049121932
4300000.000000 13.1905981014
4350000.000000 14.7786480618
4400000.000000 15.1899714862
4450000.000000 14.6171182498
4500000.000000 13.9440076139
4550000.000000 12.9782633725
4600000.000000 13.8009634716
4650000.000000 13.6015200544
4700000.000000 13.1842325854
4750000.000000 13.3880577946
4800000.000000 13.7865780493
4850000.000000 13.7761847572
4900000.000000 17.4478523561
4950000.000000 14.2508652999
5000000.000000 14.3740382079
5050000.000000 13.7121140409
5100000.000000 14.5458572604
5150000.000000 13.5791621618
5200000.000000 13.2128217085
5250000.000000 13.1072422021
5300000.000000 13.6109545842
5350000.000000 13.8587951705
5400000.000000 13.7596709135
5450000.000000 14.5548286140
5500000.000000 14.4228231131
5550000.000000 14.3773778585
5600000.000000 14.9105899245
5650000.000000 14.5837549146
5700000.000000 40.6210994918
5750000.000000 13.6868216991
5800000.000000 13.7554798071
5850000.000000 14.4321572875
5900000.000000 13.7139526197
5950000.000000 14.3312372595
6000000.000000 14.2027479314
6050000.000000 14.0116208288
6100000.000000 13.6413435760
6150000.000000 15.5338902339
6200000.000000 14.8095482410
6250000.000000 14.5784638084
6300000.000000 16.1591246642
6350000.000000 15.0145860643
6400000.000000 16.1797209644
6450000.000000 14.5797677827
6500000.000000 14.4555845774
6550000.000000 14.4237005186
6600000.000000 20.5978267086
6650000.000000 17.8313248882
6700000.000000 17.4489741569
6750000.000000 15.0473313774
6800000.000000 16.4811840177
6850000.000000 36.3109751369
6900000.000000 16.3461327363
6950000.000000 14.7454291744
7000000.000000 16.0237599949
7050000.000000 15.7658801153
7100000.000000 14.8665437861
7150000.000000 14.2821528006
7200000.000000 15.9419944357
7250000.000000 16.0977221323
7300000.000000 16.0421568443
7350000.000000 16.7228898652
7400000.000000 15.2912486045
7450000.000000 16.2691685014
7500000.000000 17.3618169577
7550000.000000 18.3185968294
7600000.000000 16.7874599626
7650000.000000 19.1224119144
7700000.000000 16.5558244222
7750000.000000 16.7570371399
7800000.000000 15.3010282405
7850000.000000 15.2062794364
7900000.000000 17.3842017198
7950000.000000 22.4394031469
8000000.000000 17.0671176224
8050000.000000 16.5515493061
8100000.000000 19.4456305785
8150000.000000 18.7151238243
8200000.000000 16.4504095938
8250000.000000 17.0108078149
8300000.000000 23.3756937650
8350000.000000 19.4316318887
8400000.000000 14.8722707220
8450000.000000 16.1094855768
8500000.000000 14.2168348715
8550000.000000 16.3633355079
8600000.000000 15.0233614282
8650000.000000 15.2680336429
8700000.000000 16.0393605229
8750000.000000 15.2062524805
8800000.000000 15.5410462539
8850000.000000 14.0864563322
8900000.000000 14.7651015343
8950000.000000 13.6730406364
9000000.000000 14.8143872771
9050000.000000 14.8660068303
9100000.000000 15.2036353879
9150000.000000 15.2854429493
9200000.000000 15.2280095656
9250000.000000 15.8596936122
9300000.000000 14.3838259399
9350000.000000 14.9555858378
9400000.000000 14.6186072234
9450000.000000 16.1950936097
9500000.000000 16.7017403181
9550000.000000 14.6378699126
9600000.000000 15.1986739146
9650000.000000 14.6365449536
9700000.000000 14.5780420865
9750000.000000 16.4119925036
9800000.000000 15.0181645089
9850000.000000 14.8909780381
9900000.000000 14.1376443296
9950000.000000 14.9298534537
10000000.000000 14.3591172994
10050000.000000 14.6332658532
10100000.000000 13.6249711792
10150000.000000 14.5322244048
10200000.000000 14.4483269045
10250000.000000 14.8434959742
10300000.000000 14.7549713402
10350000.000000 14.2752474572
10400000.000000 14.2837872161
10450000.000000 14.1467967929
10500000.000000 14.6796436329
10550000.000000 15.1292875339
10600000.000000 13.8996932378
10650000.000000 15.6011466315
10700000.000000 14.7132376920
10750000.000000 15.4734996374
10800000.000000 14.3635028706
10850000.000000 14.5744601380
10900000.000000 14.2638095826
10950000.000000 14.7409723793
11000000.000000 14.1422049591
11050000.000000 13.8682203685
11100000.000000 15.5770017456
11150000.000000 15.9271988269
11200000.000000 14.2455484616
11250000.000000 15.5954062320
11300000.000000 15.7495475961
11350000.000000 14.2986316446
11400000.000000 15.2305496228
11450000.000000 14.0141661102
11500000.000000 15.9915125089
11550000.000000 14.7240784094
11600000.000000 14.3555422564
11650000.000000 13.7057144192
11700000.000000 15.0067804001
11750000.000000 14.6614385449
11800000.000000 15.4411368271
11850000.000000 15.0562324479
11900000.000000 14.7429132355
11950000.000000 16.0361059987
12000000.000000 15.6873869768
12050000.000000 15.2392508636
12100000.000000 15.0110201003
12150000.000000 17.6420862807
12200000.000000 16.9048125461
12250000.000000 15.2155130675
12300000.000000 15.1019527000
12350000.000000 15.2892951869
12400000.000000 14.9950791661
12450000.000000 14.7897716190
12500000.000000 16.0955960573
12550000.000000 15.8975666425
12600000.000000 16.3186185961
12650000.000000 15.7921245409
12700000.000000 17.1807525140
12750000.000000 15.3568877703
12800000.000000 15.6532784746
12850000.000000 16.0243850547
12900000.000000 15.5062583256
12950000.000000 20.3136211911
13000000.000000 15.5673842353
13050000.000000 15.8737809080
13100000.000000 16.0545037249
13150000.000000 16.1725046663
13200000.000000 16.2535273832
13250000.000000 17.8558158604
13300000.000000 16.5018191985
13350000.000000 15.4221223121
13400000.000000 16.2463195209
13450000.000000 16.5967032373
13500000.000000 17.9977432313
13550000.000000 16.2579912340
13600000.000000 16.7134580964
13650000.000000 17.9235835709
13700000.000000 16.7924481496
13750000.000000 15.2153788897
13800000.000000 17.0614324951
13850000.000000 16.7907007818
13900000.000000 16.1370978352
13950000.000000 16.3970192757
14000000.000000 14.8708309916
14050000.000000 16.3027556100
14100000.000000 15.2879313847
14150000.000000 16.3995620903
14200000.000000 17.2596177003
14250000.000000 15.5589950474
14300000.000000 14.7560459797
14350000.000000 15.2977129068
14400000.000000 14.9780866111
14450000.000000 16.5988145375
14500000.000000 16.5819775327
14550000.000000 15.0516046796
14600000.000000 15.0042203572
14650000.000000 15.3568774799
14700000.000000 15.7040094943
14750000.000000 22.6552144004
14800000.000000 16.1160412681
14850000.000000 16.7251103275
14900000.000000 17.4442102228
14950000.000000 14.9662215543
15000000.000000 16.3954733964
15050000.000000 16.5958672162
15100000.000000 15.2943288590
15150000.000000 14.2804448872
15200000.000000 14.8075761471
15250000.000000 14.3176439839
15300000.000000 15.3753333034
15350000.000000 15.3482987778
15400000.000000 15.4187765838
15450000.000000 15.7181474443
15500000.000000 14.8316494417
15550000.000000 15.7871711963
15600000.000000 15.5118051022
15650000.000000 16.1417101742
15700000.000000 14.6243122165
15750000.000000 15.7581008668
15800000.000000 14.1536749669
15850000.000000 13.8439116124
15900000.000000 13.8838229520
15950000.000000 13.5798109777
16000000.000000 14.6139595377
16050000.000000 14.3535553970
16100000.000000 14.4473803267
16150000.000000 13.6457981785
16200000.000000 13.5810402944
16250000.000000 14.3418964085
16300000.000000 14.7913621511
16350000.000000 14.1214104730
16400000.000000 15.1312444801
16450000.000000 14.5742484581
16500000.000000 16.0557554890
16550000.000000 15.4227544861
16600000.000000 14.8423081608
16650000.000000 13.8658004944
16700000.000000 15.3922781034
16750000.000000 14.3116573767
16800000.000000 14.2141983846
16850000.000000 13.6066975423
16900000.000000 14.0355337788
16950000.000000 14.0868998054
17000000.000000 14.8824524885
17050000.000000 14.2351114328
17100000.000000 14.7336858831
17150000.000000 15.6147258798
17200000.000000 15.3607443884
17250000.000000 14.0369081909
17300000.000000 14.2707024554
17350000.000000 14.9859351977
17400000.000000 14.0339020549
17450000.000000 14.0325882948
17500000.000000 14.7546885614
17550000.000000 12.9623100045
17600000.000000 13.8092499737
17650000.000000 14.1237630544
17700000.000000 13.7383515565
17750000.000000 14.9689540980
17800000.000000 14.6290433629
17850000.000000 14.2844692733
17900000.000000 13.7988519586
17950000.000000 15.0662372409
18000000.000000 14.1100649062
18050000.000000 14.4741475479
18100000.000000 14.7011191846
18150000.000000 14.7023082669
18200000.000000 14.4367523489
18250000.000000 14.7463505631
18300000.000000 15.4565007484
18350000.000000 14.6089263906
18400000.000000 14.5963242529
18450000.000000 15.4357445424
18500000.000000 14.6515791075
18550000.000000 14.2241960667
18600000.000000 14.7766812331
18650000.000000 15.2693013856
18700000.000000 14.5400749570
18750000.000000 15.2522346298
18800000.000000 15.7311460846
18850000.000000 15.5648192663
18900000.000000 15.6087218749
18950000.000000 13.9882288099
19000000.000000 14.1654504329
19050000.000000 14.2008621332
19100000.000000 15.1901551968
19150000.000000 14.1947694467
19200000.000000 13.9825212564
19250000.000000 14.4438241631
19300000.000000 14.6183542036
19350000.000000 15.3958450478
19400000.000000 13.9423021262
19450000.000000 14.6664816880
19500000.000000 14.8638881944
19550000.000000 15.5848550216
19600000.000000 14.6937687649
19650000.000000 16.2494292853
19700000.000000 14.4514039377
19750000.000000 14.1593148022
19800000.000000 14.1575299615
19850000.000000 14.8651559742
19900000.000000 15.3904164253
19950000.000000 15.7941124565
20000000.000000 16.4153960772
