# time cluster_size count
50000.000000 1 6
50000.000000 10 1
50000.000000 17 1
50000.000000 212 1
50000.000000 355 1
100000.000000 1 17
100000.000000 2 3
100000.000000 6 1
100000.000000 18 1
100000.000000 26 1
100000.000000 28 1
100000.000000 32 1
100000.000000 467 1
150000.000000 1 16
150000.000000 2 5
150000.000000 3 1
150000.000000 5 1
150000.000000 10 1
150000.000000 16 1
150000.000000 25 1
150000.000000 28 1
150000.000000 32 1
150000.000000 118 1
150000.000000 138 1
150000.000000 199 1
200000.000000 1 17
200000.000000 2 4
200000.000000 3 2
200000.000000 18 1
200000.000000 26 1
200000.000000 30 1
200000.000000 127 1
200000.000000 138 1
200000.000000 230 1
250000.000000 1 25
250000.000000 2 3
250000.000000 13 1
250000.000000 18 1
250000.000000 24 1
250000.000000 32 2
250000.000000 65 1
250000.000000 72 1
250000.000000 117 1
250000.000000 196 1
300000.000000 1 33
300000.000000 2 3
300000.000000 3 1
300000.000000 4 1
300000.000000 17 1
300000.000000 23 1
300000.000000 31 1
300000.000000 65 1
300000.000000 82 1
300000.000000 136 1
300000.000000 200 1
350000.000000 1 35
350000.000000 2 3
350000.000000 17 1
350000.000000 24 1
350000.000000 66 1
350000.000000 71 1
350000.000000 181 1
350000.000000 200 1
400000.000000 1 32
400000.000000 2 4
400000.000000 4 1
400000.000000 15 1
400000.000000 24 1
400000.000000 35 1
400000.000000 36 1
400000.000000 117 1
400000.000000 138 1
400000.000000 191 1
450000.000000 1 35
450000.000000 2 5
450000.000000 4 1
450000.000000 13 1
450000.000000 24 1
450000.000000 71 1
450000.000000 114 1
450000.000000 136 1
450000.000000 193 1
500000.000000 1 33
500000.000000 2 4
500000.000000 3 1
500000.000000 4 1
500000.000000 13 1
500000.000000 24 1
500000.000000 33 1
500000.000000 35 1
500000.000000 64 1
500000.000000 72 1
500000.000000 79 1
500000.000000 232 1
550000.000000 1 32
550000.000000 2 2
550000.000000 3 2
550000.000000 5 1
550000.000000 6 1
550000.000000 8 1
550000.000000 23 1
550000.000000 33 2
550000.000000 37 1
550000.000000 68 1
550000.000000 71 1
550000.000000 81 1
550000.000000 193 1
600000.000000 1 29
600000.000000 2 4
600000.000000 3 1
600000.000000 14 1
600000.000000 25 1
600000.000000 32 1
600000.000000 37 1
600000.000000 39 1
600000.000000 83 1
600000.000000 136 1
600000.000000 194 1
650000.000000 1 28
650000.000000 2 3
650000.000000 3 2
650000.000000 4 1
650000.000000 6 1
650000.000000 10 1
650000.000000 25 1
650000.000000 29 1
650000.000000 32 1
650000.000000 34 1
650000.000000 90 1
650000.000000 140 1
650000.000000 190 1
700000.000000 1 31
700000.000000 2 6
700000.000000 3 1
700000.000000 5 1
700000.000000 6 1
700000.000000 8 1
700000.000000 22 1
700000.000000 33 1
700000.000000 37 1
700000.000000 120 1
700000.000000 133 1
700000.000000 190 1
750000.000000 1 28
750000.000000 2 7
750000.000000 3 5
750000.000000 4 1
750000.000000 5 1
750000.000000 29 1
750000.000000 41 1
750000.000000 61 1
750000.000000 70 1
750000.000000 141 1
750000.000000 192 1
800000.000000 1 36
800000.000000 2 7
800000.000000 4 1
800000.000000 24 1
800000.000000 25 1
800000.000000 30 1
800000.000000 42 1
800000.000000 67 1
800000.000000 70 1
800000.000000 97 1
800000.000000 191 1
850000.000000 1 39
850000.000000 2 10
850000.000000 3 2
850000.000000 4 2
850000.000000 25 1
850000.000000 38 1
850000.000000 65 1
850000.000000 69 1
850000.000000 139 1
850000.000000 191 1
900000.000000 1 40
900000.000000 2 3
900000.000000 3 3
900000.000000 4 2
900000.000000 23 1
900000.000000 24 1
900000.000000 39 1
900000.000000 66 1
900000.000000 68 1
900000.000000 124 1
900000.000000 193 1
950000.000000 1 37
950000.000000 2 6
950000.000000 3 1
950000.000000 8 1
950000.000000 19 1
950000.000000 23 1
950000.000000 40 1
950000.000000 69 1
950000.000000 70 1
950000.000000 96 1
950000.000000 223 1
1000000.000000 1 32
1000000.000000 2 7
1000000.000000 3 3
1000000.000000 5 1
1000000.000000 21 1
1000000.000000 22 1
1000000.000000 42 1
1000000.000000 69 1
1000000.000000 70 1
1000000.000000 316 1
1050000.000000 1 38
1050000.000000 2 5
1050000.000000 3 3
1050000.000000 4 2
1050000.000000 19 1
1050000.000000 20 1
1050000.000000 42 1
1050000.000000 62 1
1050000.000000 70 1
1050000.000000 130 1
1050000.000000 192 1
1100000.000000 1 51
1100000.000000 2 5
1100000.000000 3 2
1100000.000000 4 1
1100000.000000 18 1
1100000.000000 20 1
1100000.000000 43 1
1100000.000000 56 1
1100000.000000 70 1
1100000.000000 128 1
1100000.000000 194 1
1150000.000000 1 31
1150000.000000 2 8
1150000.000000 3 4
1150000.000000 6 1
1150000.000000 19 1
1150000.000000 20 1
1150000.000000 34 1
1150000.000000 45 1
1150000.000000 59 1
1150000.000000 68 1
1150000.000000 97 1
1150000.000000 193 1
1200000.000000 1 28
1200000.000000 2 6
1200000.000000 3 5
1200000.000000 4 2
1200000.000000 19 1
1200000.000000 21 1
1200000.000000 35 1
1200000.000000 95 1
1200000.000000 171 1
1200000.000000 196 1
1250000.000000 1 31
1250000.000000 2 4
1250000.000000 3 3
1250000.000000 4 2
1250000.000000 5 1
1250000.000000 16 1
1250000.000000 36 1
1250000.000000 44 1
1250000.000000 61 1
1250000.000000 70 1
1250000.000000 118 1
1250000.000000 194 1
1300000.000000 1 27
1300000.000000 2 12
1300000.000000 3 3
1300000.000000 5 1
1300000.000000 17 1
1300000.000000 30 1
1300000.000000 43 1
1300000.000000 57 1
1300000.000000 69 1
1300000.000000 124 1
1300000.000000 195 1
1350000.000000 1 37
1350000.000000 2 1
1350000.000000 3 3
1350000.000000 4 1
1350000.000000 5 2
1350000.000000 17 1
1350000.000000 27 1
1350000.000000 32 1
1350000.000000 45 1
1350000.000000 57 1
1350000.000000 70 1
1350000.000000 95 1
1350000.000000 195 1
1400000.000000 1 36
1400000.000000 2 2
1400000.000000 3 3
1400000.000000 4 1
1400000.000000 5 1
1400000.000000 7 1
1400000.000000 18 1
1400000.000000 27 1
1400000.000000 29 1
1400000.000000 45 1
1400000.000000 57 1
1400000.000000 71 1
1400000.000000 95 1
1400000.000000 193 1
1450000.000000 1 34
1450000.000000 2 3
1450000.000000 4 2
1450000.000000 8 1
1450000.000000 18 1
1450000.000000 28 1
1450000.000000 46 1
1450000.000000 58 1
1450000.000000 195 1
1450000.000000 199 1
1500000.000000 1 36
1500000.000000 2 5
1500000.000000 3 1
1500000.000000 4 1
1500000.000000 8 1
1500000.000000 19 1
1500000.000000 41 1
1500000.000000 130 1
1500000.000000 153 1
1500000.000000 196 1
1550000.000000 1 37
1550000.000000 2 6
1550000.000000 3 2
1550000.000000 4 1
1550000.000000 5 1
1550000.000000 6 1
1550000.000000 7 1
1550000.000000 15 1
1550000.000000 21 1
1550000.000000 40 1
1550000.000000 122 1
1550000.000000 129 1
1550000.000000 196 1
1600000.000000 1 35
1600000.000000 2 6
1600000.000000 3 3
1600000.000000 7 1
1600000.000000 17 1
1600000.000000 30 1
1600000.000000 42 1
1600000.000000 124 1
1600000.000000 127 1
1600000.000000 197 1
1650000.000000 1 33
1650000.000000 2 7
1650000.000000 3 4
1650000.000000 5 1
1650000.000000 12 1
1650000.000000 16 1
1650000.000000 20 1
1650000.000000 39 1
1650000.000000 52 1
1650000.000000 81 1
1650000.000000 122 1
1650000.000000 194 1
1700000.000000 1 26
1700000.000000 2 7
1700000.000000 3 1
1700000.000000 4 1
1700000.000000 7 1
1700000.000000 8 1
1700000.000000 16 1
1700000.000000 29 1
1700000.000000 44 1
1700000.000000 56 1
1700000.000000 80 1
1700000.000000 121 1
1700000.000000 192 1
1750000.000000 1 33
1750000.000000 2 5
1750000.000000 3 3
1750000.000000 4 1
1750000.000000 18 1
1750000.000000 27 1
1750000.000000 42 1
1750000.000000 56 1
1750000.000000 79 1
1750000.000000 128 1
1750000.000000 194 1
1800000.000000 1 27
1800000.000000 2 7
1800000.000000 3 1
1800000.000000 5 1
1800000.000000 6 1
1800000.000000 16 1
1800000.000000 25 1
1800000.000000 45 1
1800000.000000 58 1
1800000.000000 79 1
1800000.000000 127 1
1800000.000000 195 1
1850000.000000 1 34
1850000.000000 2 7
1850000.000000 3 2
1850000.000000 5 1
1850000.000000 15 1
1850000.000000 20 1
1850000.000000 26 1
1850000.000000 46 1
1850000.000000 111 1
1850000.000000 130 1
1850000.000000 193 1
1900000.000000 1 33
1900000.000000 2 9
1900000.000000 3 4
1900000.000000 15 1
1900000.000000 27 1
1900000.000000 43 1
1900000.000000 55 1
1900000.000000 96 1
1900000.000000 108 1
1900000.000000 193 1
1950000.000000 1 36
1950000.000000 2 6
1950000.000000 3 1
1950000.000000 4 2
1950000.000000 16 1
1950000.000000 19 1
1950000.000000 45 1
1950000.000000 55 1
1950000.000000 75 1
1950000.000000 139 1
1950000.000000 192 1
2000000.000000 1 31
2000000.000000 2 7
2000000.000000 3 1
2000000.000000 4 2
2000000.000000 16 1
2000000.000000 24 1
2000000.000000 47 1
2000000.000000 130 1
2000000.000000 133 1
2000000.000000 194 1
2050000.000000 1 36
2050000.000000 2 5
2050000.000000 3 1
2050000.000000 4 1
2050000.000000 6 1
2050000.000000 15 1
2050000.000000 24 1
2050000.000000 45 1
2050000.000000 56 1
2050000.000000 91 1
2050000.000000 114 1
2050000.000000 196 1
2100000.000000 1 33
2100000.000000 2 6
2100000.000000 4 1
2100000.000000 6 1
2100000.000000 16 1
2100000.000000 23 1
2100000.000000 46 1
2100000.000000 54 1
2100000.000000 197 1
2100000.000000 209 1
2150000.000000 1 34
2150000.000000 2 5
2150000.000000 4 2
2150000.000000 7 1
2150000.000000 14 1
2150000.000000 21 1
2150000.000000 45 1
2150000.000000 58 1
2150000.000000 196 1
2150000.000000 207 1
2200000.000000 1 32
2200000.000000 2 4
2200000.000000 3 2
2200000.000000 4 1
2200000.000000 6 1
2200000.000000 14 1
2200000.000000 25 1
2200000.000000 44 1
2200000.000000 56 1
2200000.000000 75 1
2200000.000000 133 1
2200000.000000 197 1
2250000.000000 1 23
2250000.000000 2 3
2250000.000000 3 5
2250000.000000 10 1
2250000.000000 14 1
2250000.000000 20 1
2250000.000000 44 1
2250000.000000 133 1
2250000.000000 137 1
2250000.000000 198 1
2300000.000000 1 37
2300000.000000 2 1
2300000.000000 3 3
2300000.000000 4 1
2300000.000000 9 1
2300000.000000 13 1
2300000.000000 22 1
2300000.000000 40 1
2300000.000000 198 1
2300000.000000 266 1
2350000.000000 1 35
2350000.000000 2 10
2350000.000000 3 3
2350000.000000 4 1
2350000.000000 5 1
2350000.000000 12 1
2350000.000000 17 1
2350000.000000 41 1
2350000.000000 56 1
2350000.000000 75 1
2350000.000000 130 1
2350000.000000 196 1
2400000.000000 1 35
2400000.000000 2 3
2400000.000000 3 3
2400000.000000 4 1
2400000.000000 5 2
2400000.000000 7 1
2400000.000000 22 1
2400000.000000 43 1
2400000.000000 54 1
2400000.000000 199 1
2400000.000000 211 1
2450000.000000 1 39
2450000.000000 2 9
2450000.000000 3 4
2450000.000000 11 1
2450000.000000 22 1
2450000.000000 41 1
2450000.000000 54 1
2450000.000000 196 1
2450000.000000 207 1
2500000.000000 1 37
2500000.000000 2 4
2500000.000000 3 4
2500000.000000 5 1
2500000.000000 8 1
2500000.000000 23 1
2500000.000000 40 1
2500000.000000 56 1
2500000.000000 80 1
2500000.000000 135 1
2500000.000000 196 1
2550000.000000 1 43
2550000.000000 2 3
2550000.000000 3 1
2550000.000000 4 2
2550000.000000 7 1
2550000.000000 9 1
2550000.000000 20 1
2550000.000000 43 1
2550000.000000 132 1
2550000.000000 133 1
2550000.000000 196 1
2600000.000000 1 31
2600000.000000 2 6
2600000.000000 3 2
2600000.000000 4 1
2600000.000000 7 1
2600000.000000 9 1
2600000.000000 22 1
2600000.000000 41 1
2600000.000000 52 1
2600000.000000 83 1
2600000.000000 135 1
2600000.000000 198 1
2650000.000000 1 22
2650000.000000 2 10
2650000.000000 3 1
2650000.000000 6 1
2650000.000000 7 1
2650000.000000 8 1
2650000.000000 24 1
2650000.000000 42 1
2650000.000000 55 1
2650000.000000 77 1
2650000.000000 139 1
2650000.000000 197 1
2700000.000000 1 34
2700000.000000 2 8
2700000.000000 3 2
2700000.000000 5 1
2700000.000000 6 1
2700000.000000 8 1
2700000.000000 25 1
2700000.000000 39 1
2700000.000000 74 1
2700000.000000 133 1
2700000.000000 254 1
2750000.000000 1 35
2750000.000000 2 5
2750000.000000 3 2
2750000.000000 4 2
2750000.000000 8 1
2750000.000000 11 1
2750000.000000 22 1
2750000.000000 33 1
2750000.000000 51 1
2750000.000000 76 1
2750000.000000 138 1
2750000.000000 202 1
2800000.000000 1 40
2800000.000000 2 8
2800000.000000 11 1
2800000.000000 14 1
2800000.000000 21 1
2800000.000000 34 1
2800000.000000 56 1
2800000.000000 71 1
2800000.000000 137 1
2800000.000000 200 1
2850000.000000 1 40
2850000.000000 2 10
2850000.000000 3 2
2850000.000000 4 2
2850000.000000 5 1
2850000.000000 6 1
2850000.000000 9 1
2850000.000000 12 1
2850000.000000 37 1
2850000.000000 124 1
2850000.000000 135 1
2850000.000000 198 1
2900000.000000 1 52
2900000.000000 2 3
2900000.000000 3 1
2900000.000000 5 2
2900000.000000 8 1
2900000.000000 23 1
2900000.000000 37 1
2900000.000000 126 1
2900000.000000 139 1
2900000.000000 196 1
2950000.000000 1 44
2950000.000000 2 7
2950000.000000 3 4
2950000.000000 7 2
2950000.000000 20 1
2950000.000000 35 1
2950000.000000 50 1
2950000.000000 80 1
2950000.000000 136 1
2950000.000000 195 1
3000000.000000 1 37
3000000.000000 2 11
3000000.000000 3 2
3000000.000000 4 1
3000000.000000 6 1
3000000.000000 18 1
3000000.000000 39 1
3000000.000000 130 1
3000000.000000 138 1
3000000.000000 200 1
3050000.000000 1 39
3050000.000000 2 8
3050000.000000 3 2
3050000.000000 5 1
3050000.000000 18 1
3050000.000000 38 1
3050000.000000 139 1
3050000.000000 339 1
3100000.000000 1 48
3100000.000000 2 7
3100000.000000 4 2
3100000.000000 21 1
3100000.000000 41 1
3100000.000000 51 1
3100000.000000 82 1
3100000.000000 140 1
3100000.000000 195 1
3150000.000000 1 29
3150000.000000 2 9
3150000.000000 3 3
3150000.000000 6 1
3150000.000000 20 1
3150000.000000 46 1
3150000.000000 55 1
3150000.000000 84 1
3150000.000000 141 1
3150000.000000 192 1
3200000.000000 1 38
3200000.000000 2 7
3200000.000000 3 1
3200000.000000 4 1
3200000.000000 5 1
3200000.000000 22 1
3200000.000000 42 1
3200000.000000 51 1
3200000.000000 85 1
3200000.000000 140 1
3200000.000000 196 1
3250000.000000 1 43
3250000.000000 2 7
3250000.000000 3 3
3250000.000000 7 1
3250000.000000 20 1
3250000.000000 38 1
3250000.000000 135 1
3250000.000000 139 1
3250000.000000 195 1
3300000.000000 1 45
3300000.000000 2 10
3300000.000000 3 2
3300000.000000 5 2
3300000.000000 19 1
3300000.000000 39 1
3300000.000000 83 1
3300000.000000 140 1
3300000.000000 238 1
3350000.000000 1 46
3350000.000000 2 6
3350000.000000 3 4
3350000.000000 4 1
3350000.000000 6 1
3350000.000000 18 1
3350000.000000 38 1
3350000.000000 45 1
3350000.000000 85 1
3350000.000000 139 1
3350000.000000 195 1
3400000.000000 1 39
3400000.000000 2 10
3400000.000000 3 1
3400000.000000 5 2
3400000.000000 6 1
3400000.000000 21 1
3400000.000000 41 1
3400000.000000 84 1
3400000.000000 140 1
3400000.000000 236 1
3450000.000000 1 29
3450000.000000 2 10
3450000.000000 3 4
3450000.000000 6 1
3450000.000000 7 1
3450000.000000 19 1
3450000.000000 44 1
3450000.000000 87 1
3450000.000000 140 1
3450000.000000 236 1
3500000.000000 1 35
3500000.000000 2 10
3500000.000000 3 2
3500000.000000 4 2
3500000.000000 19 1
3500000.000000 41 1
3500000.000000 135 1
3500000.000000 145 1
3500000.000000 191 1
3550000.000000 1 35
3550000.000000 2 7
3550000.000000 3 6
3550000.000000 4 1
3550000.000000 5 1
3550000.000000 19 1
3550000.000000 37 1
3550000.000000 45 1
3550000.000000 83 1
3550000.000000 147 1
3550000.000000 193 1
3600000.000000 1 34
3600000.000000 2 10
3600000.000000 3 3
3600000.000000 4 2
3600000.000000 20 1
3600000.000000 39 1
3600000.000000 135 1
3600000.000000 147 1
3600000.000000 188 1
3650000.000000 1 47
3650000.000000 2 11
3650000.000000 4 1
3650000.000000 5 1
3650000.000000 10 1
3650000.000000 44 1
3650000.000000 190 1
3650000.000000 278 1
3700000.000000 1 37
3700000.000000 2 12
3700000.000000 3 4
3700000.000000 4 1
3700000.000000 5 1
3700000.000000 6 1
3700000.000000 11 1
3700000.000000 33 1
3700000.000000 52 1
3700000.000000 78 1
3700000.000000 147 1
3700000.000000 191 1
3750000.000000 1 48
3750000.000000 2 10
3750000.000000 3 1
3750000.000000 4 3
3750000.000000 10 1
3750000.000000 36 1
3750000.000000 79 1
3750000.000000 192 1
3750000.000000 200 1
3800000.000000 1 48
3800000.000000 2 11
3800000.000000 4 1
3800000.000000 9 1
3800000.000000 12 1
3800000.000000 39 1
3800000.000000 51 1
3800000.000000 77 1
3800000.000000 146 1
3800000.000000 192 1
3850000.000000 1 45
3850000.000000 2 4
3850000.000000 3 2
3850000.000000 4 1
3850000.000000 5 1
3850000.000000 6 1
3850000.000000 7 1
3850000.000000 8 1
3850000.000000 42 1
3850000.000000 55 1
3850000.000000 73 1
3850000.000000 151 1
3850000.000000 190 1
3900000.000000 1 36
3900000.000000 2 10
3900000.000000 3 1
3900000.000000 4 1
3900000.000000 5 1
3900000.000000 10 1
3900000.000000 12 1
3900000.000000 44 1
3900000.000000 130 1
3900000.000000 147 1
3900000.000000 189 1
3950000.000000 1 35
3950000.000000 2 12
3950000.000000 4 1
3950000.000000 5 1
3950000.000000 6 1
3950000.000000 9 2
3950000.000000 42 1
3950000.000000 73 1
3950000.000000 148 1
3950000.000000 245 1
4000000.000000 1 31
4000000.000000 2 15
4000000.000000 3 5
4000000.000000 4 1
4000000.000000 5 1
4000000.000000 44 1
4000000.000000 75 1
4000000.000000 190 1
4000000.000000 206 1
4050000.000000 1 34
4050000.000000 2 7
4050000.000000 3 4
4050000.000000 5 2
4050000.000000 10 1
4050000.000000 15 1
4050000.000000 36 1
4050000.000000 61 1
4050000.000000 71 1
4050000.000000 146 1
4050000.000000 191 1
4100000.000000 1 36
4100000.000000 2 9
4100000.000000 3 3
4100000.000000 4 2
4100000.000000 5 1
4100000.000000 6 2
4100000.000000 37 1
4100000.000000 62 1
4100000.000000 71 1
4100000.000000 150 1
4100000.000000 192 1
4150000.000000 1 31
4150000.000000 2 12
4150000.000000 3 1
4150000.000000 4 3
4150000.000000 5 1
4150000.000000 10 1
4150000.000000 41 1
4150000.000000 63 1
4150000.000000 71 1
4150000.000000 149 1
4150000.000000 191 1
4200000.000000 1 40
4200000.000000 2 6
4200000.000000 3 1
4200000.000000 4 2
4200000.000000 14 1
4200000.000000 40 1
4200000.000000 66 1
4200000.000000 71 1
4200000.000000 151 1
4200000.000000 195 1
4250000.000000 1 43
4250000.000000 2 6
4250000.000000 3 3
4250000.000000 4 2
4250000.000000 15 1
4250000.000000 36 1
4250000.000000 59 1
4250000.000000 73 1
4250000.000000 153 1
4250000.000000 192 1
4300000.000000 1 38
4300000.000000 2 9
4300000.000000 3 1
4300000.000000 5 1
4300000.000000 6 1
4300000.000000 14 1
4300000.000000 40 1
4300000.000000 60 1
4300000.000000 73 1
4300000.000000 151 1
4300000.000000 192 1
4350000.000000 1 40
4350000.000000 2 6
4350000.000000 3 2
4350000.000000 4 1
4350000.000000 8 1
4350000.000000 17 1
4350000.000000 38 1
4350000.000000 58 1
4350000.000000 74 1
4350000.000000 150 1
4350000.000000 193 1
4400000.000000 1 38
4400000.000000 2 9
4400000.000000 6 2
4400000.000000 21 1
4400000.000000 39 1
4400000.000000 52 1
4400000.000000 73 1
4400000.000000 154 1
4400000.000000 193 1
4450000.000000 1 41
4450000.000000 2 4
4450000.000000 3 5
4450000.000000 5 1
4450000.000000 19 1
4450000.000000 38 1
4450000.000000 54 1
4450000.000000 74 1
4450000.000000 154 1
4450000.000000 192 1
4500000.000000 1 43
4500000.000000 2 5
4500000.000000 3 5
4500000.000000 8 1
4500000.000000 17 1
4500000.000000 38 1
4500000.000000 52 1
4500000.000000 74 1
4500000.000000 153 1
4500000.000000 190 1
4550000.000000 1 39
4550000.000000 2 5
4550000.000000 3 5
4550000.000000 4 1
4550000.000000 6 1
4550000.000000 15 1
4550000.000000 41 1
4550000.000000 54 1
4550000.000000 74 1
4550000.000000 151 1
4550000.000000 191 1
4600000.000000 1 37
4600000.000000 2 9
4600000.000000 3 1
4600000.000000 4 1
4600000.000000 17 1
4600000.000000 44 1
4600000.000000 55 1
4600000.000000 76 1
4600000.000000 151 1
4600000.000000 195 1
4650000.000000 1 33
4650000.000000 2 6
4650000.000000 3 8
4650000.000000 4 2
4650000.000000 18 1
4650000.000000 37 1
4650000.000000 75 1
4650000.000000 148 1
4650000.000000 245 1
4700000.000000 1 40
4700000.000000 2 13
4700000.000000 5 1
4700000.000000 6 2
4700000.000000 7 1
4700000.000000 38 1
4700000.000000 76 1
4700000.000000 150 1
4700000.000000 246 1
4750000.000000 1 44
4750000.000000 2 10
4750000.000000 3 3
4750000.000000 4 2
4750000.000000 44 1
4750000.000000 79 1
4750000.000000 159 1
4750000.000000 237 1
4800000.000000 1 41
4800000.000000 2 12
4800000.000000 4 1
4800000.000000 5 2
4800000.000000 6 1
4800000.000000 8 2
4800000.000000 38 1
4800000.000000 75 1
4800000.000000 147 1
4800000.000000 239 1
4850000.000000 1 42
4850000.000000 2 10
4850000.000000 3 4
4850000.000000 4 1
4850000.000000 51 1
4850000.000000 73 1
4850000.000000 147 1
4850000.000000 251 1
4900000.000000 1 42
4900000.000000 2 5
4900000.000000 3 4
4900000.000000 4 2
4900000.000000 5 1
4900000.000000 6 1
4900000.000000 7 1
4900000.000000 10 1
4900000.000000 37 1
4900000.000000 78 1
4900000.000000 385 1
4950000.000000 1 49
4950000.000000 2 7
4950000.000000 3 6
4950000.000000 4 1
4950000.000000 7 1
4950000.000000 39 1
4950000.000000 78 1
4950000.000000 152 1
4950000.000000 239 1
5000000.000000 1 47
5000000.000000 2 7
5000000.000000 3 4
5000000.000000 4 1
5000000.000000 5 1
5000000.000000 6 1
5000000.000000 7 1
5000000.000000 40 1
5000000.000000 41 1
5000000.000000 77 1
5000000.000000 149 1
5000000.000000 198 1
5050000.000000 1 57
5050000.000000 2 3
5050000.000000 3 1
5050000.000000 4 2
5050000.000000 5 1
5050000.000000 7 1
5050000.000000 44 1
5050000.000000 77 1
5050000.000000 156 1
5050000.000000 237 1
5100000.000000 1 45
5100000.000000 2 9
5100000.000000 3 2
5100000.000000 4 3
5100000.000000 6 2
5100000.000000 7 1
5100000.000000 41 1
5100000.000000 76 1
5100000.000000 149 1
5100000.000000 234 1
5150000.000000 1 37
5150000.000000 2 10
5150000.000000 3 4
5150000.000000 4 1
5150000.000000 6 1
5150000.000000 9 1
5150000.000000 40 1
5150000.000000 75 1
5150000.000000 158 1
5150000.000000 239 1
5200000.000000 1 38
5200000.000000 2 5
5200000.000000 3 4
5200000.000000 6 1
5200000.000000 8 1
5200000.000000 9 1
5200000.000000 40 1
5200000.000000 76 1
5200000.000000 159 1
5200000.000000 242 1
5250000.000000 1 39
5250000.000000 2 5
5250000.000000 3 3
5250000.000000 6 2
5250000.000000 50 1
5250000.000000 77 1
5250000.000000 403 1
5300000.000000 1 41
5300000.000000 2 8
5300000.000000 4 2
5300000.000000 6 1
5300000.000000 7 1
5300000.000000 9 1
5300000.000000 49 1
5300000.000000 70 1
5300000.000000 154 1
5300000.000000 240 1
5350000.000000 1 37
5350000.000000 2 4
5350000.000000 3 4
5350000.000000 4 3
5350000.000000 5 2
5350000.000000 7 2
5350000.000000 9 1
5350000.000000 36 1
5350000.000000 37 1
5350000.000000 70 1
5350000.000000 155 1
5350000.000000 200 1
5400000.000000 1 42
5400000.000000 2 6
5400000.000000 4 2
5400000.000000 5 1
5400000.000000 7 1
5400000.000000 8 2
5400000.000000 47 1
5400000.000000 72 1
5400000.000000 154 1
5400000.000000 237 1
5450000.000000 1 37
5450000.000000 2 11
5450000.000000 3 2
5450000.000000 4 1
5450000.000000 5 2
5450000.000000 6 1
5450000.000000 8 1
5450000.000000 9 1
5450000.000000 39 1
5450000.000000 69 1
5450000.000000 155 1
5450000.000000 235 1
5500000.000000 1 44
5500000.000000 2 9
5500000.000000 3 3
5500000.000000 4 3
5500000.000000 5 1
5500000.000000 6 1
5500000.000000 13 1
5500000.000000 33 1
5500000.000000 67 1
5500000.000000 152 1
5500000.000000 241 1
5550000.000000 1 44
5550000.000000 2 8
5550000.000000 3 4
5550000.000000 4 3
5550000.000000 6 2
5550000.000000 36 1
5550000.000000 68 1
5550000.000000 154 1
5550000.000000 246 1
5600000.000000 1 36
5600000.000000 2 12
5600000.000000 3 5
5600000.000000 4 2
5600000.000000 5 1
5600000.000000 8 1
5600000.000000 34 1
5600000.000000 69 1
5600000.000000 401 1
5650000.000000 1 45
5650000.000000 2 10
5650000.000000 3 6
5650000.000000 4 2
5650000.000000 35 1
5650000.000000 67 1
5650000.000000 407 1
5700000.000000 1 40
5700000.000000 2 14
5700000.000000 3 5
5700000.000000 4 3
5700000.000000 6 1
5700000.000000 32 1
5700000.000000 64 1
5700000.000000 403 1
5750000.000000 1 39
5750000.000000 2 10
5750000.000000 3 4
5750000.000000 4 4
5750000.000000 5 2
5750000.000000 37 1
5750000.000000 65 1
5750000.000000 401 1
5800000.000000 1 47
5800000.000000 2 7
5800000.000000 3 8
5800000.000000 4 1
5800000.000000 5 1
5800000.000000 6 1
5800000.000000 34 1
5800000.000000 64 1
5800000.000000 187 1
5800000.000000 215 1
5850000.000000 1 43
5850000.000000 2 11
5850000.000000 3 9
5850000.000000 4 4
5850000.000000 26 1
5850000.000000 64 1
5850000.000000 402 1
5900000.000000 1 40
5900000.000000 2 5
5900000.000000 3 6
5900000.000000 4 1
5900000.000000 5 1
5900000.000000 6 1
5900000.000000 7 2
5900000.000000 26 1
5900000.000000 172 1
5900000.000000 305 1
5950000.000000 1 40
5950000.000000 2 9
5950000.000000 3 3
5950000.000000 4 2
5950000.000000 5 3
5950000.000000 6 1
5950000.000000 30 1
5950000.000000 474 1
6000000.000000 1 30
6000000.000000 2 14
6000000.000000 3 1
6000000.000000 4 2
6000000.000000 5 4
6000000.000000 35 1
6000000.000000 65 1
6000000.000000 164 1
6000000.000000 247 1
6050000.000000 1 40
6050000.000000 2 10
6050000.000000 3 2
6050000.000000 4 2
6050000.000000 5 2
6050000.000000 6 2
6050000.000000 27 1
6050000.000000 69 1
6050000.000000 167 1
6050000.000000 241 1
6100000.000000 1 44
6100000.000000 2 7
6100000.000000 3 3
6100000.000000 4 3
6100000.000000 5 1
6100000.000000 6 1
6100000.000000 7 1
6100000.000000 27 1
6100000.000000 69 1
6100000.000000 165 1
6100000.000000 242 1
6150000.000000 1 49
6150000.000000 2 6
6150000.000000 3 3
6150000.000000 4 2
6150000.000000 5 1
6150000.000000 6 2
6150000.000000 7 1
6150000.000000 26 1
6150000.000000 70 1
6150000.000000 165 1
6150000.000000 237 1
6200000.000000 1 40
6200000.000000 2 10
6200000.000000 3 6
6200000.000000 4 3
6200000.000000 5 1
6200000.000000 25 1
6200000.000000 69 1
6200000.000000 168 1
6200000.000000 243 1
6250000.000000 1 34
6250000.000000 2 11
6250000.000000 3 2
6250000.000000 4 3
6250000.000000 5 2
6250000.000000 7 2
6250000.000000 24 1
6250000.000000 70 1
6250000.000000 164 1
6250000.000000 244 1
6300000.000000 1 40
6300000.000000 2 8
6300000.000000 3 4
6300000.000000 4 2
6300000.000000 5 2
6300000.000000 8 1
6300000.000000 28 1
6300000.000000 69 1
6300000.000000 169 1
6300000.000000 240 1
6350000.000000 1 37
6350000.000000 2 4
6350000.000000 3 5
6350000.000000 4 3
6350000.000000 5 1
6350000.000000 7 1
6350000.000000 27 1
6350000.000000 71 1
6350000.000000 176 1
6350000.000000 242 1
6400000.000000 1 47
6400000.000000 2 5
6400000.000000 3 2
6400000.000000 4 1
6400000.000000 5 1
6400000.000000 6 2
6400000.000000 29 1
6400000.000000 73 1
6400000.000000 414 1
6450000.000000 1 32
6450000.000000 2 8
6450000.000000 3 4
6450000.000000 4 2
6450000.000000 7 1
6450000.000000 8 1
6450000.000000 28 1
6450000.000000 73 1
6450000.000000 174 1
6450000.000000 242 1
6500000.000000 1 35
6500000.000000 2 11
6500000.000000 3 1
6500000.000000 4 2
6500000.000000 5 1
6500000.000000 7 1
6500000.000000 30 1
6500000.000000 72 1
6500000.000000 418 1
6550000.000000 1 40
6550000.000000 2 11
6550000.000000 4 1
6550000.000000 5 1
6550000.000000 9 1
6550000.000000 32 1
6550000.000000 74 1
6550000.000000 414 1
6600000.000000 1 37
6600000.000000 2 7
6600000.000000 3 5
6600000.000000 8 1
6600000.000000 31 1
6600000.000000 495 1
6650000.000000 1 40
6650000.000000 2 5
6650000.000000 3 1
6650000.000000 4 1
6650000.000000 6 2
6650000.000000 8 1
6650000.000000 29 1
6650000.000000 74 1
6650000.000000 420 1
6700000.000000 1 44
6700000.000000 2 6
6700000.000000 3 1
6700000.000000 4 2
6700000.000000 6 1
6700000.000000 28 1
6700000.000000 75 1
6700000.000000 182 1
6700000.000000 242 1
6750000.000000 1 39
6750000.000000 2 10
6750000.000000 3 3
6750000.000000 4 1
6750000.000000 5 1
6750000.000000 28 1
6750000.000000 76 1
6750000.000000 169 1
6750000.000000 250 1
6800000.000000 1 50
6800000.000000 2 11
6800000.000000 5 1
6800000.000000 29 1
6800000.000000 79 1
6800000.000000 169 1
6800000.000000 246 1
6850000.000000 1 36
6850000.000000 2 9
6850000.000000 3 1
6850000.000000 4 2
6850000.000000 5 1
6850000.000000 30 1
6850000.000000 76 1
6850000.000000 424 1
6900000.000000 1 43
6900000.000000 2 7
6900000.000000 3 2
6900000.000000 4 1
6900000.000000 5 1
6900000.000000 7 1
6900000.000000 26 1
6900000.000000 80 1
6900000.000000 167 1
6900000.000000 248 1
6950000.000000 1 43
6950000.000000 2 5
6950000.000000 3 3
6950000.000000 4 3
6950000.000000 5 1
6950000.000000 25 1
6950000.000000 83 1
6950000.000000 166 1
6950000.000000 247 1
7000000.000000 1 40
7000000.000000 2 8
7000000.000000 3 3
7000000.000000 4 1
7000000.000000 5 1
7000000.000000 33 1
7000000.000000 83 1
7000000.000000 410 1
7050000.000000 1 43
7050000.000000 2 10
7050000.000000 3 5
7050000.000000 4 1
7050000.000000 27 1
7050000.000000 82 1
7050000.000000 164 1
7050000.000000 245 1
7100000.000000 1 47
7100000.000000 2 13
7100000.000000 3 1
7100000.000000 4 1
7100000.000000 5 1
7100000.000000 24 1
7100000.000000 161 1
7100000.000000 330 1
7150000.000000 1 45
7150000.000000 2 7
7150000.000000 3 4
7150000.000000 5 1
7150000.000000 30 1
7150000.000000 161 1
7150000.000000 333 1
7200000.000000 1 48
7200000.000000 2 5
7200000.000000 3 2
7200000.000000 4 1
7200000.000000 5 1
7200000.000000 31 1
7200000.000000 82 1
7200000.000000 161 1
7200000.000000 253 1
7250000.000000 1 42
7250000.000000 2 8
7250000.000000 3 1
7250000.000000 6 1
7250000.000000 9 1
7250000.000000 30 1
7250000.000000 81 1
7250000.000000 163 1
7250000.000000 250 1
7300000.000000 1 32
7300000.000000 2 9
7300000.000000 4 1
7300000.000000 10 1
7300000.000000 33 1
7300000.000000 80 1
7300000.000000 168 1
7300000.000000 255 1
7350000.000000 1 33
7350000.000000 2 6
7350000.000000 3 1
7350000.000000 4 1
7350000.000000 7 1
7350000.000000 32 1
7350000.000000 84 1
7350000.000000 169 1
7350000.000000 256 1
7400000.000000 1 39
7400000.000000 2 6
7400000.000000 3 1
7400000.000000 6 1
7400000.000000 34 1
7400000.000000 80 1
7400000.000000 426 1
7450000.000000 1 28
7450000.000000 2 7
7450000.000000 3 3
7450000.000000 4 2
7450000.000000 5 1
7450000.000000 30 1
7450000.000000 81 1
7450000.000000 425 1
7500000.000000 1 37
7500000.000000 2 6
7500000.000000 3 1
7500000.000000 4 1
7500000.000000 7 1
7500000.000000 27 1
7500000.000000 86 1
7500000.000000 424 1
7550000.000000 1 33
7550000.000000 2 7
7550000.000000 3 1
7550000.000000 8 1
7550000.000000 31 1
7550000.000000 83 1
7550000.000000 428 1
7600000.000000 1 30
7600000.000000 2 7
7600000.000000 3 1
7600000.000000 4 1
7600000.000000 5 1
7600000.000000 34 1
7600000.000000 85 1
7600000.000000 425 1
7650000.000000 1 38
7650000.000000 2 7
7650000.000000 3 1
7650000.000000 4 1
7650000.000000 30 1
7650000.000000 84 1
7650000.000000 427 1
7700000.000000 1 40
7700000.000000 2 4
7700000.000000 4 1
7700000.000000 6 1
7700000.000000 31 1
7700000.000000 251 1
7700000.000000 260 1
7750000.000000 1 39
7750000.000000 2 4
7750000.000000 3 3
7750000.000000 4 1
7750000.000000 27 1
7750000.000000 80 1
7750000.000000 433 1
7800000.000000 1 38
7800000.000000 2 6
7800000.000000 4 1
7800000.000000 5 1
7800000.000000 28 1
7800000.000000 79 1
7800000.000000 434 1
7850000.000000 1 43
7850000.000000 2 6
7850000.000000 30 1
7850000.000000 82 1
7850000.000000 177 1
7850000.000000 256 1
7900000.000000 1 48
7900000.000000 2 4
7900000.000000 3 2
7900000.000000 28 1
7900000.000000 83 1
7900000.000000 427 1
7950000.000000 1 47
7950000.000000 2 6
7950000.000000 30 1
7950000.000000 79 1
7950000.000000 176 1
7950000.000000 256 1
8000000.000000 1 40
8000000.000000 2 3
8000000.000000 3 2
8000000.000000 4 1
8000000.000000 28 1
8000000.000000 81 1
8000000.000000 435 1
8050000.000000 1 36
8050000.000000 2 1
8050000.000000 3 2
8050000.000000 4 2
8050000.000000 31 1
8050000.000000 79 1
8050000.000000 438 1
8100000.000000 1 37
8100000.000000 2 4
8100000.000000 3 2
8100000.000000 5 1
8100000.000000 31 1
8100000.000000 79 1
8100000.000000 434 1
8150000.000000 1 39
8150000.000000 2 4
8150000.000000 3 1
8150000.000000 4 1
8150000.000000 7 1
8150000.000000 27 1
8150000.000000 81 1
8150000.000000 431 1
8200000.000000 1 34
8200000.000000 2 3
8200000.000000 4 1
8200000.000000 5 2
8200000.000000 24 1
8200000.000000 82 1
8200000.000000 440 1
8250000.000000 1 35
8250000.000000 2 6
8250000.000000 3 1
8250000.000000 6 1
8250000.000000 8 1
8250000.000000 21 1
8250000.000000 515 1
8300000.000000 1 28
8300000.000000 2 8
8300000.000000 6 2
8300000.000000 25 1
8300000.000000 79 1
8300000.000000 440 1
8350000.000000 1 34
8350000.000000 2 5
8350000.000000 3 2
8350000.000000 4 1
8350000.000000 5 1
8350000.000000 24 1
8350000.000000 80 1
8350000.000000 437 1
8400000.000000 1 30
8400000.000000 2 8
8400000.000000 3 3
8400000.000000 4 2
8400000.000000 24 1
8400000.000000 78 1
8400000.000000 435 1
8450000.000000 1 33
8450000.000000 2 7
8450000.000000 3 1
8450000.000000 4 1
8450000.000000 5 1
8450000.000000 6 1
8450000.000000 25 1
8450000.000000 74 1
8450000.000000 436 1
8500000.000000 1 41
8500000.000000 2 5
8500000.000000 3 1
8500000.000000 6 1
8500000.000000 28 1
8500000.000000 74 1
8500000.000000 438 1
8550000.000000 1 37
8550000.000000 2 5
8550000.000000 3 2
8550000.000000 7 1
8550000.000000 25 1
8550000.000000 70 1
8550000.000000 445 1
8600000.000000 1 27
8600000.000000 2 5
8600000.000000 3 3
8600000.000000 5 1
8600000.000000 23 1
8600000.000000 73 1
8600000.000000 453 1
8650000.000000 1 40
8650000.000000 2 5
8650000.000000 3 3
8650000.000000 4 1
8650000.000000 5 1
8650000.000000 16 1
8650000.000000 70 1
8650000.000000 446 1
8700000.000000 1 24
8700000.000000 2 11
8700000.000000 3 2
8700000.000000 4 1
8700000.000000 5 1
8700000.000000 20 1
8700000.000000 71 1
8700000.000000 448 1
8750000.000000 1 36
8750000.000000 2 7
8750000.000000 3 4
8750000.000000 6 1
8750000.000000 22 1
8750000.000000 510 1
8800000.000000 1 38
8800000.000000 2 5
8800000.000000 3 3
8800000.000000 5 1
8800000.000000 7 1
8800000.000000 14 1
8800000.000000 72 1
8800000.000000 445 1
8850000.000000 1 42
8850000.000000 2 3
8850000.000000 3 3
8850000.000000 4 2
8850000.000000 19 1
8850000.000000 71 1
8850000.000000 445 1
8900000.000000 1 34
8900000.000000 2 6
8900000.000000 3 2
8900000.000000 4 1
8900000.000000 5 1
8900000.000000 7 1
8900000.000000 19 1
8900000.000000 71 1
8900000.000000 442 1
8950000.000000 1 34
8950000.000000 2 6
8950000.000000 3 2
8950000.000000 4 1
8950000.000000 20 1
8950000.000000 76 1
8950000.000000 448 1
9000000.000000 1 31
9000000.000000 2 6
9000000.000000 3 1
9000000.000000 4 1
9000000.000000 25 1
9000000.000000 74 1
9000000.000000 451 1
9050000.000000 1 31
9050000.000000 2 3
9050000.000000 3 1
9050000.000000 4 1
9050000.000000 76 1
9050000.000000 480 1
9100000.000000 1 42
9100000.000000 2 3
9100000.000000 3 1
9100000.000000 4 1
9100000.000000 6 1
9100000.000000 23 1
9100000.000000 69 1
9100000.000000 447 1
9150000.000000 1 29
9150000.000000 2 5
9150000.000000 3 1
9150000.000000 5 2
9150000.000000 25 1
9150000.000000 71 1
9150000.000000 452 1
9200000.000000 1 38
9200000.000000 2 4
9200000.000000 3 1
9200000.000000 4 1
9200000.000000 24 1
9200000.000000 73 1
9200000.000000 450 1
9250000.000000 1 41
9250000.000000 2 6
9250000.000000 3 1
9250000.000000 5 1
9250000.000000 19 1
9250000.000000 70 1
9250000.000000 450 1
9300000.000000 1 34
9300000.000000 2 11
9300000.000000 4 1
9300000.000000 5 2
9300000.000000 15 1
9300000.000000 65 1
9300000.000000 450 1
9350000.000000 1 30
9350000.000000 2 7
9350000.000000 3 3
9350000.000000 6 1
9350000.000000 20 1
9350000.000000 66 1
9350000.000000 455 1
9400000.000000 1 26
9400000.000000 2 8
9400000.000000 3 1
9400000.000000 5 1
9400000.000000 17 1
9400000.000000 72 1
9400000.000000 461 1
9450000.000000 1 31
9450000.000000 2 5
9450000.000000 3 3
9450000.000000 5 1
9450000.000000 21 1
9450000.000000 67 1
9450000.000000 457 1
9500000.000000 1 30
9500000.000000 2 7
9500000.000000 3 2
9500000.000000 5 1
9500000.000000 20 1
9500000.000000 68 1
9500000.000000 457 1
9550000.000000 1 32
9550000.000000 2 7
9550000.000000 4 1
9550000.000000 5 1
9550000.000000 9 1
9550000.000000 18 1
9550000.000000 68 1
9550000.000000 450 1
9600000.000000 1 26
9600000.000000 2 9
9600000.000000 3 1
9600000.000000 4 1
9600000.000000 7 1
9600000.000000 21 1
9600000.000000 65 1
9600000.000000 456 1
9650000.000000 1 32
9650000.000000 2 8
9650000.000000 3 5
9650000.000000 4 1
9650000.000000 5 1
9650000.000000 12 1
9650000.000000 65 1
9650000.000000 451 1
9700000.000000 1 31
9700000.000000 2 11
9700000.000000 3 3
9700000.000000 4 1
9700000.000000 5 2
9700000.000000 10 1
9700000.000000 64 1
9700000.000000 450 1
9750000.000000 1 43
9750000.000000 2 6
9750000.000000 3 1
9750000.000000 4 1
9750000.000000 5 2
9750000.000000 6 1
9750000.000000 12 1
9750000.000000 60 1
9750000.000000 450 1
9800000.000000 1 30
9800000.000000 2 10
9800000.000000 3 1
9800000.000000 4 2
9800000.000000 5 1
9800000.000000 17 1
9800000.000000 66 1
9800000.000000 451 1
9850000.000000 1 28
9850000.000000 2 6
9850000.000000 3 1
9850000.000000 4 2
9850000.000000 5 1
9850000.000000 19 1
9850000.000000 66 1
9850000.000000 459 1
9900000.000000 1 27
9900000.000000 2 5
9900000.000000 3 3
9900000.000000 5 1
9900000.000000 6 1
9900000.000000 20 1
9900000.000000 64 1
9900000.000000 459 1
9950000.000000 1 35
9950000.000000 2 5
9950000.000000 3 3
9950000.000000 4 3
9950000.000000 12 1
9950000.000000 65 1
9950000.000000 457 1
10000000.000000 1 27
10000000.000000 2 5
10000000.000000 3 5
10000000.000000 4 3
10000000.000000 12 1
10000000.000000 63 1
10000000.000000 461 1
10050000.000000 1 31
10050000.000000 2 3
10050000.000000 3 5
10050000.000000 4 2
10050000.000000 7 1
10050000.000000 13 1
10050000.000000 62 1
10050000.000000 458 1
10100000.000000 1 31
10100000.000000 2 2
10100000.000000 3 2
10100000.000000 4 3
10100000.000000 5 1
10100000.000000 7 1
10100000.000000 10 1
10100000.000000 64 1
10100000.000000 461 1
10150000.000000 1 35
10150000.000000 2 9
10150000.000000 3 2
10150000.000000 4 1
10150000.000000 5 2
10150000.000000 12 1
10150000.000000 58 1
10150000.000000 457 1
10200000.000000 1 37
10200000.000000 2 7
10200000.000000 3 2
10200000.000000 4 2
10200000.000000 14 1
10200000.000000 64 1
10200000.000000 457 1
10250000.000000 1 37
10250000.000000 2 4
10250000.000000 4 3
10250000.000000 5 2
10250000.000000 13 1
10250000.000000 65 1
10250000.000000 455 1
10300000.000000 1 40
10300000.000000 2 2
10300000.000000 3 3
10300000.000000 4 2
10300000.000000 6 1
10300000.000000 14 1
10300000.000000 63 1
10300000.000000 456 1
10350000.000000 1 43
10350000.000000 2 6
10350000.000000 3 2
10350000.000000 4 1
10350000.000000 6 3
10350000.000000 64 1
10350000.000000 453 1
10400000.000000 1 38
10400000.000000 2 9
10400000.000000 3 2
10400000.000000 4 2
10400000.000000 6 1
10400000.000000 7 1
10400000.000000 64 1
10400000.000000 453 1
10450000.000000 1 30
10450000.000000 2 10
10450000.000000 3 4
10450000.000000 4 1
10450000.000000 5 1
10450000.000000 6 1
10450000.000000 8 1
10450000.000000 63 1
10450000.000000 452 1
10500000.000000 1 40
10500000.000000 2 12
10500000.000000 3 2
10500000.000000 4 1
10500000.000000 5 1
10500000.000000 7 1
10500000.000000 62 1
10500000.000000 452 1
10550000.000000 1 40
10550000.000000 2 9
10550000.000000 3 2
10550000.000000 4 1
10550000.000000 5 1
10550000.000000 6 1
10550000.000000 66 1
10550000.000000 455 1
10600000.000000 1 38
10600000.000000 2 8
10600000.000000 3 3
10600000.000000 4 2
10600000.000000 7 1
10600000.000000 64 1
10600000.000000 458 1
10650000.000000 1 42
10650000.000000 2 10
10650000.000000 3 3
10650000.000000 8 1
10650000.000000 63 1
10650000.000000 458 1
10700000.000000 1 50
10700000.000000 2 7
10700000.000000 3 2
10700000.000000 4 1
10700000.000000 7 1
10700000.000000 65 1
10700000.000000 454 1
10750000.000000 1 50
10750000.000000 2 9
10750000.000000 3 1
10750000.000000 4 1
10750000.000000 8 1
10750000.000000 65 1
10750000.000000 452 1
10800000.000000 1 40
10800000.000000 2 12
10800000.000000 3 2
10800000.000000 4 1
10800000.000000 9 1
10800000.000000 66 1
10800000.000000 451 1
10850000.000000 1 41
10850000.000000 2 11
10850000.000000 3 1
10850000.000000 5 1
10850000.000000 8 1
10850000.000000 70 1
10850000.000000 451 1
10900000.000000 1 52
10900000.000000 2 9
10900000.000000 3 1
10900000.000000 4 2
10900000.000000 5 1
10900000.000000 63 1
10900000.000000 451 1
10950000.000000 1 44
10950000.000000 2 7
10950000.000000 3 4
10950000.000000 5 2
10950000.000000 62 1
10950000.000000 458 1
11000000.000000 1 47
11000000.000000 2 6
11000000.000000 3 4
11000000.000000 4 1
11000000.000000 5 1
11000000.000000 59 1
11000000.000000 461 1
11050000.000000 1 46
11050000.000000 2 6
11050000.000000 3 4
11050000.000000 7 1
11050000.000000 61 1
11050000.000000 462 1
11100000.000000 1 43
11100000.000000 2 14
11100000.000000 3 1
11100000.000000 4 1
11100000.000000 64 1
11100000.000000 458 1
11150000.000000 1 56
11150000.000000 2 9
11150000.000000 3 3
11150000.000000 4 1
11150000.000000 57 1
11150000.000000 456 1
11200000.000000 1 48
11200000.000000 2 8
11200000.000000 3 4
11200000.000000 4 1
11200000.000000 6 1
11200000.000000 64 1
11200000.000000 450 1
11250000.000000 1 37
11250000.000000 2 12
11250000.000000 3 2
11250000.000000 4 1
11250000.000000 5 1
11250000.000000 7 1
11250000.000000 64 1
11250000.000000 453 1
11300000.000000 1 35
11300000.000000 2 12
11300000.000000 3 2
11300000.000000 4 2
11300000.000000 12 1
11300000.000000 63 1
11300000.000000 452 1
11350000.000000 1 45
11350000.000000 2 5
11350000.000000 3 1
11350000.000000 4 1
11350000.000000 5 2
11350000.000000 14 1
11350000.000000 62 1
11350000.000000 452 1
11400000.000000 1 35
11400000.000000 2 8
11400000.000000 3 2
11400000.000000 4 1
11400000.000000 6 2
11400000.000000 11 1
11400000.000000 64 1
11400000.000000 452 1
11450000.000000 1 43
11450000.000000 2 5
11450000.000000 3 3
11450000.000000 4 1
11450000.000000 17 1
11450000.000000 62 1
11450000.000000 455 1
11500000.000000 1 43
11500000.000000 2 6
11500000.000000 3 1
11500000.000000 5 1
11500000.000000 6 1
11500000.000000 13 1
11500000.000000 64 1
11500000.000000 454 1
11550000.000000 1 43
11550000.000000 2 3
11550000.000000 3 3
11550000.000000 5 1
11550000.000000 6 1
11550000.000000 12 1
11550000.000000 65 1
11550000.000000 454 1
11600000.000000 1 42
11600000.000000 2 7
11600000.000000 3 1
11600000.000000 4 1
11600000.000000 5 2
11600000.000000 9 1
11600000.000000 65 1
11600000.000000 453 1
11650000.000000 1 42
11650000.000000 2 5
11650000.000000 3 3
11650000.000000 7 1
11650000.000000 16 1
11650000.000000 63 1
11650000.000000 453 1
11700000.000000 1 42
11700000.000000 2 8
11700000.000000 4 1
11700000.000000 5 1
11700000.000000 16 1
11700000.000000 61 1
11700000.000000 456 1
11750000.000000 1 36
11750000.000000 2 9
11750000.000000 3 2
11750000.000000 4 2
11750000.000000 12 1
11750000.000000 61 1
11750000.000000 459 1
11800000.000000 1 37
11800000.000000 2 11
11800000.000000 3 2
11800000.000000 4 1
11800000.000000 13 1
11800000.000000 58 1
11800000.000000 460 1
11850000.000000 1 39
11850000.000000 2 13
11850000.000000 3 2
11850000.000000 13 1
11850000.000000 56 1
11850000.000000 460 1
11900000.000000 1 44
11900000.000000 2 7
11900000.000000 3 3
11900000.000000 15 1
11900000.000000 59 1
11900000.000000 459 1
11950000.000000 1 35
11950000.000000 2 4
11950000.000000 3 3
11950000.000000 5 1
11950000.000000 17 1
11950000.000000 61 1
11950000.000000 465 1
12000000.000000 1 35
12000000.000000 2 11
12000000.000000 5 1
12000000.000000 15 1
12000000.000000 61 1
12000000.000000 462 1
12050000.000000 1 35
12050000.000000 2 8
12050000.000000 4 1
12050000.000000 5 1
12050000.000000 7 1
12050000.000000 11 1
12050000.000000 62 1
12050000.000000 460 1
12100000.000000 1 45
12100000.000000 2 8
12100000.000000 3 1
12100000.000000 4 1
12100000.000000 11 1
12100000.000000 61 1
12100000.000000 460 1
12150000.000000 1 46
12150000.000000 2 5
12150000.000000 3 3
12150000.000000 4 2
12150000.000000 6 1
12150000.000000 58 1
12150000.000000 463 1
12200000.000000 1 31
12200000.000000 2 8
12200000.000000 3 4
12200000.000000 4 2
12200000.000000 5 1
12200000.000000 63 1
12200000.000000 465 1
12250000.000000 1 34
12250000.000000 2 9
12250000.000000 3 2
12250000.000000 4 1
12250000.000000 5 2
12250000.000000 61 1
12250000.000000 467 1
12300000.000000 1 38
12300000.000000 2 7
12300000.000000 3 2
12300000.000000 4 1
12300000.000000 5 1
12300000.000000 7 1
12300000.000000 61 1
12300000.000000 465 1
12350000.000000 1 46
12350000.000000 2 6
12350000.000000 3 1
12350000.000000 4 1
12350000.000000 6 2
12350000.000000 60 1
12350000.000000 463 1
12400000.000000 1 36
12400000.000000 2 7
12400000.000000 3 3
12400000.000000 4 3
12400000.000000 6 1
12400000.000000 60 1
12400000.000000 463 1
12450000.000000 1 34
12450000.000000 2 6
12450000.000000 3 1
12450000.000000 4 3
12450000.000000 5 1
12450000.000000 7 1
12450000.000000 64 1
12450000.000000 463 1
12500000.000000 1 45
12500000.000000 2 5
12500000.000000 3 2
12500000.000000 4 1
12500000.000000 5 1
12500000.000000 7 1
12500000.000000 58 1
12500000.000000 465 1
12550000.000000 1 46
12550000.000000 2 7
12550000.000000 3 1
12550000.000000 5 1
12550000.000000 6 1
12550000.000000 8 1
12550000.000000 57 1
12550000.000000 461 1
12600000.000000 1 42
12600000.000000 2 4
12600000.000000 3 2
12600000.000000 6 1
12600000.000000 8 1
12600000.000000 530 1
12650000.000000 1 46
12650000.000000 2 3
12650000.000000 3 5
12650000.000000 8 1
12650000.000000 57 1
12650000.000000 468 1
12700000.000000 1 36
12700000.000000 2 6
12700000.000000 3 2
12700000.000000 4 2
12700000.000000 7 1
12700000.000000 12 1
12700000.000000 53 1
12700000.000000 466 1
12750000.000000 1 30
12750000.000000 2 7
12750000.000000 3 1
12750000.000000 5 2
12750000.000000 8 1
12750000.000000 13 1
12750000.000000 55 1
12750000.000000 467 1
12800000.000000 1 31
12800000.000000 2 4
12800000.000000 3 3
12800000.000000 4 2
12800000.000000 12 2
12800000.000000 54 1
12800000.000000 466 1
12850000.000000 1 32
12850000.000000 2 6
12850000.000000 3 3
12850000.000000 4 2
12850000.000000 12 1
12850000.000000 13 1
12850000.000000 49 1
12850000.000000 465 1
12900000.000000 1 33
12900000.000000 2 2
12900000.000000 3 1
12900000.000000 4 2
12900000.000000 11 1
12900000.000000 18 1
12900000.000000 56 1
12900000.000000 467 1
12950000.000000 1 33
12950000.000000 2 9
12950000.000000 3 1
12950000.000000 5 1
12950000.000000 10 1
12950000.000000 11 1
12950000.000000 55 1
12950000.000000 465 1
13000000.000000 1 39
13000000.000000 2 4
13000000.000000 3 4
13000000.000000 5 1
13000000.000000 10 1
13000000.000000 60 1
13000000.000000 466 1
13050000.000000 1 28
13050000.000000 2 7
13050000.000000 3 1
13050000.000000 4 1
13050000.000000 5 2
13050000.000000 9 1
13050000.000000 61 1
13050000.000000 471 1
13100000.000000 1 40
13100000.000000 2 5
13100000.000000 3 4
13100000.000000 4 2
13100000.000000 9 1
13100000.000000 53 1
13100000.000000 468 1
13150000.000000 1 38
13150000.000000 2 8
13150000.000000 3 1
13150000.000000 4 2
13150000.000000 5 1
13150000.000000 13 1
13150000.000000 51 1
13150000.000000 466 1
13200000.000000 1 39
13200000.000000 2 10
13200000.000000 3 1
13200000.000000 4 1
13200000.000000 6 1
13200000.000000 8 2
13200000.000000 48 1
13200000.000000 464 1
13250000.000000 1 32
13250000.000000 2 9
13250000.000000 3 1
13250000.000000 4 2
13250000.000000 5 2
13250000.000000 6 1
13250000.000000 11 1
13250000.000000 47 1
13250000.000000 465 1
13300000.000000 1 29
13300000.000000 2 12
13300000.000000 3 1
13300000.000000 4 2
13300000.000000 5 1
13300000.000000 6 1
13300000.000000 8 1
13300000.000000 517 1
13350000.000000 1 39
13350000.000000 2 8
13350000.000000 3 4
13350000.000000 5 1
13350000.000000 14 1
13350000.000000 48 1
13350000.000000 466 1
13400000.000000 1 35
13400000.000000 2 10
13400000.000000 4 2
13400000.000000 5 2
13400000.000000 7 1
13400000.000000 50 1
13400000.000000 470 1
13450000.000000 1 35
13450000.000000 2 8
13450000.000000 3 2
13450000.000000 4 1
13450000.000000 11 1
13450000.000000 56 1
13450000.000000 472 1
13500000.000000 1 39
13500000.000000 2 6
13500000.000000 3 3
13500000.000000 5 1
13500000.000000 12 1
13500000.000000 52 1
13500000.000000 471 1
13550000.000000 1 46
13550000.000000 2 8
13550000.000000 3 2
13550000.000000 4 1
13550000.000000 9 1
13550000.000000 49 1
13550000.000000 470 1
13600000.000000 1 34
13600000.000000 2 6
13600000.000000 3 4
13600000.000000 4 1
13600000.000000 12 1
13600000.000000 49 1
13600000.000000 477 1
13650000.000000 1 34
13650000.000000 2 4
13650000.000000 3 3
13650000.000000 4 3
13650000.000000 8 1
13650000.000000 10 1
13650000.000000 52 1
13650000.000000 467 1
13700000.000000 1 31
13700000.000000 2 6
13700000.000000 3 5
13700000.000000 4 1
13700000.000000 5 2
13700000.000000 8 1
13700000.000000 51 1
13700000.000000 469 1
13750000.000000 1 33
13750000.000000 2 6
13750000.000000 3 4
13750000.000000 4 3
13750000.000000 5 1
13750000.000000 52 1
13750000.000000 474 1
13800000.000000 1 38
13800000.000000 2 8
13800000.000000 3 2
13800000.000000 4 1
13800000.000000 5 1
13800000.000000 7 1
13800000.000000 50 1
13800000.000000 474 1
13850000.000000 1 42
13850000.000000 2 5
13850000.000000 3 3
13850000.000000 4 3
13850000.000000 5 1
13850000.000000 45 1
13850000.000000 477 1
13900000.000000 1 39
13900000.000000 2 10
13900000.000000 3 2
13900000.000000 4 1
13900000.000000 5 1
13900000.000000 53 1
13900000.000000 473 1
13950000.000000 1 42
13950000.000000 2 8
13950000.000000 3 3
13950000.000000 5 1
13950000.000000 59 1
13950000.000000 469 1
14000000.000000 1 42
14000000.000000 2 9
14000000.000000 3 6
14000000.000000 55 1
14000000.000000 467 1
14050000.000000 1 45
14050000.000000 2 4
14050000.000000 3 3
14050000.000000 4 2
14050000.000000 5 1
14050000.000000 55 1
14050000.000000 470 1
14100000.000000 1 39
14100000.000000 2 1
14100000.000000 3 5
14100000.000000 4 2
14100000.000000 5 1
14100000.000000 6 1
14100000.000000 57 1
14100000.000000 468 1
14150000.000000 1 39
14150000.000000 2 7
14150000.000000 3 2
14150000.000000 4 2
14150000.000000 5 1
14150000.000000 56 1
14150000.000000 472 1
14200000.000000 1 36
14200000.000000 2 1
14200000.000000 3 2
14200000.000000 4 2
14200000.000000 6 1
14200000.000000 7 1
14200000.000000 58 1
14200000.000000 477 1
14250000.000000 1 36
14250000.000000 2 3
14250000.000000 3 1
14250000.000000 4 1
14250000.000000 6 1
14250000.000000 11 1
14250000.000000 60 1
14250000.000000 474 1
14300000.000000 1 32
14300000.000000 2 5
14300000.000000 3 1
14300000.000000 6 1
14300000.000000 9 1
14300000.000000 63 1
14300000.000000 477 1
14350000.000000 1 34
14350000.000000 2 6
14350000.000000 12 1
14350000.000000 68 1
14350000.000000 474 1
14400000.000000 1 40
14400000.000000 2 2
14400000.000000 3 1
14400000.000000 4 1
14400000.000000 5 1
14400000.000000 66 1
14400000.000000 478 1
14450000.000000 1 37
14450000.000000 2 3
14450000.000000 3 1
14450000.000000 6 1
14450000.000000 63 1
14450000.000000 485 1
14500000.000000 1 37
14500000.000000 2 7
14500000.000000 3 1
14500000.000000 61 1
14500000.000000 485 1
14550000.000000 1 28
14550000.000000 2 11
14550000.000000 3 1
14550000.000000 64 1
14550000.000000 483 1
14600000.000000 1 34
14600000.000000 2 7
14600000.000000 3 1
14600000.000000 4 1
14600000.000000 64 1
14600000.000000 481 1
14650000.000000 1 34
14650000.000000 2 6
14650000.000000 3 2
14650000.000000 4 1
14650000.000000 61 1
14650000.000000 483 1
14700000.000000 1 33
14700000.000000 2 8
14700000.000000 5 1
14700000.000000 63 1
14700000.000000 483 1
14750000.000000 1 29
14750000.000000 2 5
14750000.000000 3 2
14750000.000000 7 1
14750000.000000 64 1
14750000.000000 484 1
14800000.000000 1 30
14800000.000000 2 3
14800000.000000 3 1
14800000.000000 4 2
14800000.000000 65 1
14800000.000000 488 1
14850000.000000 1 27
14850000.000000 2 6
14850000.000000 3 4
14850000.000000 4 1
14850000.000000 63 1
14850000.000000 482 1
14900000.000000 1 34
14900000.000000 2 4
14900000.000000 3 3
14900000.000000 5 1
14900000.000000 63 1
14900000.000000 481 1
14950000.000000 1 28
14950000.000000 2 9
14950000.000000 4 1
14950000.000000 5 1
14950000.000000 61 1
14950000.000000 484 1
15000000.000000 1 31
15000000.000000 2 5
15000000.000000 3 1
15000000.000000 5 2
15000000.000000 546 1
15050000.000000 1 31
15050000.000000 2 4
15050000.000000 3 2
15050000.000000 11 1
15050000.000000 544 1
15100000.000000 1 37
15100000.000000 2 3
15100000.000000 8 1
15100000.000000 549 1
15150000.000000 1 34
15150000.000000 2 10
15150000.000000 4 1
15150000.000000 542 1
15200000.000000 1 36
15200000.000000 2 2
15200000.000000 3 2
15200000.000000 6 1
15200000.000000 57 1
15200000.000000 491 1
15250000.000000 1 30
15250000.000000 2 8
15250000.000000 7 1
15250000.000000 57 1
15250000.000000 490 1
15300000.000000 1 37
15300000.000000 2 3
15300000.000000 3 5
15300000.000000 52 1
15300000.000000 490 1
15350000.000000 1 45
15350000.000000 2 5
15350000.000000 3 2
15350000.000000 53 1
15350000.000000 486 1
15400000.000000 1 40
15400000.000000 2 8
15400000.000000 3 2
15400000.000000 538 1
15450000.000000 1 45
15450000.000000 2 3
15450000.000000 3 1
15450000.000000 4 2
15450000.000000 59 1
15450000.000000 479 1
15500000.000000 1 32
15500000.000000 2 9
15500000.000000 3 3
15500000.000000 62 1
15500000.000000 479 1
15550000.000000 1 35
15550000.000000 2 7
15550000.000000 3 3
15550000.000000 4 1
15550000.000000 6 1
15550000.000000 56 1
15550000.000000 476 1
15600000.000000 1 32
15600000.000000 2 10
15600000.000000 3 3
15600000.000000 4 2
15600000.000000 55 1
15600000.000000 476 1
15650000.000000 1 32
15650000.000000 2 7
15650000.000000 3 5
15650000.000000 4 1
15650000.000000 5 1
15650000.000000 53 1
15650000.000000 477 1
15700000.000000 1 41
15700000.000000 2 11
15700000.000000 5 1
15700000.000000 57 1
15700000.000000 475 1
15750000.000000 1 42
15750000.000000 2 8
15750000.000000 3 2
15750000.000000 4 1
15750000.000000 56 1
15750000.000000 476 1
15800000.000000 1 42
15800000.000000 2 4
15800000.000000 3 3
15800000.000000 5 1
15800000.000000 54 1
15800000.000000 482 1
15850000.000000 1 38
15850000.000000 2 6
15850000.000000 3 2
15850000.000000 8 1
15850000.000000 51 1
15850000.000000 485 1
15900000.000000 1 35
15900000.000000 2 4
15900000.000000 3 3
15900000.000000 4 1
15900000.000000 8 1
15900000.000000 50 1
15900000.000000 486 1
15950000.000000 1 38
15950000.000000 2 6
15950000.000000 3 3
15950000.000000 58 1
15950000.000000 483 1
16000000.000000 1 46
16000000.000000 2 9
16000000.000000 54 1
16000000.000000 482 1
16050000.000000 1 38
16050000.000000 2 5
16050000.000000 3 2
16050000.000000 4 1
16050000.000000 56 1
16050000.000000 486 1
16100000.000000 1 43
16100000.000000 2 5
16100000.000000 3 1
16100000.000000 4 2
16100000.000000 5 1
16100000.000000 45 1
16100000.000000 486 1
16150000.000000 1 41
16150000.000000 2 7
16150000.000000 3 2
16150000.000000 4 2
16150000.000000 47 1
16150000.000000 484 1
16200000.000000 1 45
16200000.000000 2 6
16200000.000000 3 1
16200000.000000 4 1
16200000.000000 46 1
16200000.000000 490 1
16250000.000000 1 41
16250000.000000 2 7
16250000.000000 3 4
16250000.000000 533 1
16300000.000000 1 48
16300000.000000 2 5
16300000.000000 3 3
16300000.000000 4 1
16300000.000000 529 1
16350000.000000 1 39
16350000.000000 2 9
16350000.000000 3 1
16350000.000000 4 2
16350000.000000 532 1
16400000.000000 1 38
16400000.000000 2 6
16400000.000000 3 4
16400000.000000 4 2
16400000.000000 34 1
16400000.000000 496 1
16450000.000000 1 42
16450000.000000 2 8
16450000.000000 3 2
16450000.000000 5 1
16450000.000000 33 1
16450000.000000 498 1
16500000.000000 1 45
16500000.000000 2 11
16500000.000000 3 1
16500000.000000 33 1
16500000.000000 497 1
16550000.000000 1 43
16550000.000000 2 7
16550000.000000 3 1
16550000.000000 4 1
16550000.000000 536 1
16600000.000000 1 48
16600000.000000 2 6
16600000.000000 3 2
16600000.000000 4 1
16600000.000000 31 1
16600000.000000 499 1
16650000.000000 1 41
16650000.000000 2 7
16650000.000000 3 4
16650000.000000 8 1
16650000.000000 28 1
16650000.000000 497 1
16700000.000000 1 42
16700000.000000 2 8
16700000.000000 3 2
16700000.000000 5 1
16700000.000000 9 1
16700000.000000 522 1
16750000.000000 1 37
16750000.000000 2 8
16750000.000000 3 2
16750000.000000 4 4
16750000.000000 525 1
16800000.000000 1 41
16800000.000000 2 9
16800000.000000 7 2
16800000.000000 527 1
16850000.000000 1 38
16850000.000000 2 9
16850000.000000 3 2
16850000.000000 4 1
16850000.000000 7 2
16850000.000000 520 1
16900000.000000 1 45
16900000.000000 2 6
16900000.000000 3 2
16900000.000000 5 1
16900000.000000 7 1
16900000.000000 8 1
16900000.000000 517 1
16950000.000000 1 42
16950000.000000 2 7
16950000.000000 3 1
16950000.000000 4 1
16950000.000000 6 2
16950000.000000 7 1
16950000.000000 518 1
17000000.000000 1 46
17000000.000000 2 7
17000000.000000 3 2
17000000.000000 6 1
17000000.000000 7 1
17000000.000000 521 1
17050000.000000 1 47
17050000.000000 2 9
17050000.000000 5 2
17050000.000000 10 1
17050000.000000 515 1
17100000.000000 1 38
17100000.000000 2 10
17100000.000000 3 1
17100000.000000 5 1
17100000.000000 7 1
17100000.000000 11 1
17100000.000000 516 1
17150000.000000 1 40
17150000.000000 2 5
17150000.000000 3 2
17150000.000000 4 3
17150000.000000 6 1
17150000.000000 11 1
17150000.000000 515 1
17200000.000000 1 34
17200000.000000 2 7
17200000.000000 3 2
17200000.000000 4 3
17200000.000000 7 1
17200000.000000 527 1
17250000.000000 1 25
17250000.000000 2 8
17250000.000000 3 2
17250000.000000 4 5
17250000.000000 5 1
17250000.000000 6 1
17250000.000000 522 1
17300000.000000 1 33
17300000.000000 2 5
17300000.000000 3 3
17300000.000000 4 3
17300000.000000 5 3
17300000.000000 10 1
17300000.000000 511 1
17350000.000000 1 41
17350000.000000 2 6
17350000.000000 3 3
17350000.000000 4 1
17350000.000000 5 1
17350000.000000 15 1
17350000.000000 514 1
17400000.000000 1 38
17400000.000000 2 8
17400000.000000 3 4
17400000.000000 6 1
17400000.000000 14 1
17400000.000000 514 1
17450000.000000 1 36
17450000.000000 2 10
17450000.000000 3 1
17450000.000000 4 1
17450000.000000 8 1
17450000.000000 15 1
17450000.000000 514 1
17500000.000000 1 41
17500000.000000 2 7
17500000.000000 3 3
17500000.000000 4 1
17500000.000000 15 1
17500000.000000 517 1
17550000.000000 1 38
17550000.000000 2 11
17550000.000000 3 2
17550000.000000 5 1
17550000.000000 14 1
17550000.000000 515 1
17600000.000000 1 36
17600000.000000 2 9
17600000.000000 3 1
17600000.000000 5 2
17600000.000000 533 1
17650000.000000 1 40
17650000.000000 2 4
17650000.000000 3 1
17650000.000000 4 2
17650000.000000 5 1
17650000.000000 536 1
17700000.000000 1 36
17700000.000000 2 5
17700000.000000 3 3
17700000.000000 4 1
17700000.000000 16 1
17700000.000000 525 1
17750000.000000 1 44
17750000.000000 2 3
17750000.000000 3 1
17750000.000000 4 1
17750000.000000 5 1
17750000.000000 14 1
17750000.000000 524 1
17800000.000000 1 33
17800000.000000 2 5
17800000.000000 3 4
17800000.000000 4 1
17800000.000000 541 1
17850000.000000 1 38
17850000.000000 2 8
17850000.000000 3 1
17850000.000000 7 1
17850000.000000 10 1
17850000.000000 526 1
17900000.000000 1 38
17900000.000000 2 6
17900000.000000 3 1
17900000.000000 4 2
17900000.000000 9 1
17900000.000000 530 1
17950000.000000 1 40
17950000.000000 2 4
17950000.000000 3 1
17950000.000000 4 1
17950000.000000 6 1
17950000.000000 9 1
17950000.000000 530 1
18000000.000000 1 31
18000000.000000 2 5
18000000.000000 3 3
18000000.000000 4 1
18000000.000000 6 1
18000000.000000 540 1
18050000.000000 1 32
18050000.000000 2 4
18050000.000000 3 4
18050000.000000 6 1
18050000.000000 542 1
18100000.000000 1 41
18100000.000000 2 4
18100000.000000 3 2
18100000.000000 4 2
18100000.000000 537 1
18150000.000000 1 37
18150000.000000 2 2
18150000.000000 3 5
18150000.000000 5 1
18150000.000000 539 1
18200000.000000 1 33
18200000.000000 2 4
18200000.000000 3 4
18200000.000000 4 1
18200000.000000 5 1
18200000.000000 538 1
18250000.000000 1 40
18250000.000000 2 3
18250000.000000 3 2
18250000.000000 5 1
18250000.000000 543 1
18300000.000000 1 38
18300000.000000 2 3
18300000.000000 3 1
18300000.000000 4 1
18300000.000000 5 2
18300000.000000 539 1
18350000.000000 1 36
18350000.000000 2 7
18350000.000000 550 1
18400000.000000 1 43
18400000.000000 2 3
18400000.000000 3 3
18400000.000000 542 1
18450000.000000 1 32
18450000.000000 2 11
18450000.000000 546 1
18500000.000000 1 40
18500000.000000 2 3
18500000.000000 3 2
18500000.000000 548 1
18550000.000000 1 39
18550000.000000 2 5
18550000.000000 3 2
18550000.000000 545 1
18600000.000000 1 46
18600000.000000 2 5
18600000.000000 3 1
18600000.000000 541 1
18650000.000000 1 38
18650000.000000 2 4
18650000.000000 3 1
18650000.000000 7 1
18650000.000000 544 1
18700000.000000 1 32
18700000.000000 2 7
18700000.000000 3 2
18700000.000000 4 1
18700000.000000 544 1
18750000.000000 1 31
18750000.000000 2 9
18750000.000000 5 1
18750000.000000 546 1
18800000.000000 1 34
18800000.000000 2 3
18800000.000000 4 3
18800000.000000 548 1
18850000.000000 1 31
18850000.000000 2 5
18850000.000000 3 3
18850000.000000 4 1
18850000.000000 546 1
18900000.000000 1 37
18900000.000000 2 3
18900000.000000 3 2
18900000.000000 5 1
18900000.000000 546 1
18950000.000000 1 34
18950000.000000 2 4
18950000.000000 3 1
18950000.000000 5 2
18950000.000000 545 1
19000000.000000 1 25
19000000.000000 2 9
19000000.000000 3 2
19000000.000000 4 1
19000000.000000 547 1
19050000.000000 1 33
19050000.000000 2 8
19050000.000000 3 1
19050000.000000 548 1
19100000.000000 1 28
19100000.000000 2 5
19100000.000000 3 1
19100000.000000 4 1
19100000.000000 5 1
19100000.000000 550 1
19150000.000000 1 28
19150000.000000 2 6
19150000.000000 5 1
19150000.000000 6 1
19150000.000000 549 1
19200000.000000 1 26
19200000.000000 2 3
19200000.000000 3 2
19200000.000000 6 1
19200000.000000 8 1
19200000.000000 548 1
19250000.000000 1 29
19250000.000000 2 2
19250000.000000 3 5
19250000.000000 8 1
19250000.000000 544 1
19300000.000000 1 27
19300000.000000 2 7
19300000.000000 3 2
19300000.000000 7 1
19300000.000000 546 1
19350000.000000 1 27
19350000.000000 2 8
19350000.000000 3 2
19350000.000000 6 1
19350000.000000 545 1
19400000.000000 1 25
19400000.000000 2 5
19400000.000000 7 1
19400000.000000 9 1
19400000.000000 549 1
19450000.000000 1 35
19450000.000000 2 6
19450000.000000 4 1
19450000.000000 549 1
19500000.000000 1 28
19500000.000000 2 6
19500000.000000 3 1
19500000.000000 4 2
19500000.000000 549 1
19550000.000000 1 28
19550000.000000 2 2
19550000.000000 3 4
19550000.000000 4 2
19550000.000000 548 1
19600000.000000 1 33
19600000.000000 2 5
19600000.000000 3 4
19600000.000000 545 1
19650000.000000 1 30
19650000.000000 2 9
19650000.000000 3 1
19650000.000000 4 1
19650000.000000 545 1
19700000.000000 1 27
19700000.000000 2 9
19700000.000000 3 2
19700000.000000 549 1
19750000.000000 1 35
19750000.000000 2 7
19750000.000000 3 2
19750000.000000 545 1
19800000.000000 1 34
19800000.000000 2 8
19800000.000000 3 1
19800000.000000 547 1
19850000.000000 1 38
19850000.000000 2 9
19850000.000000 3 1
19850000.000000 541 1
19900000.000000 1 37
19900000.000000 2 5
19900000.000000 3 2
19900000.000000 4 1
19900000.000000 543 1
19950000.000000 1 41
19950000.000000 2 4
19950000.000000 3 1
19950000.000000 4 1
19950000.000000 544 1
20000000.000000 1 34
20000000.000000 2 8
20000000.000000 3 1
20000000.000000 4 1
20000000.000000 543 1
