# time largest_cluster_rg
150000.000000 33.8985885228
200000.000000 34.3654441123
250000.000000 35.4874097826
300000.000000 30.3990479797
350000.000000 37.4710364628
400000.000000 37.7061323768
450000.000000 33.5961048027
500000.000000 32.1565407827
550000.000000 31.8829908320
600000.000000 34.5477705272
650000.000000 36.1285246015
700000.000000 37.5642613083
750000.000000 32.2088208385
800000.000000 30.6144865577
850000.000000 32.3790566105
900000.000000 33.4740022724
950000.000000 36.0304811895
1000000.000000 32.2845024793
1050000.000000 31.6231317013
1100000.000000 34.9567998801
1150000.000000 31.6156795032
1200000.000000 32.7406498485
1250000.000000 30.5213781715
1300000.000000 32.4328376656
1350000.000000 39.6923126030
1400000.000000 34.2503179437
1450000.000000 32.9631644360
1500000.000000 39.0776791579
1550000.000000 31.7443464257
1600000.000000 30.4708548326
1650000.000000 34.0521441992
1700000.000000 46.2846700010
1750000.000000 30.7004566343
1800000.000000 34.4734573954
1850000.000000 34.2247076586
1900000.000000 33.2407241685
1950000.000000 32.3152160286
2000000.000000 42.8945394062
2050000.000000 33.7916953166
2100000.000000 37.9426471698
2150000.000000 33.3777171035
2200000.000000 34.1695158238
2250000.000000 39.3743872818
2300000.000000 40.1612036902
2350000.000000 39.6487116812
2400000.000000 31.9427808881
2450000.000000 31.4196526996
2500000.000000 31.9670533817
2550000.000000 35.0969261920
2600000.000000 33.4445657667
2650000.000000 32.5406222775
2700000.000000 30.4951926015
2750000.000000 30.7894827530
2800000.000000 31.8213263419
2850000.000000 30.8172061187
2900000.000000 33.8123097411
2950000.000000 34.4382726725
3000000.000000 34.3015281757
3050000.000000 31.4714442319
3100000.000000 38.2497592437
3150000.000000 33.4384473055
3200000.000000 35.7695484089
3250000.000000 34.8262991016
3300000.000000 33.5625297745
3350000.000000 34.7291164619
3400000.000000 33.8584293147
3450000.000000 33.0171610479
3500000.000000 34.3054143356
3550000.000000 32.2255158619
3600000.000000 36.4749236641
3650000.000000 32.3712914345
3700000.000000 35.7438910478
3750000.000000 37.9043514017
3800000.000000 35.3390832177
3850000.000000 31.8889930611
3900000.000000 32.9530858921
3950000.000000 33.0951056743
4000000.000000 31.7012432907
4050000.000000 39.4580825479
4100000.000000 32.4415200109
4150000.000000 32.4133695880
4200000.000000 35.1436909735
4250000.000000 35.7703587482
4300000.000000 40.9203581322
4350000.000000 34.5447334761
4400000.000000 33.6447137157
4450000.000000 30.8163714785
4500000.000000 34.6304232263
4550000.000000 31.2689228526
4600000.000000 31.5220773602
4650000.000000 50.6403929783
4700000.000000 31.5127848073
4750000.000000 31.0350427082
4800000.000000 32.9924488652
4850000.000000 31.2775026151
4900000.000000 35.2196525175
4950000.000000 31.2401983218
5000000.000000 37.9497624935
5050000.000000 33.1913378846
5100000.000000 33.3958562157
5150000.000000 31.2160684217
5200000.000000 35.7956504012
5250000.000000 33.1159840275
5300000.000000 35.4181508268
5350000.000000 32.7183010323
5400000.000000 32.0477278559
5450000.000000 33.4661872591
5500000.000000 34.9297518804
5550000.000000 32.5138044416
5600000.000000 33.0423359779
5650000.000000 36.6296109191
5700000.000000 35.5390519634
5750000.000000 33.9767652515
5800000.000000 33.3535480492
5850000.000000 40.6041415041
5900000.000000 34.7076568854
5950000.000000 32.6073194702
6000000.000000 36.1964906809
6050000.000000 36.0604739340
6100000.000000 34.8385071748
6150000.000000 36.7572527047
6200000.000000 35.8437818739
6250000.000000 31.4790473608
6300000.000000 33.7515727166
6350000.000000 35.7382739551
6400000.000000 31.3038939093
6450000.000000 34.9195055580
6500000.000000 34.9862175010
6550000.000000 33.8125619130
6600000.000000 39.1632190178
6650000.000000 37.8489111768
6700000.000000 34.5484836719
6750000.000000 34.6718020991
6800000.000000 40.1567983666
6850000.000000 33.9679997850
6900000.000000 35.0031557630
6950000.000000 33.5801536189
7000000.000000 32.7516132528
7050000.000000 36.7831379319
7100000.000000 40.3835430836
7150000.000000 35.0787647767
7200000.000000 31.3594144872
7250000.000000 31.1405943724
7300000.000000 35.3262528405
7350000.000000 30.9840297288
7400000.000000 31.6305010081
7450000.000000 35.1864199502
7500000.000000 45.5125862274
7550000.000000 34.1178851472
7600000.000000 34.9597916643
7650000.000000 34.0121365838
7700000.000000 34.6626815571
7750000.000000 32.5540415083
7800000.000000 33.2273776159
7850000.000000 39.9333503491
7900000.000000 30.7585023290
7950000.000000 35.4373437283
8000000.000000 35.1834753961
8050000.000000 38.2496922151
8100000.000000 36.0233050186
8150000.000000 32.8594877962
8200000.000000 33.1735727125
8250000.000000 38.1863283991
8300000.000000 31.6069770236
8350000.000000 50.6682414875
8400000.000000 38.9301882204
8450000.000000 31.3061774595
8500000.000000 31.4273192815
8550000.000000 36.0032473844
8600000.000000 39.2038824495
8650000.000000 33.1757103368
8700000.000000 38.4351197325
8750000.000000 34.1867814051
8800000.000000 33.0848884500
8850000.000000 38.1467274819
8900000.000000 37.5303883508
8950000.000000 33.6682251223
9000000.000000 38.1347937925
9050000.000000 43.3216665843
9100000.000000 36.7309917372
9150000.000000 45.2527381866
9200000.000000 36.8708191437
9250000.000000 31.9499627925
9300000.000000 31.9211270172
9350000.000000 36.1170864450
9400000.000000 51.0832089628
9450000.000000 32.6696690208
9500000.000000 32.9380351910
9550000.000000 34.2998093130
9600000.000000 33.9520252469
9650000.000000 35.9123135742
9700000.000000 41.8672195068
9750000.000000 34.4139906930
9800000.000000 33.2540390413
9850000.000000 37.4488762818
9900000.000000 32.6501874514
9950000.000000 32.4320443092
10000000.000000 35.5859114067
10050000.000000 34.6075814438
10100000.000000 33.0280079601
10150000.000000 35.4475532989
10200000.000000 41.1653618265
10250000.000000 33.0808882836
10300000.000000 33.5233040999
10350000.000000 33.8042189328
10400000.000000 33.2779867575
10450000.000000 37.2043797403
10500000.000000 39.2778729088
10550000.000000 37.2839294347
10600000.000000 32.8838092466
10650000.000000 31.8669253153
10700000.000000 38.2750323395
10750000.000000 32.5783548746
10800000.000000 37.4482912138
10850000.000000 33.0199110335
10900000.000000 31.5295698041
10950000.000000 34.8781898014
11000000.000000 37.3149323769
11050000.000000 39.6059539555
11100000.000000 38.1855370031
11150000.000000 33.9684748678
11200000.000000 37.2431868130
11250000.000000 30.4708489646
11300000.000000 35.0441234445
11350000.000000 32.6293217043
11400000.000000 37.0839238498
11450000.000000 33.7209978986
11500000.000000 43.5696361234
11550000.000000 48.2864052143
11600000.000000 34.5795156997
11650000.000000 31.5619029721
11700000.000000 32.9994593332
11750000.000000 30.8981628071
11800000.000000 33.1961172561
11850000.000000 33.9735669097
11900000.000000 32.1555441145
11950000.000000 41.1134773386
12000000.000000 36.3310209733
12050000.000000 30.6848398579
12100000.000000 43.9215741280
12150000.000000 34.0371813559
12200000.000000 32.4272128136
12250000.000000 32.4607586551
12300000.000000 35.5437342744
12350000.000000 32.5445824945
12400000.000000 36.1864533988
12450000.000000 33.0955171098
12500000.000000 37.7057680168
12550000.000000 37.8599929525
12600000.000000 37.3514169286
12650000.000000 36.7419345593
12700000.000000 32.4464343269
12750000.000000 36.3106163261
12800000.000000 47.0478920782
12850000.000000 34.5322390126
12900000.000000 31.5646012342
12950000.000000 32.0185979584
13000000.000000 36.7404139483
13050000.000000 30.4546205616
13100000.000000 33.3703583068
13150000.000000 31.2895075773
13200000.000000 37.2653994500
13250000.000000 33.6843834411
13300000.000000 38.0674468806
13350000.000000 42.8776909473
13400000.000000 43.4188061596
13450000.000000 33.0762586925
13500000.000000 32.2095672014
13550000.000000 32.5006329036
13600000.000000 35.1802304951
13650000.000000 35.1244585881
13700000.000000 57.8655675003
13750000.000000 40.1362098397
13800000.000000 33.0001886576
13850000.000000 32.7994038862
13900000.000000 35.9237057622
13950000.000000 33.7245080496
14000000.000000 36.3584853867
14050000.000000 38.2902677224
14100000.000000 44.0931936507
14150000.000000 31.0562011147
14200000.000000 34.1220002687
14250000.000000 33.3432347276
14300000.000000 31.8609258585
14350000.000000 31.1546445671
14400000.000000 36.7631292889
14450000.000000 36.1440682493
14500000.000000 34.9615962202
14550000.000000 31.7784298818
14600000.000000 33.8354390078
14650000.000000 33.8528966473
14700000.000000 38.2821979192
14750000.000000 35.3176935882
14800000.000000 32.9548036162
14850000.000000 30.8694947693
14900000.000000 34.6791845599
14950000.000000 32.3622735162
15000000.000000 31.3682341133
15050000.000000 34.1747920021
15100000.000000 33.4282471623
15150000.000000 36.3873971071
15200000.000000 32.0419372277
15250000.000000 40.4089898059
15300000.000000 30.4777374637
15350000.000000 34.3838248611
15400000.000000 33.4312801872
15450000.000000 37.9493127123
15500000.000000 35.7017559850
15550000.000000 37.2375977599
15600000.000000 35.5892722382
15650000.000000 37.4403964777
15700000.000000 34.0781766035
15750000.000000 38.9497796652
15800000.000000 30.2323137117
15850000.000000 34.7154783839
15900000.000000 32.1069507512
15950000.000000 33.1358473513
16000000.000000 33.6136716388
16050000.000000 35.3832237748
16100000.000000 34.6938172619
16150000.000000 31.4798823401
16200000.000000 32.2545290070
16250000.000000 34.0261007297
16300000.000000 36.0954509526
16350000.000000 36.7963258556
16400000.000000 33.8638542738
16450000.000000 31.1311515169
16500000.000000 35.9123720473
16550000.000000 36.3614500323
16600000.000000 32.1040901859
16650000.000000 38.0145030771
16700000.000000 39.8324042401
16750000.000000 39.1255383331
16800000.000000 31.5714380639
16850000.000000 31.0831870086
16900000.000000 35.9646046884
16950000.000000 34.3469115446
17000000.000000 38.9012306807
17050000.000000 34.8691831054
17100000.000000 35.5460045095
17150000.000000 33.4786518630
17200000.000000 36.6045150051
17250000.000000 36.1420080538
17300000.000000 33.9771535040
17350000.000000 35.0997851552
17400000.000000 41.2683504759
17450000.000000 37.7806270426
17500000.000000 33.0210103045
17550000.000000 48.1964365832
17600000.000000 35.5757233406
17650000.000000 33.6093177332
17700000.000000 38.0092769576
17750000.000000 36.0889913932
17800000.000000 40.2722305326
17850000.000000 31.3759147051
17900000.000000 33.2354451260
17950000.000000 38.7398849365
18000000.000000 34.3565036167
18050000.000000 33.2696025952
18100000.000000 36.3296936955
18150000.000000 35.5770980726
18200000.000000 34.0724864326
18250000.000000 33.4673118573
18300000.000000 30.5676336099
18350000.000000 32.7799771558
18400000.000000 38.2806501939
18450000.000000 31.2040409282
18500000.000000 32.0373915865
18550000.000000 32.3846418871
18600000.000000 34.8370472469
18650000.000000 34.4490322336
18700000.000000 44.9373477726
18750000.000000 33.2044180880
18800000.000000 38.0132269907
18850000.000000 35.3040560972
18900000.000000 31.1310181753
18950000.000000 33.9624791340
19000000.000000 39.5448820297
19050000.000000 30.9700194883
19100000.000000 31.7292326809
19150000.000000 31.3791040406
19200000.000000 31.8314010466
19250000.000000 35.0804711402
19300000.000000 36.2576008587
19350000.000000 34.2408635853
19400000.000000 34.7970017319
19450000.000000 30.9667684563
19500000.000000 31.8565227639
19550000.000000 53.1654625886
19600000.000000 33.4199541455
19650000.000000 33.8187568674
19700000.000000 32.9521640180
19750000.000000 37.0012084932
19800000.000000 34.5450015366
19850000.000000 32.0554893270
19900000.000000 35.2475470414
19950000.000000 38.3528954218
20000000.000000 32.9237858519
20050000.000000 38.5272449879
20100000.000000 32.2124727479
