# time cluster_size count
50000.000000 1 6
50000.000000 2 1
50000.000000 3 1
50000.000000 5 1
50000.000000 20 1
50000.000000 24 1
50000.000000 29 1
50000.000000 511 1
100000.000000 1 12
100000.000000 2 1
100000.000000 5 1
100000.000000 20 1
100000.000000 24 1
100000.000000 29 1
100000.000000 508 1
150000.000000 1 20
150000.000000 2 1
150000.000000 4 1
150000.000000 5 1
150000.000000 14 1
150000.000000 24 1
150000.000000 28 1
150000.000000 503 1
200000.000000 1 20
200000.000000 2 2
200000.000000 4 1
200000.000000 5 1
200000.000000 7 1
200000.000000 25 1
200000.000000 29 1
200000.000000 34 1
200000.000000 95 1
200000.000000 156 1
200000.000000 221 1
250000.000000 1 26
250000.000000 2 1
250000.000000 3 1
250000.000000 13 1
250000.000000 25 1
250000.000000 28 1
250000.000000 36 1
250000.000000 94 1
250000.000000 154 1
250000.000000 219 1
300000.000000 1 28
300000.000000 2 3
300000.000000 3 2
300000.000000 7 1
300000.000000 26 1
300000.000000 27 1
300000.000000 28 1
300000.000000 34 1
300000.000000 94 1
300000.000000 118 1
300000.000000 226 1
350000.000000 1 25
350000.000000 2 3
350000.000000 4 2
350000.000000 5 1
350000.000000 27 2
350000.000000 28 1
350000.000000 33 1
350000.000000 96 1
350000.000000 119 1
350000.000000 226 1
400000.000000 1 31
400000.000000 2 5
400000.000000 3 1
400000.000000 4 1
400000.000000 5 2
400000.000000 6 1
400000.000000 23 1
400000.000000 25 1
400000.000000 27 1
400000.000000 33 1
400000.000000 95 1
400000.000000 116 1
400000.000000 217 1
450000.000000 1 31
450000.000000 2 4
450000.000000 3 1
450000.000000 4 1
450000.000000 7 1
450000.000000 26 1
450000.000000 27 1
450000.000000 31 1
450000.000000 32 1
450000.000000 95 1
450000.000000 116 1
450000.000000 220 1
500000.000000 1 32
500000.000000 2 3
500000.000000 3 1
500000.000000 4 1
500000.000000 7 1
500000.000000 26 1
500000.000000 27 1
500000.000000 29 1
500000.000000 31 1
500000.000000 95 1
500000.000000 119 1
500000.000000 221 1
550000.000000 1 32
550000.000000 2 6
550000.000000 3 1
550000.000000 10 1
550000.000000 24 1
550000.000000 25 1
550000.000000 29 1
550000.000000 30 1
550000.000000 95 1
550000.000000 119 1
550000.000000 221 1
600000.000000 1 39
600000.000000 2 4
600000.000000 5 1
600000.000000 23 1
600000.000000 26 1
600000.000000 28 1
600000.000000 29 1
600000.000000 97 1
600000.000000 122 1
600000.000000 223 1
650000.000000 1 30
650000.000000 2 7
650000.000000 8 1
650000.000000 21 1
650000.000000 27 1
650000.000000 28 1
650000.000000 29 1
650000.000000 96 1
650000.000000 125 1
650000.000000 222 1
700000.000000 1 33
700000.000000 2 3
700000.000000 3 1
700000.000000 7 1
700000.000000 20 1
700000.000000 28 1
700000.000000 29 1
700000.000000 34 1
700000.000000 96 1
700000.000000 122 1
700000.000000 222 1
750000.000000 1 31
750000.000000 2 6
750000.000000 3 4
750000.000000 4 1
750000.000000 28 2
750000.000000 48 1
750000.000000 99 1
750000.000000 115 1
750000.000000 223 1
800000.000000 1 34
800000.000000 2 3
800000.000000 3 1
800000.000000 4 2
800000.000000 6 1
800000.000000 30 1
800000.000000 45 1
800000.000000 101 1
800000.000000 143 1
800000.000000 224 1
850000.000000 1 41
850000.000000 2 4
850000.000000 3 3
850000.000000 5 1
850000.000000 29 1
850000.000000 46 1
850000.000000 99 1
850000.000000 139 1
850000.000000 224 1
900000.000000 1 33
900000.000000 2 9
900000.000000 3 1
900000.000000 7 1
900000.000000 47 1
900000.000000 99 1
900000.000000 169 1
900000.000000 224 1
950000.000000 1 33
950000.000000 2 5
950000.000000 3 2
950000.000000 30 2
950000.000000 99 1
950000.000000 111 1
950000.000000 281 1
1000000.000000 1 37
1000000.000000 2 6
1000000.000000 8 1
1000000.000000 28 2
1000000.000000 49 1
1000000.000000 99 1
1000000.000000 114 1
1000000.000000 225 1
1050000.000000 1 29
1050000.000000 2 6
1050000.000000 3 2
1050000.000000 10 1
1050000.000000 28 1
1050000.000000 142 1
1050000.000000 146 1
1050000.000000 227 1
1100000.000000 1 38
1100000.000000 2 3
1100000.000000 29 1
1100000.000000 44 1
1100000.000000 97 1
1100000.000000 143 1
1100000.000000 243 1
1150000.000000 1 36
1150000.000000 2 2
1150000.000000 3 3
1150000.000000 10 1
1150000.000000 29 1
1150000.000000 34 1
1150000.000000 41 1
1150000.000000 98 1
1150000.000000 107 1
1150000.000000 232 1
1200000.000000 1 38
1200000.000000 2 7
1200000.000000 3 2
1200000.000000 4 1
1200000.000000 5 2
1200000.000000 20 1
1200000.000000 34 1
1200000.000000 45 1
1200000.000000 92 1
1200000.000000 105 1
1200000.000000 232 1
1250000.000000 1 34
1250000.000000 2 3
1250000.000000 3 5
1250000.000000 4 2
1250000.000000 17 1
1250000.000000 35 1
1250000.000000 51 1
1250000.000000 98 1
1250000.000000 107 1
1250000.000000 229 1
1300000.000000 1 38
1300000.000000 2 9
1300000.000000 4 1
1300000.000000 18 1
1300000.000000 35 1
1300000.000000 54 1
1300000.000000 102 1
1300000.000000 106 1
1300000.000000 225 1
1350000.000000 1 43
1350000.000000 2 6
1350000.000000 3 2
1350000.000000 4 1
1350000.000000 10 1
1350000.000000 20 1
1350000.000000 29 1
1350000.000000 41 1
1350000.000000 99 1
1350000.000000 108 1
1350000.000000 228 1
1400000.000000 1 39
1400000.000000 2 7
1400000.000000 3 3
1400000.000000 8 1
1400000.000000 40 1
1400000.000000 100 1
1400000.000000 161 1
1400000.000000 229 1
1450000.000000 1 43
1450000.000000 2 3
1450000.000000 3 2
1450000.000000 4 1
1450000.000000 10 1
1450000.000000 18 1
1450000.000000 36 1
1450000.000000 105 1
1450000.000000 143 1
1450000.000000 229 1
1500000.000000 1 37
1500000.000000 2 6
1500000.000000 4 3
1500000.000000 7 1
1500000.000000 42 1
1500000.000000 50 1
1500000.000000 104 1
1500000.000000 106 1
1500000.000000 230 1
1550000.000000 1 39
1550000.000000 2 5
1550000.000000 3 1
1550000.000000 4 2
1550000.000000 11 1
1550000.000000 17 1
1550000.000000 35 1
1550000.000000 108 1
1550000.000000 139 1
1550000.000000 230 1
1600000.000000 1 38
1600000.000000 2 9
1600000.000000 3 1
1600000.000000 4 1
1600000.000000 9 1
1600000.000000 14 1
1600000.000000 141 1
1600000.000000 142 1
1600000.000000 231 1
1650000.000000 1 33
1650000.000000 2 6
1650000.000000 3 2
1650000.000000 4 2
1650000.000000 5 1
1650000.000000 15 1
1650000.000000 34 1
1650000.000000 109 1
1650000.000000 149 1
1650000.000000 229 1
1700000.000000 1 38
1700000.000000 2 3
1700000.000000 3 1
1700000.000000 4 2
1700000.000000 7 1
1700000.000000 14 1
1700000.000000 36 1
1700000.000000 110 1
1700000.000000 149 1
1700000.000000 229 1
1750000.000000 1 41
1750000.000000 2 8
1750000.000000 4 2
1750000.000000 5 1
1750000.000000 7 1
1750000.000000 15 1
1750000.000000 32 1
1750000.000000 109 1
1750000.000000 141 1
1750000.000000 226 1
1800000.000000 1 38
1800000.000000 2 8
1800000.000000 3 4
1800000.000000 8 1
1800000.000000 15 1
1800000.000000 34 1
1800000.000000 104 1
1800000.000000 139 1
1800000.000000 234 1
1850000.000000 1 45
1850000.000000 2 8
1850000.000000 3 4
1850000.000000 4 1
1850000.000000 6 1
1850000.000000 12 1
1850000.000000 34 1
1850000.000000 107 1
1850000.000000 134 1
1850000.000000 230 1
1900000.000000 1 36
1900000.000000 2 10
1900000.000000 3 5
1900000.000000 4 2
1900000.000000 7 1
1900000.000000 33 1
1900000.000000 110 1
1900000.000000 141 1
1900000.000000 230 1
1950000.000000 1 39
1950000.000000 2 7
1950000.000000 3 6
1950000.000000 4 1
1950000.000000 7 1
1950000.000000 10 1
1950000.000000 31 1
1950000.000000 109 1
1950000.000000 135 1
1950000.000000 233 1
2000000.000000 1 33
2000000.000000 2 6
2000000.000000 3 1
2000000.000000 4 3
2000000.000000 6 1
2000000.000000 7 1
2000000.000000 12 1
2000000.000000 30 1
2000000.000000 115 1
2000000.000000 137 1
2000000.000000 233 1
2050000.000000 1 42
2050000.000000 2 4
2050000.000000 3 6
2050000.000000 13 1
2050000.000000 31 1
2050000.000000 111 1
2050000.000000 143 1
2050000.000000 234 1
2100000.000000 1 35
2100000.000000 2 5
2100000.000000 3 5
2100000.000000 4 4
2100000.000000 5 2
2100000.000000 31 1
2100000.000000 115 1
2100000.000000 135 1
2100000.000000 233 1
2150000.000000 1 37
2150000.000000 2 9
2150000.000000 3 3
2150000.000000 4 3
2150000.000000 6 1
2150000.000000 32 1
2150000.000000 115 1
2150000.000000 139 1
2150000.000000 232 1
2200000.000000 1 46
2200000.000000 2 3
2200000.000000 3 5
2200000.000000 4 1
2200000.000000 12 1
2200000.000000 32 1
2200000.000000 112 1
2200000.000000 141 1
2200000.000000 232 1
2250000.000000 1 50
2250000.000000 2 3
2250000.000000 3 3
2250000.000000 4 1
2250000.000000 8 2
2250000.000000 137 1
2250000.000000 146 1
2250000.000000 232 1
2300000.000000 1 40
2300000.000000 2 9
2300000.000000 3 3
2300000.000000 8 1
2300000.000000 31 1
2300000.000000 118 1
2300000.000000 143 1
2300000.000000 233 1
2350000.000000 1 42
2350000.000000 2 4
2350000.000000 4 5
2350000.000000 5 2
2350000.000000 144 1
2350000.000000 148 1
2350000.000000 228 1
2400000.000000 1 38
2400000.000000 2 9
2400000.000000 3 2
2400000.000000 4 2
2400000.000000 5 2
2400000.000000 141 1
2400000.000000 149 1
2400000.000000 230 1
2450000.000000 1 51
2450000.000000 2 6
2450000.000000 3 3
2450000.000000 5 1
2450000.000000 6 2
2450000.000000 27 1
2450000.000000 119 1
2450000.000000 138 1
2450000.000000 227 1
2500000.000000 1 38
2500000.000000 2 9
2500000.000000 3 4
2500000.000000 4 1
2500000.000000 5 1
2500000.000000 139 1
2500000.000000 156 1
2500000.000000 228 1
2550000.000000 1 40
2550000.000000 2 8
2550000.000000 3 3
2550000.000000 4 1
2550000.000000 5 1
2550000.000000 8 1
2550000.000000 32 1
2550000.000000 119 1
2550000.000000 139 1
2550000.000000 228 1
2600000.000000 1 39
2600000.000000 2 7
2600000.000000 3 2
2600000.000000 7 1
2600000.000000 8 1
2600000.000000 30 1
2600000.000000 119 1
2600000.000000 140 1
2600000.000000 237 1
2650000.000000 1 40
2650000.000000 2 5
2650000.000000 3 2
2650000.000000 4 3
2650000.000000 5 1
2650000.000000 29 1
2650000.000000 121 1
2650000.000000 139 1
2650000.000000 238 1
2700000.000000 1 35
2700000.000000 2 11
2700000.000000 3 1
2700000.000000 4 3
2700000.000000 5 1
2700000.000000 28 1
2700000.000000 118 1
2700000.000000 141 1
2700000.000000 236 1
2750000.000000 1 41
2750000.000000 2 7
2750000.000000 3 5
2750000.000000 4 1
2750000.000000 6 1
2750000.000000 7 1
2750000.000000 29 1
2750000.000000 115 1
2750000.000000 136 1
2750000.000000 233 1
2800000.000000 1 46
2800000.000000 2 5
2800000.000000 3 2
2800000.000000 4 1
2800000.000000 14 1
2800000.000000 143 2
2800000.000000 234 1
2850000.000000 1 39
2850000.000000 2 9
2850000.000000 4 2
2850000.000000 6 1
2850000.000000 8 1
2850000.000000 28 1
2850000.000000 116 1
2850000.000000 143 1
2850000.000000 234 1
2900000.000000 1 43
2900000.000000 2 5
2900000.000000 3 1
2900000.000000 4 2
2900000.000000 5 1
2900000.000000 8 1
2900000.000000 29 1
2900000.000000 114 1
2900000.000000 145 1
2900000.000000 235 1
2950000.000000 1 40
2950000.000000 2 2
2950000.000000 3 3
2950000.000000 4 1
2950000.000000 6 1
2950000.000000 9 1
2950000.000000 30 1
2950000.000000 117 1
2950000.000000 145 1
2950000.000000 236 1
3000000.000000 1 33
3000000.000000 2 10
3000000.000000 3 3
3000000.000000 5 1
3000000.000000 9 1
3000000.000000 30 1
3000000.000000 114 1
3000000.000000 145 1
3000000.000000 235 1
3050000.000000 1 44
3050000.000000 2 7
3050000.000000 3 2
3050000.000000 5 1
3050000.000000 6 1
3050000.000000 8 1
3050000.000000 21 1
3050000.000000 114 1
3050000.000000 140 1
3050000.000000 242 1
3100000.000000 1 41
3100000.000000 2 7
3100000.000000 3 3
3100000.000000 10 1
3100000.000000 141 1
3100000.000000 143 1
3100000.000000 242 1
3150000.000000 1 38
3150000.000000 2 5
3150000.000000 3 4
3150000.000000 11 1
3150000.000000 29 1
3150000.000000 116 1
3150000.000000 144 1
3150000.000000 240 1
3200000.000000 1 38
3200000.000000 2 7
3200000.000000 3 2
3200000.000000 4 2
3200000.000000 12 1
3200000.000000 24 1
3200000.000000 119 1
3200000.000000 141 1
3200000.000000 238 1
3250000.000000 1 38
3250000.000000 2 7
3250000.000000 3 3
3250000.000000 4 1
3250000.000000 9 1
3250000.000000 13 1
3250000.000000 14 1
3250000.000000 238 1
3250000.000000 261 1
3300000.000000 1 35
3300000.000000 2 4
3300000.000000 3 3
3300000.000000 4 2
3300000.000000 5 1
3300000.000000 13 1
3300000.000000 24 1
3300000.000000 117 1
3300000.000000 142 1
3300000.000000 239 1
3350000.000000 1 38
3350000.000000 2 6
3350000.000000 3 3
3350000.000000 5 1
3350000.000000 6 1
3350000.000000 22 1
3350000.000000 121 1
3350000.000000 149 1
3350000.000000 238 1
3400000.000000 1 48
3400000.000000 2 7
3400000.000000 3 2
3400000.000000 5 1
3400000.000000 9 1
3400000.000000 22 1
3400000.000000 116 1
3400000.000000 142 1
3400000.000000 238 1
3450000.000000 1 41
3450000.000000 2 6
3450000.000000 3 6
3450000.000000 4 1
3450000.000000 22 1
3450000.000000 123 1
3450000.000000 140 1
3450000.000000 240 1
3500000.000000 1 41
3500000.000000 2 7
3500000.000000 3 6
3500000.000000 4 1
3500000.000000 21 1
3500000.000000 121 1
3500000.000000 140 1
3500000.000000 241 1
3550000.000000 1 34
3550000.000000 2 9
3550000.000000 3 4
3550000.000000 5 1
3550000.000000 6 2
3550000.000000 20 1
3550000.000000 122 1
3550000.000000 137 1
3550000.000000 240 1
3600000.000000 1 42
3600000.000000 2 8
3600000.000000 3 4
3600000.000000 4 1
3600000.000000 5 1
3600000.000000 22 1
3600000.000000 122 1
3600000.000000 139 1
3600000.000000 238 1
3650000.000000 1 46
3650000.000000 2 11
3650000.000000 3 3
3650000.000000 5 1
3650000.000000 24 1
3650000.000000 121 1
3650000.000000 135 1
3650000.000000 238 1
3700000.000000 1 55
3700000.000000 2 7
3700000.000000 3 2
3700000.000000 4 2
3700000.000000 5 1
3700000.000000 21 1
3700000.000000 117 1
3700000.000000 134 1
3700000.000000 240 1
3750000.000000 1 35
3750000.000000 2 10
3750000.000000 3 4
3750000.000000 4 3
3750000.000000 5 1
3750000.000000 23 1
3750000.000000 118 1
3750000.000000 135 1
3750000.000000 240 1
3800000.000000 1 42
3800000.000000 2 6
3800000.000000 3 1
3800000.000000 4 1
3800000.000000 5 1
3800000.000000 8 1
3800000.000000 21 1
3800000.000000 122 1
3800000.000000 142 1
3800000.000000 241 1
3850000.000000 1 36
3850000.000000 2 8
3850000.000000 3 4
3850000.000000 4 3
3850000.000000 7 1
3850000.000000 17 1
3850000.000000 126 1
3850000.000000 134 1
3850000.000000 240 1
3900000.000000 1 37
3900000.000000 2 9
3900000.000000 3 2
3900000.000000 4 3
3900000.000000 5 1
3900000.000000 7 1
3900000.000000 17 1
3900000.000000 129 1
3900000.000000 133 1
3900000.000000 236 1
3950000.000000 1 35
3950000.000000 2 7
3950000.000000 3 4
3950000.000000 5 2
3950000.000000 6 1
3950000.000000 20 1
3950000.000000 127 1
3950000.000000 137 1
3950000.000000 239 1
4000000.000000 1 47
4000000.000000 2 10
4000000.000000 3 4
4000000.000000 16 1
4000000.000000 130 1
4000000.000000 137 1
4000000.000000 238 1
4050000.000000 1 46
4050000.000000 2 5
4050000.000000 3 4
4050000.000000 4 1
4050000.000000 6 1
4050000.000000 9 1
4050000.000000 135 1
4050000.000000 138 1
4050000.000000 240 1
4100000.000000 1 44
4100000.000000 2 7
4100000.000000 3 6
4100000.000000 4 3
4100000.000000 5 1
4100000.000000 7 1
4100000.000000 123 1
4100000.000000 138 1
4100000.000000 239 1
4150000.000000 1 50
4150000.000000 2 11
4150000.000000 7 1
4150000.000000 140 1
4150000.000000 143 1
4150000.000000 238 1
4200000.000000 1 50
4200000.000000 2 8
4200000.000000 3 2
4200000.000000 4 2
4200000.000000 5 1
4200000.000000 9 1
4200000.000000 131 1
4200000.000000 137 1
4200000.000000 238 1
4250000.000000 1 41
4250000.000000 2 11
4250000.000000 3 2
4250000.000000 4 1
4250000.000000 5 1
4250000.000000 7 1
4250000.000000 10 1
4250000.000000 131 1
4250000.000000 138 1
4250000.000000 236 1
4300000.000000 1 48
4300000.000000 2 9
4300000.000000 3 3
4300000.000000 4 2
4300000.000000 7 1
4300000.000000 10 1
4300000.000000 131 1
4300000.000000 137 1
4300000.000000 232 1
4350000.000000 1 46
4350000.000000 2 9
4350000.000000 3 2
4350000.000000 4 2
4350000.000000 5 1
4350000.000000 6 1
4350000.000000 135 1
4350000.000000 139 1
4350000.000000 237 1
4400000.000000 1 35
4400000.000000 2 6
4400000.000000 3 3
4400000.000000 4 1
4400000.000000 5 2
4400000.000000 6 2
4400000.000000 7 1
4400000.000000 8 1
4400000.000000 128 1
4400000.000000 139 1
4400000.000000 236 1
4450000.000000 1 27
4450000.000000 2 9
4450000.000000 3 3
4450000.000000 4 3
4450000.000000 5 3
4450000.000000 6 1
4450000.000000 10 1
4450000.000000 132 1
4450000.000000 137 1
4450000.000000 234 1
4500000.000000 1 38
4500000.000000 2 7
4500000.000000 3 6
4500000.000000 4 1
4500000.000000 5 1
4500000.000000 6 3
4500000.000000 132 1
4500000.000000 137 1
4500000.000000 234 1
4550000.000000 1 38
4550000.000000 2 12
4550000.000000 3 3
4550000.000000 4 1
4550000.000000 5 1
4550000.000000 6 1
4550000.000000 9 1
4550000.000000 133 1
4550000.000000 138 1
4550000.000000 234 1
4600000.000000 1 32
4600000.000000 2 7
4600000.000000 3 2
4600000.000000 4 2
4600000.000000 5 3
4600000.000000 7 1
4600000.000000 8 1
4600000.000000 134 1
4600000.000000 141 1
4600000.000000 235 1
4650000.000000 1 43
4650000.000000 2 11
4650000.000000 3 6
4650000.000000 4 1
4650000.000000 5 1
4650000.000000 7 1
4650000.000000 130 1
4650000.000000 139 1
4650000.000000 232 1
4700000.000000 1 38
4700000.000000 2 11
4700000.000000 3 4
4700000.000000 4 1
4700000.000000 5 2
4700000.000000 6 1
4700000.000000 134 1
4700000.000000 138 1
4700000.000000 236 1
4750000.000000 1 46
4750000.000000 2 13
4750000.000000 3 4
4750000.000000 4 3
4750000.000000 130 1
4750000.000000 140 1
4750000.000000 234 1
4800000.000000 1 43
4800000.000000 2 10
4800000.000000 3 6
4800000.000000 4 3
4800000.000000 132 1
4800000.000000 140 1
4800000.000000 235 1
4850000.000000 1 43
4850000.000000 2 14
4850000.000000 3 5
4850000.000000 7 1
4850000.000000 128 1
4850000.000000 140 1
4850000.000000 239 1
4900000.000000 1 38
4900000.000000 2 14
4900000.000000 3 7
4900000.000000 5 1
4900000.000000 8 1
4900000.000000 124 1
4900000.000000 140 1
4900000.000000 236 1
4950000.000000 1 47
4950000.000000 2 10
4950000.000000 3 5
4950000.000000 5 2
4950000.000000 127 1
4950000.000000 141 1
4950000.000000 240 1
5000000.000000 1 54
5000000.000000 2 9
5000000.000000 3 4
5000000.000000 8 1
5000000.000000 129 1
5000000.000000 141 1
5000000.000000 238 1
5050000.000000 1 59
5050000.000000 2 1
5050000.000000 3 2
5050000.000000 4 2
5050000.000000 5 1
5050000.000000 8 1
5050000.000000 134 1
5050000.000000 140 1
5050000.000000 238 1
5100000.000000 1 59
5100000.000000 2 3
5100000.000000 3 3
5100000.000000 4 1
5100000.000000 7 1
5100000.000000 139 1
5100000.000000 141 1
5100000.000000 235 1
5150000.000000 1 37
5150000.000000 2 4
5150000.000000 3 7
5150000.000000 4 2
5150000.000000 5 1
5150000.000000 8 1
5150000.000000 133 1
5150000.000000 144 1
5150000.000000 236 1
5200000.000000 1 36
5200000.000000 2 10
5200000.000000 3 3
5200000.000000 4 2
5200000.000000 10 1
5200000.000000 135 1
5200000.000000 146 1
5200000.000000 236 1
5250000.000000 1 35
5250000.000000 2 6
5250000.000000 3 1
5250000.000000 4 4
5250000.000000 5 1
5250000.000000 7 1
5250000.000000 140 1
5250000.000000 145 1
5250000.000000 237 1
5300000.000000 1 39
5300000.000000 2 12
5300000.000000 3 7
5300000.000000 5 1
5300000.000000 137 1
5300000.000000 140 1
5300000.000000 234 1
5350000.000000 1 46
5350000.000000 2 7
5350000.000000 3 4
5350000.000000 4 1
5350000.000000 5 1
5350000.000000 6 1
5350000.000000 137 1
5350000.000000 139 1
5350000.000000 237 1
5400000.000000 1 49
5400000.000000 2 8
5400000.000000 3 1
5400000.000000 5 3
5400000.000000 140 1
5400000.000000 141 1
5400000.000000 236 1
5450000.000000 1 48
5450000.000000 2 4
5450000.000000 3 2
5450000.000000 4 3
5450000.000000 6 1
5450000.000000 137 1
5450000.000000 145 1
5450000.000000 238 1
5500000.000000 1 41
5500000.000000 2 9
5500000.000000 3 3
5500000.000000 4 2
5500000.000000 6 1
5500000.000000 140 1
5500000.000000 141 1
5500000.000000 237 1
5550000.000000 1 41
5550000.000000 2 5
5550000.000000 3 7
5550000.000000 4 1
5550000.000000 5 1
5550000.000000 136 1
5550000.000000 141 1
5550000.000000 242 1
5600000.000000 1 29
5600000.000000 2 10
5600000.000000 3 2
5600000.000000 4 2
5600000.000000 5 1
5600000.000000 6 1
5600000.000000 139 1
5600000.000000 140 1
5600000.000000 247 1
5650000.000000 1 34
5650000.000000 2 9
5650000.000000 3 2
5650000.000000 4 2
5650000.000000 5 1
5650000.000000 142 2
5650000.000000 245 1
5700000.000000 1 42
5700000.000000 2 6
5700000.000000 3 3
5700000.000000 4 3
5700000.000000 136 1
5700000.000000 142 1
5700000.000000 247 1
5750000.000000 1 44
5750000.000000 2 3
5750000.000000 3 3
5750000.000000 4 2
5750000.000000 5 1
5750000.000000 140 1
5750000.000000 141 1
5750000.000000 247 1
5800000.000000 1 40
5800000.000000 2 11
5800000.000000 3 3
5800000.000000 4 2
5800000.000000 135 1
5800000.000000 141 1
5800000.000000 245 1
5850000.000000 1 46
5850000.000000 2 8
5850000.000000 3 2
5850000.000000 6 1
5850000.000000 137 1
5850000.000000 140 1
5850000.000000 249 1
5900000.000000 1 32
5900000.000000 2 8
5900000.000000 3 4
5900000.000000 4 1
5900000.000000 8 1
5900000.000000 134 1
5900000.000000 143 1
5900000.000000 251 1
5950000.000000 1 35
5950000.000000 2 8
5950000.000000 3 3
5950000.000000 6 1
5950000.000000 140 1
5950000.000000 144 1
5950000.000000 250 1
6000000.000000 1 47
6000000.000000 2 7
6000000.000000 7 1
6000000.000000 139 1
6000000.000000 145 1
6000000.000000 248 1
6050000.000000 1 35
6050000.000000 2 9
6050000.000000 3 3
6050000.000000 5 1
6050000.000000 142 2
6050000.000000 249 1
6100000.000000 1 45
6100000.000000 2 3
6100000.000000 3 5
6100000.000000 4 1
6100000.000000 138 1
6100000.000000 141 1
6100000.000000 251 1
6150000.000000 1 36
6150000.000000 2 6
6150000.000000 3 4
6150000.000000 4 1
6150000.000000 5 1
6150000.000000 136 1
6150000.000000 143 1
6150000.000000 252 1
6200000.000000 1 33
6200000.000000 2 9
6200000.000000 3 2
6200000.000000 5 1
6200000.000000 140 1
6200000.000000 145 1
6200000.000000 253 1
6250000.000000 1 39
6250000.000000 2 8
6250000.000000 3 1
6250000.000000 4 1
6250000.000000 143 2
6250000.000000 252 1
6300000.000000 1 34
6300000.000000 2 8
6300000.000000 3 2
6300000.000000 4 3
6300000.000000 136 1
6300000.000000 144 1
6300000.000000 252 1
6350000.000000 1 35
6350000.000000 2 10
6350000.000000 3 1
6350000.000000 4 2
6350000.000000 5 1
6350000.000000 138 1
6350000.000000 140 1
6350000.000000 251 1
6400000.000000 1 40
6400000.000000 2 9
6400000.000000 3 2
6400000.000000 4 1
6400000.000000 5 1
6400000.000000 136 1
6400000.000000 138 1
6400000.000000 253 1
6450000.000000 1 42
6450000.000000 2 9
6450000.000000 3 2
6450000.000000 4 2
6450000.000000 136 1
6450000.000000 139 1
6450000.000000 251 1
6500000.000000 1 45
6500000.000000 2 10
6500000.000000 3 1
6500000.000000 4 1
6500000.000000 5 1
6500000.000000 135 1
6500000.000000 136 1
6500000.000000 252 1
6550000.000000 1 38
6550000.000000 2 8
6550000.000000 3 4
6550000.000000 4 1
6550000.000000 5 1
6550000.000000 138 2
6550000.000000 249 1
6600000.000000 1 34
6600000.000000 2 4
6600000.000000 3 4
6600000.000000 4 1
6600000.000000 6 2
6600000.000000 137 1
6600000.000000 138 1
6600000.000000 255 1
6650000.000000 1 40
6650000.000000 2 8
6650000.000000 3 2
6650000.000000 4 1
6650000.000000 7 1
6650000.000000 137 1
6650000.000000 140 1
6650000.000000 250 1
6700000.000000 1 39
6700000.000000 2 4
6700000.000000 3 2
6700000.000000 4 1
6700000.000000 5 1
6700000.000000 6 1
6700000.000000 137 1
6700000.000000 142 1
6700000.000000 253 1
6750000.000000 1 34
6750000.000000 2 9
6750000.000000 3 4
6750000.000000 5 1
6750000.000000 7 1
6750000.000000 133 1
6750000.000000 142 1
6750000.000000 249 1
6800000.000000 1 37
6800000.000000 2 12
6800000.000000 3 1
6800000.000000 4 3
6800000.000000 134 1
6800000.000000 140 1
6800000.000000 250 1
6850000.000000 1 43
6850000.000000 2 8
6850000.000000 3 2
6850000.000000 4 4
6850000.000000 132 1
6850000.000000 137 1
6850000.000000 250 1
6900000.000000 1 42
6900000.000000 2 9
6900000.000000 3 3
6900000.000000 4 1
6900000.000000 5 1
6900000.000000 6 1
6900000.000000 134 1
6900000.000000 136 1
6900000.000000 246 1
6950000.000000 1 35
6950000.000000 2 11
6950000.000000 3 2
6950000.000000 4 2
6950000.000000 5 2
6950000.000000 135 1
6950000.000000 139 1
6950000.000000 245 1
7000000.000000 1 36
7000000.000000 2 10
7000000.000000 3 4
7000000.000000 4 1
7000000.000000 5 1
7000000.000000 7 1
7000000.000000 135 1
7000000.000000 136 1
7000000.000000 245 1
7050000.000000 1 33
7050000.000000 2 10
7050000.000000 3 4
7050000.000000 4 2
7050000.000000 7 2
7050000.000000 134 2
7050000.000000 245 1
7100000.000000 1 31
7100000.000000 2 9
7100000.000000 3 3
7100000.000000 4 4
7100000.000000 7 1
7100000.000000 8 1
7100000.000000 133 1
7100000.000000 134 1
7100000.000000 244 1
7150000.000000 1 41
7150000.000000 2 8
7150000.000000 3 3
7150000.000000 4 1
7150000.000000 7 2
7150000.000000 130 1
7150000.000000 139 1
7150000.000000 247 1
7200000.000000 1 33
7200000.000000 2 12
7200000.000000 3 1
7200000.000000 4 4
7200000.000000 6 1
7200000.000000 132 1
7200000.000000 141 1
7200000.000000 245 1
7250000.000000 1 31
7250000.000000 2 7
7250000.000000 3 3
7250000.000000 4 2
7250000.000000 6 3
7250000.000000 135 1
7250000.000000 140 1
7250000.000000 245 1
7300000.000000 1 41
7300000.000000 2 6
7300000.000000 3 3
7300000.000000 4 2
7300000.000000 5 1
7300000.000000 6 2
7300000.000000 134 1
7300000.000000 135 1
7300000.000000 244 1
7350000.000000 1 31
7350000.000000 2 9
7350000.000000 3 4
7350000.000000 4 3
7350000.000000 6 1
7350000.000000 136 1
7350000.000000 139 1
7350000.000000 246 1
7400000.000000 1 48
7400000.000000 2 10
7400000.000000 3 4
7400000.000000 6 1
7400000.000000 134 1
7400000.000000 138 1
7400000.000000 242 1
7450000.000000 1 46
7450000.000000 2 12
7450000.000000 3 2
7450000.000000 4 1
7450000.000000 5 1
7450000.000000 6 1
7450000.000000 132 1
7450000.000000 133 1
7450000.000000 244 1
7500000.000000 1 36
7500000.000000 2 11
7500000.000000 3 4
7500000.000000 4 1
7500000.000000 5 2
7500000.000000 135 1
7500000.000000 136 1
7500000.000000 245 1
7550000.000000 1 47
7550000.000000 2 12
7550000.000000 3 2
7550000.000000 4 1
7550000.000000 135 1
7550000.000000 141 1
7550000.000000 243 1
7600000.000000 1 36
7600000.000000 2 8
7600000.000000 3 6
7600000.000000 5 2
7600000.000000 137 1
7600000.000000 138 1
7600000.000000 245 1
7650000.000000 1 29
7650000.000000 2 8
7650000.000000 3 4
7650000.000000 4 4
7650000.000000 5 1
7650000.000000 6 1
7650000.000000 135 1
7650000.000000 137 1
7650000.000000 244 1
7700000.000000 1 36
7700000.000000 2 7
7700000.000000 3 5
7700000.000000 6 1
7700000.000000 9 1
7700000.000000 135 1
7700000.000000 139 1
7700000.000000 246 1
7750000.000000 1 33
7750000.000000 2 10
7750000.000000 3 4
7750000.000000 4 1
7750000.000000 6 1
7750000.000000 10 1
7750000.000000 133 1
7750000.000000 137 1
7750000.000000 245 1
7800000.000000 1 41
7800000.000000 2 7
7800000.000000 3 3
7800000.000000 4 1
7800000.000000 9 1
7800000.000000 10 1
7800000.000000 132 1
7800000.000000 138 1
7800000.000000 243 1
7850000.000000 1 35
7850000.000000 2 4
7850000.000000 3 4
7850000.000000 4 2
7850000.000000 6 2
7850000.000000 10 1
7850000.000000 131 1
7850000.000000 140 1
7850000.000000 244 1
7900000.000000 1 41
7900000.000000 2 7
7900000.000000 3 2
7900000.000000 4 2
7900000.000000 7 1
7900000.000000 11 1
7900000.000000 131 1
7900000.000000 139 1
7900000.000000 243 1
7950000.000000 1 40
7950000.000000 2 3
7950000.000000 3 2
7950000.000000 4 2
7950000.000000 5 1
7950000.000000 10 1
7950000.000000 132 1
7950000.000000 148 1
7950000.000000 245 1
8000000.000000 1 39
8000000.000000 2 4
8000000.000000 3 2
8000000.000000 4 4
8000000.000000 6 1
8000000.000000 7 1
8000000.000000 134 1
8000000.000000 141 1
8000000.000000 243 1
8050000.000000 1 44
8050000.000000 2 5
8050000.000000 3 1
8050000.000000 4 1
8050000.000000 5 3
8050000.000000 138 1
8050000.000000 141 1
8050000.000000 245 1
8100000.000000 1 47
8100000.000000 2 10
8100000.000000 3 3
8100000.000000 4 1
8100000.000000 133 1
8100000.000000 141 1
8100000.000000 246 1
8150000.000000 1 45
8150000.000000 2 6
8150000.000000 4 2
8150000.000000 5 1
8150000.000000 134 1
8150000.000000 148 1
8150000.000000 248 1
8200000.000000 1 39
8200000.000000 2 10
8200000.000000 3 1
8200000.000000 4 1
8200000.000000 136 1
8200000.000000 149 1
8200000.000000 249 1
8250000.000000 1 26
8250000.000000 2 9
8250000.000000 3 1
8250000.000000 4 2
8250000.000000 5 1
8250000.000000 142 1
8250000.000000 150 1
8250000.000000 248 1
8300000.000000 1 35
8300000.000000 2 3
8300000.000000 3 3
8300000.000000 4 1
8300000.000000 7 1
8300000.000000 141 1
8300000.000000 151 1
8300000.000000 247 1
8350000.000000 1 31
8350000.000000 2 3
8350000.000000 3 6
8350000.000000 4 2
8350000.000000 137 1
8350000.000000 152 1
8350000.000000 248 1
8400000.000000 1 28
8400000.000000 2 6
8400000.000000 3 3
8400000.000000 5 2
8400000.000000 6 1
8400000.000000 138 1
8400000.000000 151 1
8400000.000000 246 1
8450000.000000 1 32
8450000.000000 2 8
8450000.000000 3 3
8450000.000000 4 2
8450000.000000 6 1
8450000.000000 137 1
8450000.000000 147 1
8450000.000000 245 1
8500000.000000 1 35
8500000.000000 2 8
8500000.000000 4 2
8500000.000000 6 1
8500000.000000 142 1
8500000.000000 147 1
8500000.000000 246 1
8550000.000000 1 28
8550000.000000 2 7
8550000.000000 3 2
8550000.000000 6 1
8550000.000000 9 1
8550000.000000 140 1
8550000.000000 150 1
8550000.000000 247 1
8600000.000000 1 29
8600000.000000 2 5
8600000.000000 3 1
8600000.000000 5 2
8600000.000000 8 1
8600000.000000 141 1
8600000.000000 153 1
8600000.000000 246 1
8650000.000000 1 35
8650000.000000 2 4
8650000.000000 3 2
8650000.000000 4 1
8650000.000000 5 1
8650000.000000 6 1
8650000.000000 141 1
8650000.000000 146 1
8650000.000000 249 1
8700000.000000 1 38
8700000.000000 2 10
8700000.000000 4 1
8700000.000000 5 1
8700000.000000 141 1
8700000.000000 144 1
8700000.000000 248 1
8750000.000000 1 35
8750000.000000 2 5
8750000.000000 3 1
8750000.000000 5 1
8750000.000000 7 1
8750000.000000 142 1
8750000.000000 149 1
8750000.000000 249 1
8800000.000000 1 37
8800000.000000 2 8
8800000.000000 3 1
8800000.000000 4 2
8800000.000000 141 1
8800000.000000 149 1
8800000.000000 246 1
8850000.000000 1 35
8850000.000000 2 6
8850000.000000 3 3
8850000.000000 8 1
8850000.000000 142 1
8850000.000000 148 1
8850000.000000 246 1
8900000.000000 1 35
8900000.000000 2 6
8900000.000000 3 1
8900000.000000 4 1
8900000.000000 9 1
8900000.000000 143 1
8900000.000000 149 1
8900000.000000 245 1
8950000.000000 1 43
8950000.000000 2 3
8950000.000000 3 1
8950000.000000 7 2
8950000.000000 141 1
8950000.000000 148 1
8950000.000000 245 1
9000000.000000 1 42
9000000.000000 2 4
9000000.000000 3 1
9000000.000000 4 1
9000000.000000 5 1
9000000.000000 6 1
9000000.000000 140 1
9000000.000000 150 1
9000000.000000 242 1
9050000.000000 1 39
9050000.000000 2 6
9050000.000000 4 1
9050000.000000 5 1
9050000.000000 7 1
9050000.000000 144 1
9050000.000000 145 1
9050000.000000 244 1
9100000.000000 1 43
9100000.000000 2 5
9100000.000000 3 3
9100000.000000 4 1
9100000.000000 7 1
9100000.000000 142 1
9100000.000000 143 1
9100000.000000 242 1
9150000.000000 1 43
9150000.000000 2 4
9150000.000000 3 1
9150000.000000 4 2
9150000.000000 8 1
9150000.000000 141 1
9150000.000000 143 1
9150000.000000 246 1
9200000.000000 1 39
9200000.000000 2 5
9200000.000000 3 2
9200000.000000 5 2
9200000.000000 7 1
9200000.000000 140 1
9200000.000000 142 1
9200000.000000 246 1
9250000.000000 1 40
9250000.000000 2 6
9250000.000000 3 3
9250000.000000 4 2
9250000.000000 6 1
9250000.000000 140 1
9250000.000000 141 1
9250000.000000 244 1
9300000.000000 1 50
9300000.000000 2 4
9300000.000000 3 3
9300000.000000 142 1
9300000.000000 145 1
9300000.000000 246 1
9350000.000000 1 35
9350000.000000 2 8
9350000.000000 3 4
9350000.000000 4 1
9350000.000000 141 1
9350000.000000 145 1
9350000.000000 247 1
9400000.000000 1 38
9400000.000000 2 5
9400000.000000 3 3
9400000.000000 6 1
9400000.000000 140 1
9400000.000000 142 1
9400000.000000 255 1
9450000.000000 1 35
9450000.000000 2 3
9450000.000000 3 2
9450000.000000 4 1
9450000.000000 6 2
9450000.000000 143 2
9450000.000000 251 1
9500000.000000 1 42
9500000.000000 2 4
9500000.000000 3 1
9500000.000000 7 1
9500000.000000 144 1
9500000.000000 145 1
9500000.000000 251 1
9550000.000000 1 42
9550000.000000 2 6
9550000.000000 3 1
9550000.000000 7 1
9550000.000000 142 1
9550000.000000 144 1
9550000.000000 250 1
9600000.000000 1 37
9600000.000000 2 10
9600000.000000 7 1
9600000.000000 139 1
9600000.000000 145 1
9600000.000000 252 1
9650000.000000 1 45
9650000.000000 2 3
9650000.000000 3 2
9650000.000000 4 1
9650000.000000 5 1
9650000.000000 9 1
9650000.000000 136 1
9650000.000000 138 1
9650000.000000 251 1
9700000.000000 1 45
9700000.000000 2 7
9700000.000000 3 2
9700000.000000 10 1
9700000.000000 136 1
9700000.000000 137 1
9700000.000000 252 1
9750000.000000 1 42
9750000.000000 2 8
9750000.000000 3 2
9750000.000000 4 1
9750000.000000 7 1
9750000.000000 136 1
9750000.000000 138 1
9750000.000000 251 1
9800000.000000 1 48
9800000.000000 2 4
9800000.000000 3 1
9800000.000000 5 1
9800000.000000 7 1
9800000.000000 138 1
9800000.000000 141 1
9800000.000000 250 1
9850000.000000 1 40
9850000.000000 2 8
9850000.000000 3 1
9850000.000000 7 1
9850000.000000 137 1
9850000.000000 144 1
9850000.000000 253 1
9900000.000000 1 50
9900000.000000 2 3
9900000.000000 4 1
9900000.000000 7 1
9900000.000000 140 1
9900000.000000 144 1
9900000.000000 249 1
9950000.000000 1 37
9950000.000000 2 5
9950000.000000 3 2
9950000.000000 4 1
9950000.000000 7 1
9950000.000000 142 1
9950000.000000 144 1
9950000.000000 250 1
10000000.000000 1 31
10000000.000000 2 6
10000000.000000 3 1
10000000.000000 9 1
10000000.000000 142 1
10000000.000000 145 1
10000000.000000 258 1
10050000.000000 1 30
10050000.000000 2 4
10050000.000000 3 1
10050000.000000 4 1
10050000.000000 9 1
10050000.000000 142 1
10050000.000000 148 1
10050000.000000 256 1
10100000.000000 1 39
10100000.000000 2 4
10100000.000000 3 2
10100000.000000 7 1
10100000.000000 140 1
10100000.000000 144 1
10100000.000000 256 1
10150000.000000 1 37
10150000.000000 2 7
10150000.000000 3 1
10150000.000000 4 1
10150000.000000 7 1
10150000.000000 140 1
10150000.000000 143 1
10150000.000000 252 1
10200000.000000 1 40
10200000.000000 2 7
10200000.000000 3 2
10200000.000000 5 1
10200000.000000 140 1
10200000.000000 143 1
10200000.000000 252 1
10250000.000000 1 34
10250000.000000 2 5
10250000.000000 3 3
10250000.000000 7 1
10250000.000000 142 1
10250000.000000 146 1
10250000.000000 252 1
10300000.000000 1 36
10300000.000000 2 3
10300000.000000 3 3
10300000.000000 5 1
10300000.000000 144 1
10300000.000000 148 1
10300000.000000 252 1
10350000.000000 1 33
10350000.000000 2 7
10350000.000000 3 2
10350000.000000 145 1
10350000.000000 150 1
10350000.000000 252 1
10400000.000000 1 40
10400000.000000 2 10
10400000.000000 3 1
10400000.000000 142 1
10400000.000000 146 1
10400000.000000 249 1
10450000.000000 1 37
10450000.000000 2 11
10450000.000000 3 2
10450000.000000 139 1
10450000.000000 143 1
10450000.000000 253 1
10500000.000000 1 41
10500000.000000 2 10
10500000.000000 140 1
10500000.000000 144 1
10500000.000000 255 1
10550000.000000 1 37
10550000.000000 2 10
10550000.000000 3 3
10550000.000000 4 1
10550000.000000 139 1
10550000.000000 144 1
10550000.000000 247 1
10600000.000000 1 34
10600000.000000 2 11
10600000.000000 3 3
10600000.000000 143 1
10600000.000000 144 1
10600000.000000 248 1
10650000.000000 1 34
10650000.000000 2 11
10650000.000000 3 1
10650000.000000 143 1
10650000.000000 145 1
10650000.000000 253 1
10700000.000000 1 37
10700000.000000 2 8
10700000.000000 3 1
10700000.000000 4 1
10700000.000000 144 1
10700000.000000 147 1
10700000.000000 249 1
10750000.000000 1 45
10750000.000000 2 4
10750000.000000 4 2
10750000.000000 146 1
10750000.000000 147 1
10750000.000000 246 1
10800000.000000 1 40
10800000.000000 2 6
10800000.000000 3 2
10800000.000000 4 1
10800000.000000 144 1
10800000.000000 148 1
10800000.000000 246 1
10850000.000000 1 39
10850000.000000 2 7
10850000.000000 3 1
10850000.000000 4 1
10850000.000000 144 1
10850000.000000 148 1
10850000.000000 248 1
10900000.000000 1 43
10900000.000000 2 9
10900000.000000 5 1
10900000.000000 144 1
10900000.000000 146 1
10900000.000000 244 1
10950000.000000 1 39
10950000.000000 2 6
10950000.000000 3 4
10950000.000000 4 1
10950000.000000 6 1
10950000.000000 139 1
10950000.000000 144 1
10950000.000000 244 1
11000000.000000 1 28
11000000.000000 2 5
11000000.000000 3 6
11000000.000000 4 1
11000000.000000 5 1
11000000.000000 142 1
11000000.000000 145 1
11000000.000000 248 1
11050000.000000 1 38
11050000.000000 2 4
11050000.000000 3 4
11050000.000000 4 1
11050000.000000 5 1
11050000.000000 141 1
11050000.000000 146 1
11050000.000000 246 1
11100000.000000 1 44
11100000.000000 2 4
11100000.000000 3 3
11100000.000000 4 1
11100000.000000 137 1
11100000.000000 144 1
11100000.000000 254 1
11150000.000000 1 47
11150000.000000 2 6
11150000.000000 4 1
11150000.000000 143 2
11150000.000000 251 1
11200000.000000 1 40
11200000.000000 2 10
11200000.000000 3 2
11200000.000000 138 1
11200000.000000 145 1
11200000.000000 251 1
11250000.000000 1 46
11250000.000000 2 8
11250000.000000 139 1
11250000.000000 147 1
11250000.000000 252 1
11300000.000000 1 45
11300000.000000 2 9
11300000.000000 138 1
11300000.000000 146 1
11300000.000000 253 1
11350000.000000 1 39
11350000.000000 2 6
11350000.000000 3 3
11350000.000000 140 1
11350000.000000 148 1
11350000.000000 252 1
11400000.000000 1 38
11400000.000000 2 5
11400000.000000 3 2
11400000.000000 139 1
11400000.000000 154 1
11400000.000000 253 1
11450000.000000 1 33
11450000.000000 2 3
11450000.000000 3 4
11450000.000000 141 1
11450000.000000 154 1
11450000.000000 254 1
11500000.000000 1 42
11500000.000000 2 4
11500000.000000 3 2
11500000.000000 5 1
11500000.000000 138 1
11500000.000000 401 1
11550000.000000 1 40
11550000.000000 2 5
11550000.000000 3 2
11550000.000000 140 1
11550000.000000 151 1
11550000.000000 253 1
11600000.000000 1 39
11600000.000000 2 7
11600000.000000 3 1
11600000.000000 4 1
11600000.000000 137 1
11600000.000000 153 1
11600000.000000 250 1
11650000.000000 1 32
11650000.000000 2 8
11650000.000000 3 1
11650000.000000 4 1
11650000.000000 140 1
11650000.000000 151 1
11650000.000000 254 1
11700000.000000 1 42
11700000.000000 2 6
11700000.000000 3 2
11700000.000000 4 1
11700000.000000 136 1
11700000.000000 150 1
11700000.000000 250 1
11750000.000000 1 47
11750000.000000 2 5
11750000.000000 3 1
11750000.000000 137 1
11750000.000000 152 1
11750000.000000 251 1
11800000.000000 1 40
11800000.000000 2 4
11800000.000000 3 2
11800000.000000 4 1
11800000.000000 135 1
11800000.000000 156 1
11800000.000000 251 1
11850000.000000 1 37
11850000.000000 2 9
11850000.000000 3 1
11850000.000000 4 1
11850000.000000 135 1
11850000.000000 403 1
11900000.000000 1 34
11900000.000000 2 7
11900000.000000 4 1
11900000.000000 137 1
11900000.000000 411 1
11950000.000000 1 22
11950000.000000 2 6
11950000.000000 3 4
11950000.000000 4 1
11950000.000000 5 1
11950000.000000 135 1
11950000.000000 155 1
11950000.000000 255 1
12000000.000000 1 27
12000000.000000 2 10
12000000.000000 5 2
12000000.000000 134 1
12000000.000000 409 1
12050000.000000 1 35
12050000.000000 2 7
12050000.000000 4 1
12050000.000000 137 1
12050000.000000 410 1
12100000.000000 1 31
12100000.000000 2 4
12100000.000000 3 1
12100000.000000 5 2
12100000.000000 137 1
12100000.000000 155 1
12100000.000000 256 1
12150000.000000 1 27
12150000.000000 2 6
12150000.000000 3 1
12150000.000000 4 2
12150000.000000 136 1
12150000.000000 155 1
12150000.000000 259 1
12200000.000000 1 37
12200000.000000 2 6
12200000.000000 6 1
12200000.000000 135 1
12200000.000000 410 1
12250000.000000 1 39
12250000.000000 2 5
12250000.000000 3 1
12250000.000000 135 1
12250000.000000 155 1
12250000.000000 258 1
12300000.000000 1 31
12300000.000000 2 7
12300000.000000 3 1
12300000.000000 140 1
12300000.000000 155 1
12300000.000000 257 1
12350000.000000 1 26
12350000.000000 2 9
12350000.000000 3 1
12350000.000000 139 1
12350000.000000 414 1
12400000.000000 1 34
12400000.000000 2 8
12400000.000000 137 1
12400000.000000 413 1
12450000.000000 1 24
12450000.000000 2 8
12450000.000000 4 1
12450000.000000 142 1
12450000.000000 414 1
12500000.000000 1 34
12500000.000000 2 3
12500000.000000 3 1
12500000.000000 4 1
12500000.000000 138 1
12500000.000000 415 1
12550000.000000 1 38
12550000.000000 2 4
12550000.000000 3 2
12550000.000000 136 1
12550000.000000 412 1
12600000.000000 1 39
12600000.000000 2 4
12600000.000000 3 1
12600000.000000 4 1
12600000.000000 133 1
12600000.000000 413 1
12650000.000000 1 44
12650000.000000 2 2
12650000.000000 3 1
12650000.000000 136 1
12650000.000000 413 1
12700000.000000 1 40
12700000.000000 2 3
12700000.000000 137 1
12700000.000000 417 1
12750000.000000 1 33
12750000.000000 2 8
12750000.000000 3 1
12750000.000000 139 1
12750000.000000 409 1
12800000.000000 1 33
12800000.000000 2 7
12800000.000000 3 1
12800000.000000 4 1
12800000.000000 135 1
12800000.000000 411 1
12850000.000000 1 37
12850000.000000 2 7
12850000.000000 3 1
12850000.000000 139 1
12850000.000000 407 1
12900000.000000 1 30
12900000.000000 2 5
12900000.000000 3 1
12900000.000000 143 1
12900000.000000 414 1
12950000.000000 1 34
12950000.000000 2 7
12950000.000000 3 2
12950000.000000 141 1
12950000.000000 405 1
13000000.000000 1 25
13000000.000000 2 9
13000000.000000 3 1
13000000.000000 140 1
13000000.000000 414 1
13050000.000000 1 32
13050000.000000 2 7
13050000.000000 3 1
13050000.000000 139 1
13050000.000000 412 1
13100000.000000 1 27
13100000.000000 2 5
13100000.000000 3 2
13100000.000000 140 1
13100000.000000 417 1
13150000.000000 1 35
13150000.000000 2 2
13150000.000000 5 1
13150000.000000 139 1
13150000.000000 417 1
13200000.000000 1 36
13200000.000000 2 4
13200000.000000 137 1
13200000.000000 419 1
13250000.000000 1 37
13250000.000000 2 4
13250000.000000 3 1
13250000.000000 138 1
13250000.000000 414 1
13300000.000000 1 36
13300000.000000 3 2
13300000.000000 4 1
13300000.000000 142 1
13300000.000000 412 1
13350000.000000 1 29
13350000.000000 2 7
13350000.000000 3 1
13350000.000000 141 1
13350000.000000 413 1
13400000.000000 1 41
13400000.000000 2 3
13400000.000000 3 1
13400000.000000 141 1
13400000.000000 409 1
13450000.000000 1 36
13450000.000000 2 6
13450000.000000 4 1
13450000.000000 142 1
13450000.000000 406 1
13500000.000000 1 41
13500000.000000 2 5
13500000.000000 5 1
13500000.000000 142 1
13500000.000000 402 1
13550000.000000 1 32
13550000.000000 3 2
13550000.000000 4 1
13550000.000000 146 1
13550000.000000 412 1
13600000.000000 1 34
13600000.000000 2 2
13600000.000000 3 1
13600000.000000 4 2
13600000.000000 145 1
13600000.000000 406 1
13650000.000000 1 25
13650000.000000 2 2
13650000.000000 3 2
13650000.000000 4 2
13650000.000000 148 1
13650000.000000 409 1
13700000.000000 1 22
13700000.000000 2 8
13700000.000000 3 3
13700000.000000 145 1
13700000.000000 408 1
13750000.000000 1 32
13750000.000000 2 3
13750000.000000 4 1
13750000.000000 150 1
13750000.000000 408 1
13800000.000000 1 30
13800000.000000 2 5
13800000.000000 3 2
13800000.000000 554 1
13850000.000000 1 29
13850000.000000 2 8
13850000.000000 3 1
13850000.000000 148 1
13850000.000000 404 1
13900000.000000 1 29
13900000.000000 2 2
13900000.000000 3 1
13900000.000000 4 2
13900000.000000 148 1
13900000.000000 408 1
13950000.000000 1 22
13950000.000000 2 5
13950000.000000 3 3
13950000.000000 150 1
13950000.000000 409 1
14000000.000000 1 27
14000000.000000 2 6
14000000.000000 3 1
14000000.000000 150 1
14000000.000000 408 1
14050000.000000 1 30
14050000.000000 2 4
14050000.000000 3 1
14050000.000000 150 1
14050000.000000 409 1
14100000.000000 1 35
14100000.000000 2 4
14100000.000000 3 1
14100000.000000 149 1
14100000.000000 405 1
14150000.000000 1 40
14150000.000000 2 4
14150000.000000 4 1
14150000.000000 145 1
14150000.000000 403 1
14200000.000000 1 41
14200000.000000 2 2
14200000.000000 3 1
14200000.000000 147 1
14200000.000000 405 1
14250000.000000 1 33
14250000.000000 2 6
14250000.000000 5 1
14250000.000000 145 1
14250000.000000 405 1
14300000.000000 1 41
14300000.000000 2 2
14300000.000000 148 1
14300000.000000 407 1
14350000.000000 1 44
14350000.000000 2 4
14350000.000000 145 1
14350000.000000 403 1
14400000.000000 1 32
14400000.000000 2 6
14400000.000000 3 2
14400000.000000 145 1
14400000.000000 405 1
14450000.000000 1 34
14450000.000000 2 4
14450000.000000 3 2
14450000.000000 147 1
14450000.000000 405 1
14500000.000000 1 31
14500000.000000 2 4
14500000.000000 3 1
14500000.000000 4 1
14500000.000000 146 1
14500000.000000 408 1
14550000.000000 1 35
14550000.000000 2 2
14550000.000000 3 1
14550000.000000 4 1
14550000.000000 145 1
14550000.000000 409 1
14600000.000000 1 26
14600000.000000 2 7
14600000.000000 3 1
14600000.000000 4 1
14600000.000000 143 1
14600000.000000 410 1
14650000.000000 1 28
14650000.000000 2 7
14650000.000000 3 1
14650000.000000 144 1
14650000.000000 411 1
14700000.000000 1 33
14700000.000000 2 3
14700000.000000 3 2
14700000.000000 146 1
14700000.000000 409 1
14750000.000000 1 28
14750000.000000 2 5
14750000.000000 3 3
14750000.000000 145 1
14750000.000000 408 1
14800000.000000 1 36
14800000.000000 2 3
14800000.000000 3 3
14800000.000000 143 1
14800000.000000 406 1
14850000.000000 1 37
14850000.000000 2 5
14850000.000000 3 1
14850000.000000 143 1
14850000.000000 407 1
14900000.000000 1 26
14900000.000000 2 6
14900000.000000 3 2
14900000.000000 146 1
14900000.000000 410 1
14950000.000000 1 34
14950000.000000 2 4
14950000.000000 3 2
14950000.000000 146 1
14950000.000000 406 1
15000000.000000 1 37
15000000.000000 2 5
15000000.000000 149 1
15000000.000000 404 1
15050000.000000 1 41
15050000.000000 2 4
15050000.000000 148 1
15050000.000000 403 1
15100000.000000 1 33
15100000.000000 2 7
15100000.000000 149 1
15100000.000000 404 1
15150000.000000 1 36
15150000.000000 2 5
15150000.000000 150 1
15150000.000000 404 1
15200000.000000 1 32
15200000.000000 2 8
15200000.000000 150 1
15200000.000000 402 1
15250000.000000 1 33
15250000.000000 2 7
15250000.000000 149 1
15250000.000000 404 1
15300000.000000 1 31
15300000.000000 2 2
15300000.000000 3 2
15300000.000000 4 1
15300000.000000 149 1
15300000.000000 406 1
15350000.000000 1 33
15350000.000000 2 5
15350000.000000 3 1
15350000.000000 4 1
15350000.000000 148 1
15350000.000000 402 1
15400000.000000 1 32
15400000.000000 2 4
15400000.000000 3 2
15400000.000000 148 1
15400000.000000 406 1
15450000.000000 1 28
15450000.000000 2 6
15450000.000000 3 2
15450000.000000 147 1
15450000.000000 407 1
15500000.000000 1 27
15500000.000000 2 6
15500000.000000 3 2
15500000.000000 147 1
15500000.000000 408 1
15550000.000000 1 29
15550000.000000 2 4
15550000.000000 3 1
15550000.000000 4 1
15550000.000000 145 1
15550000.000000 411 1
15600000.000000 1 31
15600000.000000 2 3
15600000.000000 3 3
15600000.000000 4 1
15600000.000000 144 1
15600000.000000 406 1
15650000.000000 1 31
15650000.000000 2 3
15650000.000000 3 1
15650000.000000 4 1
15650000.000000 5 1
15650000.000000 143 1
15650000.000000 408 1
15700000.000000 1 28
15700000.000000 2 5
15700000.000000 3 1
15700000.000000 5 1
15700000.000000 144 1
15700000.000000 410 1
15750000.000000 1 29
15750000.000000 2 3
15750000.000000 3 2
15750000.000000 4 2
15750000.000000 144 1
15750000.000000 407 1
15800000.000000 1 33
15800000.000000 2 5
15800000.000000 3 1
15800000.000000 4 2
15800000.000000 144 1
15800000.000000 402 1
15850000.000000 1 37
15850000.000000 2 6
15850000.000000 3 2
15850000.000000 143 1
15850000.000000 402 1
15900000.000000 1 27
15900000.000000 2 6
15900000.000000 4 2
15900000.000000 8 1
15900000.000000 143 1
15900000.000000 402 1
15950000.000000 1 25
15950000.000000 2 7
15950000.000000 3 1
15950000.000000 7 1
15950000.000000 150 1
15950000.000000 401 1
16000000.000000 1 33
16000000.000000 2 5
16000000.000000 3 1
16000000.000000 152 1
16000000.000000 402 1
16050000.000000 1 32
16050000.000000 2 4
16050000.000000 3 1
16050000.000000 4 1
16050000.000000 150 1
16050000.000000 403 1
16100000.000000 1 28
16100000.000000 2 4
16100000.000000 3 3
16100000.000000 4 1
16100000.000000 151 1
16100000.000000 400 1
16150000.000000 1 23
16150000.000000 2 4
16150000.000000 3 4
16150000.000000 150 1
16150000.000000 407 1
16200000.000000 1 34
16200000.000000 2 5
16200000.000000 3 1
16200000.000000 149 1
16200000.000000 404 1
16250000.000000 1 23
16250000.000000 2 6
16250000.000000 3 2
16250000.000000 152 1
16250000.000000 407 1
16300000.000000 1 36
16300000.000000 2 5
16300000.000000 3 2
16300000.000000 151 1
16300000.000000 397 1
16350000.000000 1 35
16350000.000000 2 4
16350000.000000 3 1
16350000.000000 155 1
16350000.000000 399 1
16400000.000000 1 30
16400000.000000 2 3
16400000.000000 3 2
16400000.000000 156 1
16400000.000000 402 1
16450000.000000 1 30
16450000.000000 2 6
16450000.000000 3 1
16450000.000000 155 1
16450000.000000 400 1
16500000.000000 1 34
16500000.000000 2 6
16500000.000000 156 1
16500000.000000 398 1
16550000.000000 1 32
16550000.000000 2 4
16550000.000000 3 1
16550000.000000 156 1
16550000.000000 401 1
16600000.000000 1 27
16600000.000000 2 7
16600000.000000 4 1
16600000.000000 155 1
16600000.000000 400 1
16650000.000000 1 32
16650000.000000 2 3
16650000.000000 3 3
16650000.000000 158 1
16650000.000000 395 1
16700000.000000 1 31
16700000.000000 2 3
16700000.000000 3 2
16700000.000000 157 1
16700000.000000 400 1
16750000.000000 1 29
16750000.000000 2 6
16750000.000000 3 1
16750000.000000 157 1
16750000.000000 399 1
16800000.000000 1 23
16800000.000000 2 4
16800000.000000 4 1
16800000.000000 5 1
16800000.000000 159 1
16800000.000000 401 1
16850000.000000 1 30
16850000.000000 2 5
16850000.000000 160 1
16850000.000000 400 1
16900000.000000 1 28
16900000.000000 2 3
16900000.000000 3 1
16900000.000000 160 1
16900000.000000 403 1
16950000.000000 1 27
16950000.000000 2 5
16950000.000000 3 1
16950000.000000 160 1
16950000.000000 400 1
17000000.000000 1 31
17000000.000000 2 6
17000000.000000 160 1
17000000.000000 397 1
17050000.000000 1 26
17050000.000000 2 6
17050000.000000 3 1
17050000.000000 559 1
17100000.000000 1 27
17100000.000000 2 3
17100000.000000 3 3
17100000.000000 161 1
17100000.000000 397 1
17150000.000000 1 29
17150000.000000 2 2
17150000.000000 3 2
17150000.000000 4 1
17150000.000000 159 1
17150000.000000 398 1
17200000.000000 1 33
17200000.000000 2 2
17200000.000000 4 1
17200000.000000 5 1
17200000.000000 157 1
17200000.000000 397 1
17250000.000000 1 30
17250000.000000 2 4
17250000.000000 3 1
17250000.000000 4 1
17250000.000000 158 1
17250000.000000 397 1
17300000.000000 1 36
17300000.000000 2 2
17300000.000000 3 1
17300000.000000 5 1
17300000.000000 157 1
17300000.000000 395 1
17350000.000000 1 31
17350000.000000 2 3
17350000.000000 4 1
17350000.000000 6 1
17350000.000000 157 1
17350000.000000 396 1
17400000.000000 1 36
17400000.000000 2 1
17400000.000000 3 1
17400000.000000 8 1
17400000.000000 159 1
17400000.000000 392 1
17450000.000000 1 35
17450000.000000 2 5
17450000.000000 3 1
17450000.000000 157 1
17450000.000000 395 1
17500000.000000 1 35
17500000.000000 2 4
17500000.000000 4 1
17500000.000000 156 1
17500000.000000 397 1
17550000.000000 1 37
17550000.000000 2 2
17550000.000000 3 1
17550000.000000 5 1
17550000.000000 155 1
17550000.000000 396 1
17600000.000000 1 35
17600000.000000 2 8
17600000.000000 4 1
17600000.000000 152 1
17600000.000000 393 1
17650000.000000 1 27
17650000.000000 2 7
17650000.000000 3 1
17650000.000000 6 1
17650000.000000 154 1
17650000.000000 396 1
17700000.000000 1 29
17700000.000000 2 5
17700000.000000 4 1
17700000.000000 7 1
17700000.000000 154 1
17700000.000000 396 1
17750000.000000 1 33
17750000.000000 2 3
17750000.000000 4 1
17750000.000000 6 1
17750000.000000 156 1
17750000.000000 395 1
17800000.000000 1 24
17800000.000000 2 9
17800000.000000 5 1
17800000.000000 154 1
17800000.000000 399 1
17850000.000000 1 28
17850000.000000 2 4
17850000.000000 3 2
17850000.000000 5 1
17850000.000000 155 1
17850000.000000 398 1
17900000.000000 1 32
17900000.000000 2 6
17900000.000000 4 1
17900000.000000 155 1
17900000.000000 397 1
17950000.000000 1 25
17950000.000000 2 4
17950000.000000 3 1
17950000.000000 4 1
17950000.000000 158 1
17950000.000000 402 1
18000000.000000 1 35
18000000.000000 2 3
18000000.000000 3 1
18000000.000000 156 1
18000000.000000 400 1
18050000.000000 1 28
18050000.000000 2 8
18050000.000000 4 1
18050000.000000 155 1
18050000.000000 397 1
18100000.000000 1 37
18100000.000000 2 2
18100000.000000 3 2
18100000.000000 4 1
18100000.000000 151 1
18100000.000000 398 1
18150000.000000 1 24
18150000.000000 2 9
18150000.000000 3 1
18150000.000000 4 1
18150000.000000 150 1
18150000.000000 401 1
18200000.000000 1 31
18200000.000000 2 5
18200000.000000 3 1
18200000.000000 4 2
18200000.000000 148 1
18200000.000000 400 1
18250000.000000 1 34
18250000.000000 2 6
18250000.000000 3 1
18250000.000000 153 1
18250000.000000 398 1
18300000.000000 1 30
18300000.000000 2 3
18300000.000000 3 1
18300000.000000 4 1
18300000.000000 154 1
18300000.000000 403 1
18350000.000000 1 29
18350000.000000 2 2
18350000.000000 3 2
18350000.000000 154 1
18350000.000000 407 1
18400000.000000 1 35
18400000.000000 2 3
18400000.000000 3 1
18400000.000000 4 1
18400000.000000 7 1
18400000.000000 147 1
18400000.000000 398 1
18450000.000000 1 33
18450000.000000 2 3
18450000.000000 3 3
18450000.000000 552 1
18500000.000000 1 27
18500000.000000 2 6
18500000.000000 5 1
18500000.000000 154 1
18500000.000000 402 1
18550000.000000 1 31
18550000.000000 2 4
18550000.000000 4 1
18550000.000000 157 1
18550000.000000 400 1
18600000.000000 1 29
18600000.000000 2 3
18600000.000000 3 1
18600000.000000 5 1
18600000.000000 158 1
18600000.000000 399 1
18650000.000000 1 34
18650000.000000 2 2
18650000.000000 3 1
18650000.000000 5 1
18650000.000000 154 1
18650000.000000 400 1
18700000.000000 1 32
18700000.000000 2 6
18700000.000000 5 1
18700000.000000 151 1
18700000.000000 400 1
18750000.000000 1 36
18750000.000000 2 4
18750000.000000 5 1
18750000.000000 154 1
18750000.000000 397 1
18800000.000000 1 41
18800000.000000 2 2
18800000.000000 5 1
18800000.000000 154 1
18800000.000000 396 1
18850000.000000 1 33
18850000.000000 2 4
18850000.000000 5 1
18850000.000000 156 1
18850000.000000 398 1
18900000.000000 1 37
18900000.000000 2 5
18900000.000000 3 1
18900000.000000 151 1
18900000.000000 399 1
18950000.000000 1 37
18950000.000000 2 5
18950000.000000 154 1
18950000.000000 399 1
19000000.000000 1 35
19000000.000000 2 5
19000000.000000 153 1
19000000.000000 402 1
19050000.000000 1 35
19050000.000000 2 7
19050000.000000 3 1
19050000.000000 157 1
19050000.000000 391 1
19100000.000000 1 29
19100000.000000 2 8
19100000.000000 3 2
19100000.000000 155 1
19100000.000000 394 1
19150000.000000 1 34
19150000.000000 2 6
19150000.000000 3 1
19150000.000000 4 2
19150000.000000 151 1
19150000.000000 392 1
19200000.000000 1 32
19200000.000000 2 7
19200000.000000 3 1
19200000.000000 5 1
19200000.000000 152 1
19200000.000000 394 1
19250000.000000 1 35
19250000.000000 2 3
19250000.000000 3 2
19250000.000000 5 1
19250000.000000 155 1
19250000.000000 393 1
19300000.000000 1 33
19300000.000000 2 7
19300000.000000 3 1
19300000.000000 4 1
19300000.000000 154 1
19300000.000000 392 1
19350000.000000 1 32
19350000.000000 2 9
19350000.000000 3 1
19350000.000000 547 1
19400000.000000 1 26
19400000.000000 2 12
19400000.000000 3 2
19400000.000000 150 1
19400000.000000 394 1
19450000.000000 1 34
19450000.000000 2 9
19450000.000000 3 2
19450000.000000 148 1
19450000.000000 394 1
19500000.000000 1 40
19500000.000000 2 5
19500000.000000 3 3
19500000.000000 147 1
19500000.000000 394 1
19550000.000000 1 42
19550000.000000 2 8
19550000.000000 3 1
19550000.000000 147 1
19550000.000000 392 1
19600000.000000 1 42
19600000.000000 2 6
19600000.000000 3 2
19600000.000000 149 1
19600000.000000 391 1
19650000.000000 1 23
19650000.000000 2 14
19650000.000000 3 1
19650000.000000 4 2
19650000.000000 148 1
19650000.000000 390 1
19700000.000000 1 34
19700000.000000 2 8
19700000.000000 3 2
19700000.000000 4 1
19700000.000000 147 1
19700000.000000 393 1
19750000.000000 1 32
19750000.000000 2 6
19750000.000000 3 3
19750000.000000 4 2
19750000.000000 149 1
19750000.000000 390 1
19800000.000000 1 40
19800000.000000 2 8
19800000.000000 4 1
19800000.000000 149 1
19800000.000000 391 1
19850000.000000 1 38
19850000.000000 2 7
19850000.000000 4 1
19850000.000000 150 1
19850000.000000 394 1
19900000.000000 1 44
19900000.000000 2 6
19900000.000000 3 1
19900000.000000 147 1
19900000.000000 394 1
19950000.000000 1 39
19950000.000000 2 4
19950000.000000 3 1
19950000.000000 4 1
19950000.000000 148 1
19950000.000000 398 1
20000000.000000 1 40
20000000.000000 2 5
20000000.000000 3 1
20000000.000000 150 1
20000000.000000 397 1
