# time largest_cluster_fraction_percent
50000.000000 85.1666666667
100000.000000 84.6666666667
150000.000000 83.8333333333
200000.000000 36.8333333333
250000.000000 36.5000000000
300000.000000 37.6666666667
350000.000000 37.6666666667
400000.000000 36.1666666667
450000.000000 36.6666666667
500000.000000 36.8333333333
550000.000000 36.8333333333
600000.000000 37.1666666667
650000.000000 37.0000000000
700000.000000 37.0000000000
750000.000000 37.1666666667
800000.000000 37.3333333333
850000.000000 37.3333333333
900000.000000 37.3333333333
950000.000000 46.8333333333
1000000.000000 37.5000000000
1050000.000000 37.8333333333
1100000.000000 40.5000000000
1150000.000000 38.6666666667
1200000.000000 38.6666666667
1250000.000000 38.1666666667
1300000.000000 37.5000000000
1350000.000000 38.0000000000
1400000.000000 38.1666666667
1450000.000000 38.1666666667
1500000.000000 38.3333333333
1550000.000000 38.3333333333
1600000.000000 38.5000000000
1650000.000000 38.1666666667
1700000.000000 38.1666666667
1750000.000000 37.6666666667
1800000.000000 39.0000000000
1850000.000000 38.3333333333
1900000.000000 38.3333333333
1950000.000000 38.8333333333
2000000.000000 38.8333333333
2050000.000000 39.0000000000
2100000.000000 38.8333333333
2150000.000000 38.6666666667
2200000.000000 38.6666666667
2250000.000000 38.6666666667
2300000.000000 38.8333333333
2350000.000000 38.0000000000
2400000.000000 38.3333333333
2450000.000000 37.8333333333
2500000.000000 38.0000000000
2550000.000000 38.0000000000
2600000.000000 39.5000000000
2650000.000000 39.6666666667
2700000.000000 39.3333333333
2750000.000000 38.8333333333
2800000.000000 39.0000000000
2850000.000000 39.0000000000
2900000.000000 39.1666666667
2950000.000000 39.3333333333
3000000.000000 39.1666666667
3050000.000000 40.3333333333
3100000.000000 40.3333333333
3150000.000000 40.0000000000
3200000.000000 39.6666666667
3250000.000000 43.5000000000
3300000.000000 39.8333333333
3350000.000000 39.6666666667
3400000.000000 39.6666666667
3450000.000000 40.0000000000
3500000.000000 40.1666666667
3550000.000000 40.0000000000
3600000.000000 39.6666666667
3650000.000000 39.6666666667
3700000.000000 40.0000000000
3750000.000000 40.0000000000
3800000.000000 40.1666666667
3850000.000000 40.0000000000
3900000.000000 39.3333333333
3950000.000000 39.8333333333
4000000.000000 39.6666666667
4050000.000000 40.0000000000
4100000.000000 39.8333333333
4150000.000000 39.6666666667
4200000.000000 39.6666666667
4250000.000000 39.3333333333
4300000.000000 38.6666666667
4350000.000000 39.5000000000
4400000.000000 39.3333333333
4450000.000000 39.0000000000
4500000.000000 39.0000000000
4550000.000000 39.0000000000
4600000.000000 39.1666666667
4650000.000000 38.6666666667
4700000.000000 39.3333333333
4750000.000000 39.0000000000
4800000.000000 39.1666666667
4850000.000000 39.8333333333
4900000.000000 39.3333333333
4950000.000000 40.0000000000
5000000.000000 39.6666666667
5050000.000000 39.6666666667
5100000.000000 39.1666666667
5150000.000000 39.3333333333
5200000.000000 39.3333333333
5250000.000000 39.5000000000
5300000.000000 39.0000000000
5350000.000000 39.5000000000
5400000.000000 39.3333333333
5450000.000000 39.6666666667
5500000.000000 39.5000000000
5550000.000000 40.3333333333
5600000.000000 41.1666666667
5650000.000000 40.8333333333
5700000.000000 41.1666666667
5750000.000000 41.1666666667
5800000.000000 40.8333333333
5850000.000000 41.5000000000
5900000.000000 41.8333333333
5950000.000000 41.6666666667
6000000.000000 41.3333333333
6050000.000000 41.5000000000
6100000.000000 41.8333333333
6150000.000000 42.0000000000
6200000.000000 42.1666666667
6250000.000000 42.0000000000
6300000.000000 42.0000000000
6350000.000000 41.8333333333
6400000.000000 42.1666666667
6450000.000000 41.8333333333
6500000.000000 42.0000000000
6550000.000000 41.5000000000
6600000.000000 42.5000000000
6650000.000000 41.6666666667
6700000.000000 42.1666666667
6750000.000000 41.5000000000
6800000.000000 41.6666666667
6850000.000000 41.6666666667
6900000.000000 41.0000000000
6950000.000000 40.8333333333
7000000.000000 40.8333333333
7050000.000000 40.8333333333
7100000.000000 40.6666666667
7150000.000000 41.1666666667
7200000.000000 40.8333333333
7250000.000000 40.8333333333
7300000.000000 40.6666666667
7350000.000000 41.0000000000
7400000.000000 40.3333333333
7450000.000000 40.6666666667
7500000.000000 40.8333333333
7550000.000000 40.5000000000
7600000.000000 40.8333333333
7650000.000000 40.6666666667
7700000.000000 41.0000000000
7750000.000000 40.8333333333
7800000.000000 40.5000000000
7850000.000000 40.6666666667
7900000.000000 40.5000000000
7950000.000000 40.8333333333
8000000.000000 40.5000000000
8050000.000000 40.8333333333
8100000.000000 41.0000000000
8150000.000000 41.3333333333
8200000.000000 41.5000000000
8250000.000000 41.3333333333
8300000.000000 41.1666666667
8350000.000000 41.3333333333
8400000.000000 41.0000000000
8450000.000000 40.8333333333
8500000.000000 41.0000000000
8550000.000000 41.1666666667
8600000.000000 41.0000000000
8650000.000000 41.5000000000
8700000.000000 41.3333333333
8750000.000000 41.5000000000
8800000.000000 41.0000000000
8850000.000000 41.0000000000
8900000.000000 40.8333333333
8950000.000000 40.8333333333
9000000.000000 40.3333333333
9050000.000000 40.6666666667
9100000.000000 40.3333333333
9150000.000000 41.0000000000
9200000.000000 41.0000000000
9250000.000000 40.6666666667
9300000.000000 41.0000000000
9350000.000000 41.1666666667
9400000.000000 42.5000000000
9450000.000000 41.8333333333
9500000.000000 41.8333333333
9550000.000000 41.6666666667
9600000.000000 42.0000000000
9650000.000000 41.8333333333
9700000.000000 42.0000000000
9750000.000000 41.8333333333
9800000.000000 41.6666666667
9850000.000000 42.1666666667
9900000.000000 41.5000000000
9950000.000000 41.6666666667
10000000.000000 43.0000000000
10050000.000000 42.6666666667
10100000.000000 42.6666666667
10150000.000000 42.0000000000
10200000.000000 42.0000000000
10250000.000000 42.0000000000
10300000.000000 42.0000000000
10350000.000000 42.0000000000
10400000.000000 41.5000000000
10450000.000000 42.1666666667
10500000.000000 42.5000000000
10550000.000000 41.1666666667
10600000.000000 41.3333333333
10650000.000000 42.1666666667
10700000.000000 41.5000000000
10750000.000000 41.0000000000
10800000.000000 41.0000000000
10850000.000000 41.3333333333
10900000.000000 40.6666666667
10950000.000000 40.6666666667
11000000.000000 41.3333333333
11050000.000000 41.0000000000
11100000.000000 42.3333333333
11150000.000000 41.8333333333
11200000.000000 41.8333333333
11250000.000000 42.0000000000
11300000.000000 42.1666666667
11350000.000000 42.0000000000
11400000.000000 42.1666666667
11450000.000000 42.3333333333
11500000.000000 66.8333333333
11550000.000000 42.1666666667
11600000.000000 41.6666666667
11650000.000000 42.3333333333
11700000.000000 41.6666666667
11750000.000000 41.8333333333
11800000.000000 41.8333333333
11850000.000000 67.1666666667
11900000.000000 68.5000000000
11950000.000000 42.5000000000
12000000.000000 68.1666666667
12050000.000000 68.3333333333
12100000.000000 42.6666666667
12150000.000000 43.1666666667
12200000.000000 68.3333333333
12250000.000000 43.0000000000
12300000.000000 42.8333333333
12350000.000000 69.0000000000
12400000.000000 68.8333333333
12450000.000000 69.0000000000
12500000.000000 69.1666666667
12550000.000000 68.6666666667
12600000.000000 68.8333333333
12650000.000000 68.8333333333
12700000.000000 69.5000000000
12750000.000000 68.1666666667
12800000.000000 68.5000000000
12850000.000000 67.8333333333
12900000.000000 69.0000000000
12950000.000000 67.5000000000
13000000.000000 69.0000000000
13050000.000000 68.6666666667
13100000.000000 69.5000000000
13150000.000000 69.5000000000
13200000.000000 69.8333333333
13250000.000000 69.0000000000
13300000.000000 68.6666666667
13350000.000000 68.8333333333
13400000.000000 68.1666666667
13450000.000000 67.6666666667
13500000.000000 67.0000000000
13550000.000000 68.6666666667
13600000.000000 67.6666666667
13650000.000000 68.1666666667
13700000.000000 68.0000000000
13750000.000000 68.0000000000
13800000.000000 92.3333333333
13850000.000000 67.3333333333
13900000.000000 68.0000000000
13950000.000000 68.1666666667
14000000.000000 68.0000000000
14050000.000000 68.1666666667
14100000.000000 67.5000000000
14150000.000000 67.1666666667
14200000.000000 67.5000000000
14250000.000000 67.5000000000
14300000.000000 67.8333333333
14350000.000000 67.1666666667
14400000.000000 67.5000000000
14450000.000000 67.5000000000
14500000.000000 68.0000000000
14550000.000000 68.1666666667
14600000.000000 68.3333333333
14650000.000000 68.5000000000
14700000.000000 68.1666666667
14750000.000000 68.0000000000
14800000.000000 67.6666666667
14850000.000000 67.8333333333
14900000.000000 68.3333333333
14950000.000000 67.6666666667
15000000.000000 67.3333333333
15050000.000000 67.1666666667
15100000.000000 67.3333333333
15150000.000000 67.3333333333
15200000.000000 67.0000000000
15250000.000000 67.3333333333
15300000.000000 67.6666666667
15350000.000000 67.0000000000
15400000.000000 67.6666666667
15450000.000000 67.8333333333
15500000.000000 68.0000000000
15550000.000000 68.5000000000
15600000.000000 67.6666666667
15650000.000000 68.0000000000
15700000.000000 68.3333333333
15750000.000000 67.8333333333
15800000.000000 67.0000000000
15850000.000000 67.0000000000
15900000.000000 67.0000000000
15950000.000000 66.8333333333
16000000.000000 67.0000000000
16050000.000000 67.1666666667
16100000.000000 66.6666666667
16150000.000000 67.8333333333
16200000.000000 67.3333333333
16250000.000000 67.8333333333
16300000.000000 66.1666666667
16350000.000000 66.5000000000
16400000.000000 67.0000000000
16450000.000000 66.6666666667
16500000.000000 66.3333333333
16550000.000000 66.8333333333
16600000.000000 66.6666666667
16650000.000000 65.8333333333
16700000.000000 66.6666666667
16750000.000000 66.5000000000
16800000.000000 66.8333333333
16850000.000000 66.6666666667
16900000.000000 67.1666666667
16950000.000000 66.6666666667
17000000.000000 66.1666666667
17050000.000000 93.1666666667
17100000.000000 66.1666666667
17150000.000000 66.3333333333
17200000.000000 66.1666666667
17250000.000000 66.1666666667
17300000.000000 65.8333333333
17350000.000000 66.0000000000
17400000.000000 65.3333333333
17450000.000000 65.8333333333
17500000.000000 66.1666666667
17550000.000000 66.0000000000
17600000.000000 65.5000000000
17650000.000000 66.0000000000
17700000.000000 66.0000000000
17750000.000000 65.8333333333
17800000.000000 66.5000000000
17850000.000000 66.3333333333
17900000.000000 66.1666666667
17950000.000000 67.0000000000
18000000.000000 66.6666666667
18050000.000000 66.1666666667
18100000.000000 66.3333333333
18150000.000000 66.8333333333
18200000.000000 66.6666666667
18250000.000000 66.3333333333
18300000.000000 67.1666666667
18350000.000000 67.8333333333
18400000.000000 66.3333333333
18450000.000000 92.0000000000
18500000.000000 67.0000000000
18550000.000000 66.6666666667
18600000.000000 66.5000000000
18650000.000000 66.6666666667
18700000.000000 66.6666666667
18750000.000000 66.1666666667
18800000.000000 66.0000000000
18850000.000000 66.3333333333
18900000.000000 66.5000000000
18950000.000000 66.5000000000
19000000.000000 67.0000000000
19050000.000000 65.1666666667
19100000.000000 65.6666666667
19150000.000000 65.3333333333
19200000.000000 65.6666666667
19250000.000000 65.5000000000
19300000.000000 65.3333333333
19350000.000000 91.1666666667
19400000.000000 65.6666666667
19450000.000000 65.6666666667
19500000.000000 65.6666666667
19550000.000000 65.3333333333
19600000.000000 65.1666666667
19650000.000000 65.0000000000
19700000.000000 65.5000000000
19750000.000000 65.0000000000
19800000.000000 65.1666666667
19850000.000000 65.6666666667
19900000.000000 65.6666666667
19950000.000000 66.3333333333
20000000.000000 66.1666666667
