# time cluster_size count
50000.000000 1 3
50000.000000 2 2
50000.000000 6 1
50000.000000 108 1
50000.000000 479 1
100000.000000 1 17
100000.000000 2 3
100000.000000 5 1
100000.000000 51 1
100000.000000 54 1
100000.000000 65 1
100000.000000 402 1
150000.000000 1 12
150000.000000 2 2
150000.000000 3 2
150000.000000 5 1
150000.000000 50 1
150000.000000 54 1
150000.000000 106 1
150000.000000 363 1
200000.000000 1 24
200000.000000 2 1
200000.000000 5 1
200000.000000 46 1
200000.000000 55 1
200000.000000 107 1
200000.000000 361 1
250000.000000 1 19
250000.000000 2 2
250000.000000 3 2
250000.000000 4 1
250000.000000 48 1
250000.000000 58 1
250000.000000 106 1
250000.000000 355 1
300000.000000 1 25
300000.000000 2 5
300000.000000 4 1
300000.000000 11 1
300000.000000 35 1
300000.000000 59 1
300000.000000 76 1
300000.000000 105 1
300000.000000 275 1
350000.000000 1 30
350000.000000 2 1
350000.000000 3 1
350000.000000 12 1
350000.000000 35 1
350000.000000 59 1
350000.000000 76 1
350000.000000 105 1
350000.000000 278 1
400000.000000 1 23
400000.000000 2 1
400000.000000 60 1
400000.000000 107 1
400000.000000 129 1
400000.000000 279 1
450000.000000 1 35
450000.000000 2 3
450000.000000 13 1
450000.000000 33 1
450000.000000 57 1
450000.000000 75 1
450000.000000 106 1
450000.000000 275 1
500000.000000 1 27
500000.000000 2 4
500000.000000 13 1
500000.000000 30 1
500000.000000 61 1
500000.000000 77 1
500000.000000 105 1
500000.000000 279 1
550000.000000 1 29
550000.000000 2 3
550000.000000 3 1
550000.000000 14 1
550000.000000 32 1
550000.000000 62 1
550000.000000 77 1
550000.000000 104 1
550000.000000 273 1
600000.000000 1 28
600000.000000 2 6
600000.000000 13 1
600000.000000 37 1
600000.000000 60 1
600000.000000 74 1
600000.000000 104 1
600000.000000 272 1
650000.000000 1 26
650000.000000 2 4
650000.000000 13 1
650000.000000 40 1
650000.000000 60 1
650000.000000 74 1
650000.000000 104 1
650000.000000 275 1
700000.000000 1 29
700000.000000 2 2
700000.000000 8 1
700000.000000 13 1
700000.000000 39 1
700000.000000 59 1
700000.000000 73 1
700000.000000 96 1
700000.000000 279 1
750000.000000 1 28
750000.000000 2 3
750000.000000 3 2
750000.000000 12 1
750000.000000 37 1
750000.000000 59 1
750000.000000 71 1
750000.000000 381 1
800000.000000 1 29
800000.000000 2 1
800000.000000 3 2
800000.000000 4 1
800000.000000 10 1
800000.000000 39 1
800000.000000 58 1
800000.000000 72 1
800000.000000 96 1
800000.000000 284 1
850000.000000 1 28
850000.000000 2 1
850000.000000 3 2
850000.000000 4 1
850000.000000 12 1
850000.000000 72 1
850000.000000 96 1
850000.000000 99 1
850000.000000 281 1
900000.000000 1 29
900000.000000 2 4
900000.000000 3 1
900000.000000 5 1
900000.000000 12 1
900000.000000 40 1
900000.000000 59 1
900000.000000 71 1
900000.000000 90 1
900000.000000 283 1
950000.000000 1 37
950000.000000 2 2
950000.000000 42 1
950000.000000 82 1
950000.000000 95 1
950000.000000 340 1
1000000.000000 1 40
1000000.000000 2 3
1000000.000000 3 1
1000000.000000 4 1
1000000.000000 38 1
1000000.000000 58 1
1000000.000000 82 1
1000000.000000 92 1
1000000.000000 277 1
1050000.000000 1 36
1050000.000000 2 6
1050000.000000 3 1
1050000.000000 4 1
1050000.000000 14 1
1050000.000000 38 1
1050000.000000 54 1
1050000.000000 71 1
1050000.000000 90 1
1050000.000000 278 1
1100000.000000 1 31
1100000.000000 2 5
1100000.000000 41 1
1100000.000000 59 1
1100000.000000 85 1
1100000.000000 94 1
1100000.000000 280 1
1150000.000000 1 45
1150000.000000 2 7
1150000.000000 36 1
1150000.000000 55 1
1150000.000000 80 1
1150000.000000 370 1
1200000.000000 1 31
1200000.000000 2 5
1200000.000000 3 3
1200000.000000 4 1
1200000.000000 40 1
1200000.000000 55 1
1200000.000000 83 1
1200000.000000 90 1
1200000.000000 278 1
1250000.000000 1 30
1250000.000000 2 6
1250000.000000 4 1
1250000.000000 50 1
1250000.000000 78 1
1250000.000000 90 1
1250000.000000 336 1
1300000.000000 1 29
1300000.000000 2 6
1300000.000000 3 3
1300000.000000 7 1
1300000.000000 39 1
1300000.000000 58 1
1300000.000000 79 1
1300000.000000 90 1
1300000.000000 277 1
1350000.000000 1 33
1350000.000000 2 4
1350000.000000 3 1
1350000.000000 4 1
1350000.000000 5 1
1350000.000000 39 1
1350000.000000 56 1
1350000.000000 81 1
1350000.000000 91 1
1350000.000000 280 1
1400000.000000 1 35
1400000.000000 2 2
1400000.000000 3 4
1400000.000000 5 1
1400000.000000 39 1
1400000.000000 59 1
1400000.000000 80 1
1400000.000000 366 1
1450000.000000 1 35
1450000.000000 2 4
1450000.000000 3 3
1450000.000000 6 1
1450000.000000 38 1
1450000.000000 58 1
1450000.000000 82 1
1450000.000000 364 1
1500000.000000 1 37
1500000.000000 2 4
1500000.000000 8 1
1500000.000000 40 1
1500000.000000 58 1
1500000.000000 82 1
1500000.000000 367 1
1550000.000000 1 39
1550000.000000 2 5
1550000.000000 4 1
1550000.000000 7 1
1550000.000000 33 1
1550000.000000 37 1
1550000.000000 56 1
1550000.000000 84 1
1550000.000000 330 1
1600000.000000 1 34
1600000.000000 2 8
1600000.000000 8 1
1600000.000000 33 1
1600000.000000 38 1
1600000.000000 58 1
1600000.000000 80 1
1600000.000000 333 1
1650000.000000 1 30
1650000.000000 2 6
1650000.000000 3 3
1650000.000000 7 1
1650000.000000 36 1
1650000.000000 58 1
1650000.000000 80 1
1650000.000000 368 1
1700000.000000 1 35
1700000.000000 2 3
1700000.000000 4 2
1700000.000000 8 1
1700000.000000 37 1
1700000.000000 55 1
1700000.000000 84 1
1700000.000000 367 1
1750000.000000 1 40
1750000.000000 2 5
1750000.000000 3 1
1750000.000000 4 1
1750000.000000 10 1
1750000.000000 32 1
1750000.000000 57 1
1750000.000000 80 1
1750000.000000 364 1
1800000.000000 1 25
1800000.000000 2 6
1800000.000000 3 2
1800000.000000 4 1
1800000.000000 6 1
1800000.000000 8 1
1800000.000000 34 1
1800000.000000 57 1
1800000.000000 82 1
1800000.000000 366 1
1850000.000000 1 39
1850000.000000 2 6
1850000.000000 4 2
1850000.000000 8 1
1850000.000000 34 1
1850000.000000 53 1
1850000.000000 82 1
1850000.000000 364 1
1900000.000000 1 27
1900000.000000 2 10
1900000.000000 3 2
1900000.000000 4 1
1900000.000000 9 1
1900000.000000 35 1
1900000.000000 58 1
1900000.000000 82 1
1900000.000000 359 1
1950000.000000 1 38
1950000.000000 2 5
1950000.000000 5 1
1950000.000000 6 1
1950000.000000 42 1
1950000.000000 138 1
1950000.000000 361 1
2000000.000000 1 29
2000000.000000 2 4
2000000.000000 3 2
2000000.000000 5 2
2000000.000000 6 1
2000000.000000 36 1
2000000.000000 505 1
2050000.000000 1 36
2050000.000000 2 4
2050000.000000 3 4
2050000.000000 4 1
2050000.000000 5 2
2050000.000000 33 1
2050000.000000 57 1
2050000.000000 82 1
2050000.000000 358 1
2100000.000000 1 34
2100000.000000 2 5
2100000.000000 3 1
2100000.000000 4 2
2100000.000000 5 1
2100000.000000 37 1
2100000.000000 59 1
2100000.000000 80 1
2100000.000000 364 1
2150000.000000 1 30
2150000.000000 2 5
2150000.000000 3 4
2150000.000000 4 1
2150000.000000 41 1
2150000.000000 57 1
2150000.000000 82 1
2150000.000000 364 1
2200000.000000 1 34
2200000.000000 2 7
2200000.000000 3 1
2200000.000000 41 1
2200000.000000 63 1
2200000.000000 80 1
2200000.000000 365 1
2250000.000000 1 30
2250000.000000 2 7
2250000.000000 3 3
2250000.000000 4 1
2250000.000000 38 1
2250000.000000 59 1
2250000.000000 82 1
2250000.000000 364 1
2300000.000000 1 34
2300000.000000 2 6
2300000.000000 3 3
2300000.000000 41 1
2300000.000000 58 1
2300000.000000 79 1
2300000.000000 367 1
2350000.000000 1 35
2350000.000000 2 6
2350000.000000 3 3
2350000.000000 5 1
2350000.000000 39 1
2350000.000000 59 1
2350000.000000 78 1
2350000.000000 363 1
2400000.000000 1 33
2400000.000000 2 4
2400000.000000 3 2
2400000.000000 4 2
2400000.000000 5 1
2400000.000000 6 1
2400000.000000 36 1
2400000.000000 59 1
2400000.000000 77 1
2400000.000000 362 1
2450000.000000 1 42
2450000.000000 2 5
2450000.000000 3 2
2450000.000000 40 1
2450000.000000 59 1
2450000.000000 81 1
2450000.000000 362 1
2500000.000000 1 44
2500000.000000 2 8
2500000.000000 7 1
2500000.000000 33 1
2500000.000000 59 1
2500000.000000 80 1
2500000.000000 361 1
2550000.000000 1 32
2550000.000000 2 8
2550000.000000 3 2
2550000.000000 8 1
2550000.000000 37 1
2550000.000000 60 1
2550000.000000 81 1
2550000.000000 360 1
2600000.000000 1 26
2600000.000000 2 9
2600000.000000 3 3
2600000.000000 4 2
2600000.000000 8 1
2600000.000000 31 1
2600000.000000 62 1
2600000.000000 80 1
2600000.000000 358 1
2650000.000000 1 33
2650000.000000 2 9
2650000.000000 3 2
2650000.000000 4 1
2650000.000000 7 1
2650000.000000 32 1
2650000.000000 61 1
2650000.000000 80 1
2650000.000000 359 1
2700000.000000 1 42
2700000.000000 2 3
2700000.000000 3 1
2700000.000000 4 1
2700000.000000 34 1
2700000.000000 62 1
2700000.000000 81 1
2700000.000000 368 1
2750000.000000 1 41
2750000.000000 2 8
2750000.000000 5 1
2750000.000000 36 1
2750000.000000 61 1
2750000.000000 77 1
2750000.000000 364 1
2800000.000000 1 38
2800000.000000 2 10
2800000.000000 3 3
2800000.000000 4 1
2800000.000000 30 1
2800000.000000 58 1
2800000.000000 80 1
2800000.000000 361 1
2850000.000000 1 38
2850000.000000 2 8
2850000.000000 37 1
2850000.000000 59 1
2850000.000000 80 1
2850000.000000 370 1
2900000.000000 1 29
2900000.000000 2 6
2900000.000000 3 4
2900000.000000 4 2
2900000.000000 37 1
2900000.000000 60 1
2900000.000000 80 1
2900000.000000 362 1
2950000.000000 1 37
2950000.000000 2 7
2950000.000000 3 2
2950000.000000 4 1
2950000.000000 34 1
2950000.000000 60 1
2950000.000000 81 1
2950000.000000 364 1
3000000.000000 1 42
3000000.000000 2 4
3000000.000000 4 2
3000000.000000 5 1
3000000.000000 34 1
3000000.000000 61 1
3000000.000000 81 1
3000000.000000 361 1
3050000.000000 1 38
3050000.000000 2 7
3050000.000000 3 3
3050000.000000 5 1
3050000.000000 34 1
3050000.000000 59 1
3050000.000000 81 1
3050000.000000 360 1
3100000.000000 1 39
3100000.000000 2 4
3100000.000000 3 4
3100000.000000 5 1
3100000.000000 33 1
3100000.000000 58 1
3100000.000000 82 1
3100000.000000 363 1
3150000.000000 1 39
3150000.000000 2 8
3150000.000000 3 1
3150000.000000 4 1
3150000.000000 5 1
3150000.000000 31 1
3150000.000000 57 1
3150000.000000 84 1
3150000.000000 361 1
3200000.000000 1 40
3200000.000000 2 7
3200000.000000 4 2
3200000.000000 35 1
3200000.000000 57 1
3200000.000000 83 1
3200000.000000 363 1
3250000.000000 1 39
3250000.000000 2 8
3250000.000000 3 2
3250000.000000 34 1
3250000.000000 58 1
3250000.000000 82 1
3250000.000000 365 1
3300000.000000 1 36
3300000.000000 2 7
3300000.000000 39 1
3300000.000000 61 1
3300000.000000 83 1
3300000.000000 367 1
3350000.000000 1 33
3350000.000000 2 4
3350000.000000 3 2
3350000.000000 4 1
3350000.000000 40 1
3350000.000000 59 1
3350000.000000 80 1
3350000.000000 370 1
3400000.000000 1 36
3400000.000000 2 6
3400000.000000 3 2
3400000.000000 38 1
3400000.000000 59 1
3400000.000000 82 1
3400000.000000 367 1
3450000.000000 1 47
3450000.000000 2 2
3450000.000000 3 3
3450000.000000 58 1
3450000.000000 121 1
3450000.000000 361 1
3500000.000000 1 33
3500000.000000 2 9
3500000.000000 3 1
3500000.000000 45 1
3500000.000000 55 1
3500000.000000 81 1
3500000.000000 365 1
3550000.000000 1 40
3550000.000000 2 5
3550000.000000 3 2
3550000.000000 38 1
3550000.000000 55 1
3550000.000000 82 1
3550000.000000 369 1
3600000.000000 1 43
3600000.000000 2 6
3600000.000000 4 1
3600000.000000 54 1
3600000.000000 120 1
3600000.000000 367 1
3650000.000000 1 38
3650000.000000 2 3
3650000.000000 3 2
3650000.000000 54 1
3650000.000000 128 1
3650000.000000 368 1
3700000.000000 1 36
3700000.000000 2 5
3700000.000000 3 2
3700000.000000 57 1
3700000.000000 123 1
3700000.000000 368 1
3750000.000000 1 35
3750000.000000 2 2
3750000.000000 3 3
3750000.000000 4 1
3750000.000000 56 1
3750000.000000 124 1
3750000.000000 368 1
3800000.000000 1 36
3800000.000000 2 6
3800000.000000 3 1
3800000.000000 4 1
3800000.000000 7 1
3800000.000000 54 1
3800000.000000 118 1
3800000.000000 366 1
3850000.000000 1 36
3850000.000000 2 6
3850000.000000 3 1
3850000.000000 5 1
3850000.000000 8 1
3850000.000000 32 1
3850000.000000 56 1
3850000.000000 83 1
3850000.000000 365 1
3900000.000000 1 37
3900000.000000 2 2
3900000.000000 3 2
3900000.000000 4 1
3900000.000000 6 1
3900000.000000 58 1
3900000.000000 119 1
3900000.000000 366 1
3950000.000000 1 34
3950000.000000 2 2
3950000.000000 3 2
3950000.000000 4 2
3950000.000000 5 1
3950000.000000 57 1
3950000.000000 122 1
3950000.000000 364 1
4000000.000000 1 35
4000000.000000 2 3
4000000.000000 3 2
4000000.000000 4 1
4000000.000000 6 1
4000000.000000 52 1
4000000.000000 124 1
4000000.000000 367 1
4050000.000000 1 36
4050000.000000 2 4
4050000.000000 3 2
4050000.000000 5 1
4050000.000000 6 1
4050000.000000 53 1
4050000.000000 118 1
4050000.000000 368 1
4100000.000000 1 39
4100000.000000 2 8
4100000.000000 3 3
4100000.000000 5 1
4100000.000000 53 1
4100000.000000 115 1
4100000.000000 363 1
4150000.000000 1 35
4150000.000000 2 6
4150000.000000 3 2
4150000.000000 4 2
4150000.000000 5 1
4150000.000000 52 1
4150000.000000 115 1
4150000.000000 367 1
4200000.000000 1 39
4200000.000000 2 4
4200000.000000 3 7
4200000.000000 4 1
4200000.000000 50 1
4200000.000000 115 1
4200000.000000 363 1
4250000.000000 1 35
4250000.000000 2 9
4250000.000000 3 4
4250000.000000 4 2
4250000.000000 50 1
4250000.000000 117 1
4250000.000000 360 1
4300000.000000 1 42
4300000.000000 2 12
4300000.000000 3 3
4300000.000000 49 1
4300000.000000 113 1
4300000.000000 363 1
4350000.000000 1 37
4350000.000000 2 11
4350000.000000 3 3
4350000.000000 48 1
4350000.000000 123 1
4350000.000000 361 1
4400000.000000 1 41
4400000.000000 2 10
4400000.000000 3 3
4400000.000000 50 1
4400000.000000 117 1
4400000.000000 363 1
4450000.000000 1 43
4450000.000000 2 7
4450000.000000 3 2
4450000.000000 4 2
4450000.000000 52 1
4450000.000000 119 1
4450000.000000 358 1
4500000.000000 1 34
4500000.000000 2 12
4500000.000000 3 4
4500000.000000 4 1
4500000.000000 48 1
4500000.000000 117 1
4500000.000000 361 1
4550000.000000 1 36
4550000.000000 2 11
4550000.000000 3 4
4550000.000000 4 1
4550000.000000 51 1
4550000.000000 119 1
4550000.000000 356 1
4600000.000000 1 42
4600000.000000 2 9
4600000.000000 3 2
4600000.000000 5 1
4600000.000000 52 1
4600000.000000 118 1
4600000.000000 359 1
4650000.000000 1 42
4650000.000000 2 7
4650000.000000 3 3
4650000.000000 4 1
4650000.000000 52 1
4650000.000000 119 1
4650000.000000 360 1
4700000.000000 1 41
4700000.000000 2 8
4700000.000000 3 3
4700000.000000 5 1
4700000.000000 172 1
4700000.000000 357 1
4750000.000000 1 51
4750000.000000 2 5
4750000.000000 52 1
4750000.000000 123 1
4750000.000000 364 1
4800000.000000 1 38
4800000.000000 2 9
4800000.000000 52 1
4800000.000000 121 1
4800000.000000 371 1
4850000.000000 1 29
4850000.000000 2 5
4850000.000000 3 4
4850000.000000 5 1
4850000.000000 6 1
4850000.000000 55 1
4850000.000000 122 1
4850000.000000 361 1
4900000.000000 1 34
4900000.000000 2 8
4900000.000000 3 1
4900000.000000 4 2
4900000.000000 55 1
4900000.000000 118 1
4900000.000000 366 1
4950000.000000 1 41
4950000.000000 2 5
4950000.000000 3 1
4950000.000000 6 1
4950000.000000 57 1
4950000.000000 118 1
4950000.000000 365 1
5000000.000000 1 33
5000000.000000 2 6
5000000.000000 4 2
5000000.000000 5 1
5000000.000000 174 1
5000000.000000 368 1
5050000.000000 1 27
5050000.000000 2 7
5050000.000000 3 4
5050000.000000 5 1
5050000.000000 57 1
5050000.000000 118 1
5050000.000000 367 1
5100000.000000 1 28
5100000.000000 2 5
5100000.000000 3 5
5100000.000000 4 1
5100000.000000 177 1
5100000.000000 366 1
5150000.000000 1 41
5150000.000000 2 6
5150000.000000 3 3
5150000.000000 52 1
5150000.000000 120 1
5150000.000000 366 1
5200000.000000 1 51
5200000.000000 2 6
5200000.000000 3 2
5200000.000000 48 1
5200000.000000 118 1
5200000.000000 365 1
5250000.000000 1 42
5250000.000000 2 4
5250000.000000 3 4
5250000.000000 4 1
5250000.000000 52 1
5250000.000000 120 1
5250000.000000 362 1
5300000.000000 1 38
5300000.000000 2 8
5300000.000000 3 2
5300000.000000 4 1
5300000.000000 49 1
5300000.000000 118 1
5300000.000000 369 1
5350000.000000 1 39
5350000.000000 2 7
5350000.000000 3 4
5350000.000000 51 1
5350000.000000 118 1
5350000.000000 366 1
5400000.000000 1 31
5400000.000000 2 3
5400000.000000 3 5
5400000.000000 4 3
5400000.000000 51 1
5400000.000000 118 1
5400000.000000 367 1
5450000.000000 1 37
5450000.000000 2 6
5450000.000000 3 1
5450000.000000 4 3
5450000.000000 5 1
5450000.000000 50 1
5450000.000000 116 1
5450000.000000 365 1
5500000.000000 1 24
5500000.000000 2 14
5500000.000000 3 3
5500000.000000 4 3
5500000.000000 6 1
5500000.000000 45 1
5500000.000000 117 1
5500000.000000 359 1
5550000.000000 1 33
5550000.000000 2 9
5550000.000000 3 5
5550000.000000 4 1
5550000.000000 48 1
5550000.000000 121 1
5550000.000000 361 1
5600000.000000 1 34
5600000.000000 2 11
5600000.000000 3 3
5600000.000000 5 1
5600000.000000 9 1
5600000.000000 43 1
5600000.000000 121 1
5600000.000000 357 1
5650000.000000 1 37
5650000.000000 2 6
5650000.000000 3 1
5650000.000000 4 4
5650000.000000 5 1
5650000.000000 7 1
5650000.000000 42 1
5650000.000000 121 1
5650000.000000 357 1
5700000.000000 1 38
5700000.000000 2 4
5700000.000000 3 4
5700000.000000 4 2
5700000.000000 6 1
5700000.000000 47 1
5700000.000000 124 1
5700000.000000 357 1
5750000.000000 1 40
5750000.000000 2 5
5750000.000000 3 3
5750000.000000 4 1
5750000.000000 6 2
5750000.000000 44 1
5750000.000000 120 1
5750000.000000 361 1
5800000.000000 1 39
5800000.000000 2 10
5800000.000000 3 2
5800000.000000 5 1
5800000.000000 7 1
5800000.000000 45 1
5800000.000000 116 1
5800000.000000 362 1
5850000.000000 1 42
5850000.000000 2 6
5850000.000000 3 3
5850000.000000 5 1
5850000.000000 167 1
5850000.000000 365 1
5900000.000000 1 53
5900000.000000 2 7
5900000.000000 3 2
5900000.000000 4 1
5900000.000000 42 1
5900000.000000 119 1
5900000.000000 362 1
5950000.000000 1 47
5950000.000000 2 6
5950000.000000 3 4
5950000.000000 4 1
5950000.000000 39 1
5950000.000000 121 1
5950000.000000 365 1
6000000.000000 1 37
6000000.000000 2 10
6000000.000000 3 4
6000000.000000 4 2
6000000.000000 41 1
6000000.000000 121 1
6000000.000000 361 1
6050000.000000 1 42
6050000.000000 2 10
6050000.000000 3 3
6050000.000000 5 1
6050000.000000 117 1
6050000.000000 407 1
6100000.000000 1 31
6100000.000000 2 12
6100000.000000 3 2
6100000.000000 4 3
6100000.000000 120 1
6100000.000000 407 1
6150000.000000 1 49
6150000.000000 2 9
6150000.000000 3 1
6150000.000000 5 2
6150000.000000 41 1
6150000.000000 116 1
6150000.000000 363 1
6200000.000000 1 40
6200000.000000 2 7
6200000.000000 3 1
6200000.000000 4 3
6200000.000000 6 1
6200000.000000 41 1
6200000.000000 118 1
6200000.000000 366 1
6250000.000000 1 43
6250000.000000 2 5
6250000.000000 3 4
6250000.000000 4 2
6250000.000000 38 1
6250000.000000 118 1
6250000.000000 371 1
6300000.000000 1 47
6300000.000000 2 6
6300000.000000 3 2
6300000.000000 5 2
6300000.000000 40 1
6300000.000000 119 1
6300000.000000 366 1
6350000.000000 1 47
6350000.000000 2 9
6350000.000000 4 1
6350000.000000 5 1
6350000.000000 6 1
6350000.000000 119 1
6350000.000000 401 1
6400000.000000 1 50
6400000.000000 2 8
6400000.000000 3 1
6400000.000000 4 3
6400000.000000 29 1
6400000.000000 124 1
6400000.000000 366 1
6450000.000000 1 50
6450000.000000 2 9
6450000.000000 3 1
6450000.000000 36 1
6450000.000000 123 1
6450000.000000 370 1
6500000.000000 1 44
6500000.000000 2 5
6500000.000000 3 3
6500000.000000 5 2
6500000.000000 33 1
6500000.000000 121 1
6500000.000000 373 1
6550000.000000 1 38
6550000.000000 2 5
6550000.000000 3 3
6550000.000000 4 1
6550000.000000 6 1
6550000.000000 33 1
6550000.000000 120 1
6550000.000000 380 1
6600000.000000 1 37
6600000.000000 2 8
6600000.000000 3 1
6600000.000000 4 4
6600000.000000 5 1
6600000.000000 30 1
6600000.000000 120 1
6600000.000000 373 1
6650000.000000 1 50
6650000.000000 2 7
6650000.000000 3 2
6650000.000000 4 2
6650000.000000 29 1
6650000.000000 120 1
6650000.000000 373 1
6700000.000000 1 50
6700000.000000 2 5
6700000.000000 3 2
6700000.000000 7 1
6700000.000000 33 1
6700000.000000 121 1
6700000.000000 373 1
6750000.000000 1 41
6750000.000000 2 6
6750000.000000 3 5
6750000.000000 4 1
6750000.000000 5 1
6750000.000000 33 1
6750000.000000 119 1
6750000.000000 371 1
6800000.000000 1 36
6800000.000000 2 8
6800000.000000 3 4
6800000.000000 4 1
6800000.000000 34 1
6800000.000000 126 1
6800000.000000 372 1
6850000.000000 1 42
6850000.000000 2 9
6850000.000000 3 2
6850000.000000 4 2
6850000.000000 36 1
6850000.000000 120 1
6850000.000000 370 1
6900000.000000 1 44
6900000.000000 2 11
6900000.000000 3 1
6900000.000000 4 1
6900000.000000 5 1
6900000.000000 153 1
6900000.000000 369 1
6950000.000000 1 44
6950000.000000 2 3
6950000.000000 3 4
6950000.000000 4 1
6950000.000000 160 1
6950000.000000 374 1
7000000.000000 1 44
7000000.000000 2 7
7000000.000000 3 4
7000000.000000 4 1
7000000.000000 27 1
7000000.000000 125 1
7000000.000000 374 1
7050000.000000 1 32
7050000.000000 2 7
7050000.000000 3 3
7050000.000000 4 1
7050000.000000 33 1
7050000.000000 127 1
7050000.000000 381 1
7100000.000000 1 29
7100000.000000 2 6
7100000.000000 3 5
7100000.000000 4 1
7100000.000000 5 1
7100000.000000 32 1
7100000.000000 125 1
7100000.000000 378 1
7150000.000000 1 43
7150000.000000 2 5
7150000.000000 3 4
7150000.000000 33 1
7150000.000000 123 1
7150000.000000 379 1
7200000.000000 1 32
7200000.000000 2 9
7200000.000000 3 5
7200000.000000 32 1
7200000.000000 125 1
7200000.000000 378 1
7250000.000000 1 32
7250000.000000 2 8
7250000.000000 3 5
7250000.000000 31 1
7250000.000000 127 1
7250000.000000 379 1
7300000.000000 1 41
7300000.000000 2 7
7300000.000000 3 1
7300000.000000 32 1
7300000.000000 127 1
7300000.000000 383 1
7350000.000000 1 36
7350000.000000 2 12
7350000.000000 34 1
7350000.000000 128 1
7350000.000000 378 1
7400000.000000 1 35
7400000.000000 2 8
7400000.000000 3 3
7400000.000000 31 1
7400000.000000 130 1
7400000.000000 379 1
7450000.000000 1 37
7450000.000000 2 3
7450000.000000 3 4
7450000.000000 4 1
7450000.000000 5 1
7450000.000000 31 1
7450000.000000 125 1
7450000.000000 380 1
7500000.000000 1 35
7500000.000000 2 3
7500000.000000 3 4
7500000.000000 4 2
7500000.000000 126 1
7500000.000000 413 1
7550000.000000 1 34
7550000.000000 2 5
7550000.000000 3 1
7550000.000000 4 1
7550000.000000 5 1
7550000.000000 37 1
7550000.000000 125 1
7550000.000000 382 1
7600000.000000 1 32
7600000.000000 2 5
7600000.000000 3 5
7600000.000000 5 1
7600000.000000 37 1
7600000.000000 124 1
7600000.000000 377 1
7650000.000000 1 34
7650000.000000 2 2
7650000.000000 3 6
7650000.000000 36 1
7650000.000000 128 1
7650000.000000 380 1
7700000.000000 1 32
7700000.000000 2 8
7700000.000000 3 1
7700000.000000 4 1
7700000.000000 35 1
7700000.000000 130 1
7700000.000000 380 1
7750000.000000 1 36
7750000.000000 2 6
7750000.000000 3 2
7750000.000000 34 1
7750000.000000 130 1
7750000.000000 382 1
7800000.000000 1 43
7800000.000000 2 6
7800000.000000 3 2
7800000.000000 31 1
7800000.000000 128 1
7800000.000000 380 1
7850000.000000 1 41
7850000.000000 2 6
7850000.000000 3 3
7850000.000000 130 1
7850000.000000 408 1
7900000.000000 1 36
7900000.000000 2 10
7900000.000000 3 2
7900000.000000 32 1
7900000.000000 128 1
7900000.000000 378 1
7950000.000000 1 33
7950000.000000 2 4
7950000.000000 3 2
7950000.000000 5 1
7950000.000000 7 1
7950000.000000 31 1
7950000.000000 129 1
7950000.000000 381 1
8000000.000000 1 34
8000000.000000 2 6
8000000.000000 3 1
8000000.000000 5 2
8000000.000000 130 1
8000000.000000 411 1
8050000.000000 1 31
8050000.000000 2 4
8050000.000000 3 2
8050000.000000 4 1
8050000.000000 6 1
8050000.000000 28 1
8050000.000000 133 1
8050000.000000 384 1
8100000.000000 1 40
8100000.000000 2 6
8100000.000000 3 1
8100000.000000 4 1
8100000.000000 30 1
8100000.000000 131 1
8100000.000000 380 1
8150000.000000 1 41
8150000.000000 2 1
8150000.000000 3 2
8150000.000000 4 1
8150000.000000 5 1
8150000.000000 28 1
8150000.000000 131 1
8150000.000000 383 1
8200000.000000 1 35
8200000.000000 2 6
8200000.000000 3 3
8200000.000000 4 1
8200000.000000 23 1
8200000.000000 133 1
8200000.000000 384 1
8250000.000000 1 34
8250000.000000 2 7
8250000.000000 3 3
8250000.000000 28 1
8250000.000000 128 1
8250000.000000 387 1
8300000.000000 1 35
8300000.000000 2 8
8300000.000000 3 3
8300000.000000 4 1
8300000.000000 127 1
8300000.000000 409 1
8350000.000000 1 35
8350000.000000 2 7
8350000.000000 5 3
8350000.000000 128 1
8350000.000000 408 1
8400000.000000 1 33
8400000.000000 2 6
8400000.000000 3 3
8400000.000000 5 2
8400000.000000 22 1
8400000.000000 127 1
8400000.000000 387 1
8450000.000000 1 39
8450000.000000 2 7
8450000.000000 3 1
8450000.000000 4 3
8450000.000000 5 1
8450000.000000 126 1
8450000.000000 401 1
8500000.000000 1 44
8500000.000000 2 7
8500000.000000 3 1
8500000.000000 4 1
8500000.000000 22 1
8500000.000000 127 1
8500000.000000 386 1
8550000.000000 1 41
8550000.000000 2 10
8550000.000000 4 2
8550000.000000 5 1
8550000.000000 12 1
8550000.000000 129 1
8550000.000000 385 1
8600000.000000 1 44
8600000.000000 2 9
8600000.000000 3 1
8600000.000000 5 1
8600000.000000 15 1
8600000.000000 128 1
8600000.000000 387 1
8650000.000000 1 38
8650000.000000 2 10
8650000.000000 3 1
8650000.000000 4 1
8650000.000000 8 1
8650000.000000 9 1
8650000.000000 129 1
8650000.000000 389 1
8700000.000000 1 40
8700000.000000 2 5
8700000.000000 3 1
8700000.000000 4 1
8700000.000000 6 1
8700000.000000 16 1
8700000.000000 132 1
8700000.000000 389 1
8750000.000000 1 36
8750000.000000 2 9
8750000.000000 3 3
8750000.000000 8 1
8750000.000000 11 1
8750000.000000 130 1
8750000.000000 388 1
8800000.000000 1 37
8800000.000000 2 6
8800000.000000 3 3
8800000.000000 5 1
8800000.000000 9 1
8800000.000000 10 1
8800000.000000 132 1
8800000.000000 386 1
8850000.000000 1 43
8850000.000000 2 6
8850000.000000 3 3
8850000.000000 10 1
8850000.000000 134 1
8850000.000000 392 1
8900000.000000 1 40
8900000.000000 2 9
8900000.000000 3 2
8900000.000000 6 1
8900000.000000 130 1
8900000.000000 400 1
8950000.000000 1 43
8950000.000000 2 6
8950000.000000 3 3
8950000.000000 4 2
8950000.000000 128 1
8950000.000000 400 1
9000000.000000 1 30
9000000.000000 2 13
9000000.000000 3 1
9000000.000000 4 1
9000000.000000 10 1
9000000.000000 130 1
9000000.000000 397 1
9050000.000000 1 41
9050000.000000 2 11
9050000.000000 3 3
9050000.000000 4 1
9050000.000000 131 1
9050000.000000 393 1
9100000.000000 1 41
9100000.000000 2 16
9100000.000000 3 2
9100000.000000 130 1
9100000.000000 391 1
9150000.000000 1 40
9150000.000000 2 1
9150000.000000 3 4
9150000.000000 4 1
9150000.000000 6 1
9150000.000000 140 1
9150000.000000 396 1
9200000.000000 1 37
9200000.000000 2 2
9200000.000000 3 2
9200000.000000 4 4
9200000.000000 5 1
9200000.000000 7 1
9200000.000000 134 1
9200000.000000 391 1
9250000.000000 1 38
9250000.000000 2 3
9250000.000000 3 3
9250000.000000 4 2
9250000.000000 10 1
9250000.000000 135 1
9250000.000000 394 1
9300000.000000 1 43
9300000.000000 2 8
9300000.000000 3 1
9300000.000000 4 1
9300000.000000 7 1
9300000.000000 135 1
9300000.000000 392 1
9350000.000000 1 41
9350000.000000 2 4
9350000.000000 3 2
9350000.000000 4 2
9350000.000000 7 1
9350000.000000 136 1
9350000.000000 394 1
9400000.000000 1 40
9400000.000000 2 5
9400000.000000 3 2
9400000.000000 4 2
9400000.000000 138 1
9400000.000000 398 1
9450000.000000 1 39
9450000.000000 2 7
9450000.000000 3 1
9450000.000000 4 1
9450000.000000 6 1
9450000.000000 137 1
9450000.000000 397 1
9500000.000000 1 43
9500000.000000 2 2
9500000.000000 3 5
9500000.000000 4 1
9500000.000000 139 1
9500000.000000 395 1
9550000.000000 1 45
9550000.000000 2 7
9550000.000000 4 1
9550000.000000 5 1
9550000.000000 136 1
9550000.000000 396 1
9600000.000000 1 40
9600000.000000 2 9
9600000.000000 3 3
9600000.000000 139 1
9600000.000000 394 1
9650000.000000 1 41
9650000.000000 2 5
9650000.000000 3 3
9650000.000000 4 1
9650000.000000 12 1
9650000.000000 130 1
9650000.000000 394 1
9700000.000000 1 37
9700000.000000 2 4
9700000.000000 3 1
9700000.000000 4 3
9700000.000000 141 1
9700000.000000 399 1
9750000.000000 1 41
9750000.000000 2 5
9750000.000000 3 1
9750000.000000 5 1
9750000.000000 6 1
9750000.000000 140 1
9750000.000000 395 1
9800000.000000 1 36
9800000.000000 2 6
9800000.000000 3 1
9800000.000000 4 1
9800000.000000 5 2
9800000.000000 136 1
9800000.000000 399 1
9850000.000000 1 32
9850000.000000 2 6
9850000.000000 3 2
9850000.000000 4 2
9850000.000000 141 1
9850000.000000 401 1
9900000.000000 1 34
9900000.000000 2 3
9900000.000000 3 2
9900000.000000 4 1
9900000.000000 144 1
9900000.000000 406 1
9950000.000000 1 29
9950000.000000 2 7
9950000.000000 3 2
9950000.000000 4 1
9950000.000000 5 1
9950000.000000 142 1
9950000.000000 400 1
10000000.000000 1 37
10000000.000000 2 7
10000000.000000 5 1
10000000.000000 142 1
10000000.000000 402 1
10050000.000000 1 27
10050000.000000 2 8
10050000.000000 3 3
10050000.000000 4 1
10050000.000000 141 1
10050000.000000 403 1
10100000.000000 1 36
10100000.000000 2 4
10100000.000000 3 2
10100000.000000 4 2
10100000.000000 5 1
10100000.000000 139 1
10100000.000000 398 1
10150000.000000 1 30
10150000.000000 2 6
10150000.000000 3 2
10150000.000000 4 1
10150000.000000 5 2
10150000.000000 138 1
10150000.000000 400 1
10200000.000000 1 26
10200000.000000 2 11
10200000.000000 3 2
10200000.000000 5 2
10200000.000000 137 1
10200000.000000 399 1
10250000.000000 1 29
10250000.000000 2 6
10250000.000000 3 1
10250000.000000 4 2
10250000.000000 6 1
10250000.000000 140 1
10250000.000000 402 1
10300000.000000 1 34
10300000.000000 2 5
10300000.000000 4 2
10300000.000000 5 2
10300000.000000 136 1
10300000.000000 402 1
10350000.000000 1 35
10350000.000000 2 10
10350000.000000 3 1
10350000.000000 4 1
10350000.000000 5 1
10350000.000000 136 1
10350000.000000 397 1
10400000.000000 1 37
10400000.000000 2 6
10400000.000000 3 1
10400000.000000 4 1
10400000.000000 6 1
10400000.000000 136 1
10400000.000000 402 1
10450000.000000 1 31
10450000.000000 2 10
10450000.000000 3 2
10450000.000000 8 1
10450000.000000 133 1
10450000.000000 402 1
10500000.000000 1 38
10500000.000000 2 8
10500000.000000 3 1
10500000.000000 4 1
10500000.000000 5 1
10500000.000000 6 1
10500000.000000 133 1
10500000.000000 395 1
10550000.000000 1 37
10550000.000000 2 7
10550000.000000 5 2
10550000.000000 6 1
10550000.000000 137 1
10550000.000000 396 1
10600000.000000 1 39
10600000.000000 2 8
10600000.000000 4 1
10600000.000000 8 1
10600000.000000 136 1
10600000.000000 397 1
10650000.000000 1 38
10650000.000000 2 6
10650000.000000 3 1
10650000.000000 4 2
10650000.000000 137 1
10650000.000000 402 1
10700000.000000 1 41
10700000.000000 2 8
10700000.000000 3 1
10700000.000000 139 1
10700000.000000 401 1
10750000.000000 1 41
10750000.000000 2 6
10750000.000000 3 1
10750000.000000 141 1
10750000.000000 403 1
10800000.000000 1 39
10800000.000000 2 8
10800000.000000 3 2
10800000.000000 135 1
10800000.000000 404 1
10850000.000000 1 29
10850000.000000 2 8
10850000.000000 3 3
10850000.000000 5 1
10850000.000000 140 1
10850000.000000 401 1
10900000.000000 1 34
10900000.000000 2 6
10900000.000000 3 1
10900000.000000 7 1
10900000.000000 139 1
10900000.000000 405 1
10950000.000000 1 45
10950000.000000 2 7
10950000.000000 140 1
10950000.000000 401 1
11000000.000000 1 40
11000000.000000 2 6
11000000.000000 3 1
11000000.000000 142 1
11000000.000000 403 1
11050000.000000 1 39
11050000.000000 2 8
11050000.000000 3 1
11050000.000000 136 1
11050000.000000 406 1
11100000.000000 1 30
11100000.000000 2 8
11100000.000000 3 1
11100000.000000 4 1
11100000.000000 140 1
11100000.000000 407 1
11150000.000000 1 28
11150000.000000 2 10
11150000.000000 3 3
11150000.000000 140 1
11150000.000000 403 1
11200000.000000 1 37
11200000.000000 2 7
11200000.000000 4 1
11200000.000000 139 1
11200000.000000 406 1
11250000.000000 1 39
11250000.000000 2 5
11250000.000000 4 1
11250000.000000 142 1
11250000.000000 405 1
11300000.000000 1 32
11300000.000000 2 4
11300000.000000 3 2
11300000.000000 4 1
11300000.000000 144 1
11300000.000000 406 1
11350000.000000 1 30
11350000.000000 2 4
11350000.000000 3 2
11350000.000000 4 1
11350000.000000 144 1
11350000.000000 408 1
11400000.000000 1 32
11400000.000000 2 4
11400000.000000 3 2
11400000.000000 4 1
11400000.000000 147 1
11400000.000000 403 1
11450000.000000 1 34
11450000.000000 2 5
11450000.000000 3 2
11450000.000000 4 1
11450000.000000 143 1
11450000.000000 403 1
11500000.000000 1 34
11500000.000000 2 5
11500000.000000 3 1
11500000.000000 4 2
11500000.000000 144 1
11500000.000000 401 1
11550000.000000 1 37
11550000.000000 2 3
11550000.000000 3 1
11550000.000000 147 1
11550000.000000 407 1
11600000.000000 1 41
11600000.000000 2 4
11600000.000000 3 1
11600000.000000 142 1
11600000.000000 406 1
11650000.000000 1 39
11650000.000000 2 3
11650000.000000 3 1
11650000.000000 4 1
11650000.000000 144 1
11650000.000000 404 1
11700000.000000 1 36
11700000.000000 2 5
11700000.000000 3 1
11700000.000000 4 1
11700000.000000 142 1
11700000.000000 405 1
11750000.000000 1 39
11750000.000000 2 5
11750000.000000 3 1
11750000.000000 4 1
11750000.000000 141 1
11750000.000000 403 1
11800000.000000 1 35
11800000.000000 2 7
11800000.000000 3 1
11800000.000000 144 1
11800000.000000 404 1
11850000.000000 1 38
11850000.000000 2 4
11850000.000000 3 3
11850000.000000 143 1
11850000.000000 402 1
11900000.000000 1 35
11900000.000000 2 5
11900000.000000 3 2
11900000.000000 145 1
11900000.000000 404 1
11950000.000000 1 32
11950000.000000 2 9
11950000.000000 5 1
11950000.000000 144 1
11950000.000000 401 1
12000000.000000 1 32
12000000.000000 2 5
12000000.000000 3 2
12000000.000000 4 1
12000000.000000 146 1
12000000.000000 402 1
12050000.000000 1 33
12050000.000000 2 4
12050000.000000 3 2
12050000.000000 4 1
12050000.000000 145 1
12050000.000000 404 1
12100000.000000 1 36
12100000.000000 2 4
12100000.000000 3 3
12100000.000000 147 1
12100000.000000 400 1
12150000.000000 1 40
12150000.000000 2 3
12150000.000000 3 3
12150000.000000 145 1
12150000.000000 400 1
12200000.000000 1 31
12200000.000000 2 6
12200000.000000 3 2
12200000.000000 146 1
12200000.000000 405 1
12250000.000000 1 29
12250000.000000 2 8
12250000.000000 3 2
12250000.000000 147 1
12250000.000000 402 1
12300000.000000 1 39
12300000.000000 2 4
12300000.000000 147 1
12300000.000000 406 1
12350000.000000 1 38
12350000.000000 2 3
12350000.000000 3 2
12350000.000000 145 1
12350000.000000 405 1
12400000.000000 1 40
12400000.000000 2 5
12400000.000000 3 1
12400000.000000 143 1
12400000.000000 404 1
12450000.000000 1 38
12450000.000000 2 2
12450000.000000 3 2
12450000.000000 146 1
12450000.000000 406 1
12500000.000000 1 33
12500000.000000 2 4
12500000.000000 3 2
12500000.000000 147 1
12500000.000000 406 1
12550000.000000 1 30
12550000.000000 2 7
12550000.000000 3 1
12550000.000000 144 1
12550000.000000 409 1
12600000.000000 1 33
12600000.000000 2 3
12600000.000000 3 2
12600000.000000 4 1
12600000.000000 145 1
12600000.000000 406 1
12650000.000000 1 37
12650000.000000 2 3
12650000.000000 3 2
12650000.000000 142 1
12650000.000000 409 1
12700000.000000 1 33
12700000.000000 2 6
12700000.000000 3 2
12700000.000000 4 1
12700000.000000 141 1
12700000.000000 404 1
12750000.000000 1 39
12750000.000000 2 5
12750000.000000 3 1
12750000.000000 7 1
12750000.000000 138 1
12750000.000000 403 1
12800000.000000 1 31
12800000.000000 2 4
12800000.000000 3 1
12800000.000000 4 1
12800000.000000 5 1
12800000.000000 141 1
12800000.000000 408 1
12850000.000000 1 35
12850000.000000 2 6
12850000.000000 3 2
12850000.000000 140 1
12850000.000000 407 1
12900000.000000 1 38
12900000.000000 2 5
12900000.000000 3 2
12900000.000000 4 1
12900000.000000 141 1
12900000.000000 401 1
12950000.000000 1 40
12950000.000000 2 5
12950000.000000 3 1
12950000.000000 140 1
12950000.000000 407 1
13000000.000000 1 30
13000000.000000 2 7
13000000.000000 3 1
13000000.000000 4 1
13000000.000000 141 1
13000000.000000 408 1
13050000.000000 1 34
13050000.000000 2 7
13050000.000000 3 1
13050000.000000 4 1
13050000.000000 138 1
13050000.000000 407 1
13100000.000000 1 32
13100000.000000 2 5
13100000.000000 3 1
13100000.000000 4 1
13100000.000000 143 1
13100000.000000 408 1
13150000.000000 1 29
13150000.000000 2 12
13150000.000000 3 1
13150000.000000 141 1
13150000.000000 403 1
13200000.000000 1 36
13200000.000000 2 7
13200000.000000 3 1
13200000.000000 144 1
13200000.000000 403 1
13250000.000000 1 34
13250000.000000 2 2
13250000.000000 3 3
13250000.000000 4 1
13250000.000000 144 1
13250000.000000 405 1
13300000.000000 1 34
13300000.000000 2 5
13300000.000000 3 2
13300000.000000 143 1
13300000.000000 407 1
13350000.000000 1 35
13350000.000000 2 5
13350000.000000 3 2
13350000.000000 4 1
13350000.000000 143 1
13350000.000000 402 1
13400000.000000 1 33
13400000.000000 2 9
13400000.000000 3 1
13400000.000000 144 1
13400000.000000 402 1
13450000.000000 1 36
13450000.000000 2 5
13450000.000000 3 2
13450000.000000 145 1
13450000.000000 403 1
13500000.000000 1 34
13500000.000000 2 7
13500000.000000 3 1
13500000.000000 144 1
13500000.000000 405 1
13550000.000000 1 31
13550000.000000 2 6
13550000.000000 4 1
13550000.000000 143 1
13550000.000000 410 1
13600000.000000 1 32
13600000.000000 2 6
13600000.000000 146 1
13600000.000000 410 1
13650000.000000 1 32
13650000.000000 2 5
13650000.000000 145 1
13650000.000000 413 1
13700000.000000 1 31
13700000.000000 2 6
13700000.000000 144 1
13700000.000000 413 1
13750000.000000 1 35
13750000.000000 2 2
13750000.000000 3 1
13750000.000000 4 1
13750000.000000 145 1
13750000.000000 409 1
13800000.000000 1 27
13800000.000000 2 5
13800000.000000 4 1
13800000.000000 148 1
13800000.000000 411 1
13850000.000000 1 29
13850000.000000 2 4
13850000.000000 3 2
13850000.000000 146 1
13850000.000000 411 1
13900000.000000 1 37
13900000.000000 2 3
13900000.000000 3 1
13900000.000000 149 1
13900000.000000 405 1
13950000.000000 1 30
13950000.000000 2 8
13950000.000000 4 1
13950000.000000 144 1
13950000.000000 406 1
14000000.000000 1 37
14000000.000000 2 5
14000000.000000 145 1
14000000.000000 408 1
14050000.000000 1 42
14050000.000000 2 5
14050000.000000 144 1
14050000.000000 404 1
14100000.000000 1 34
14100000.000000 2 6
14100000.000000 147 1
14100000.000000 407 1
14150000.000000 1 36
14150000.000000 2 5
14150000.000000 3 1
14150000.000000 145 1
14150000.000000 406 1
14200000.000000 1 33
14200000.000000 2 3
14200000.000000 3 2
14200000.000000 146 1
14200000.000000 409 1
14250000.000000 1 36
14250000.000000 2 2
14250000.000000 3 3
14250000.000000 146 1
14250000.000000 405 1
14300000.000000 1 31
14300000.000000 2 6
14300000.000000 147 1
14300000.000000 410 1
14350000.000000 1 32
14350000.000000 2 4
14350000.000000 3 1
14350000.000000 147 1
14350000.000000 410 1
14400000.000000 1 28
14400000.000000 2 3
14400000.000000 3 3
14400000.000000 147 1
14400000.000000 410 1
14450000.000000 1 32
14450000.000000 2 2
14450000.000000 3 1
14450000.000000 146 1
14450000.000000 415 1
14500000.000000 1 30
14500000.000000 2 2
14500000.000000 3 1
14500000.000000 147 1
14500000.000000 416 1
14550000.000000 1 27
14550000.000000 2 4
14550000.000000 147 1
14550000.000000 418 1
14600000.000000 1 28
14600000.000000 2 6
14600000.000000 4 1
14600000.000000 142 1
14600000.000000 414 1
14650000.000000 1 31
14650000.000000 2 4
14650000.000000 3 1
14650000.000000 144 1
14650000.000000 414 1
14700000.000000 1 32
14700000.000000 2 3
14700000.000000 3 2
14700000.000000 142 1
14700000.000000 414 1
14750000.000000 1 32
14750000.000000 2 3
14750000.000000 5 1
14750000.000000 139 1
14750000.000000 418 1
14800000.000000 1 31
14800000.000000 2 6
14800000.000000 3 2
14800000.000000 4 1
14800000.000000 135 1
14800000.000000 412 1
14850000.000000 1 33
14850000.000000 2 6
14850000.000000 142 1
14850000.000000 413 1
14900000.000000 1 33
14900000.000000 2 3
14900000.000000 5 1
14900000.000000 138 1
14900000.000000 418 1
14950000.000000 1 34
14950000.000000 2 3
14950000.000000 3 1
14950000.000000 143 1
14950000.000000 414 1
15000000.000000 1 31
15000000.000000 2 7
15000000.000000 143 1
15000000.000000 412 1
15050000.000000 1 34
15050000.000000 2 6
15050000.000000 4 1
15050000.000000 137 1
15050000.000000 413 1
15100000.000000 1 36
15100000.000000 2 2
15100000.000000 3 1
15100000.000000 140 1
15100000.000000 417 1
15150000.000000 1 34
15150000.000000 2 3
15150000.000000 3 1
15150000.000000 140 1
15150000.000000 417 1
15200000.000000 1 31
15200000.000000 2 3
15200000.000000 3 1
15200000.000000 139 1
15200000.000000 421 1
15250000.000000 1 30
15250000.000000 2 4
15250000.000000 138 1
15250000.000000 424 1
15300000.000000 1 30
15300000.000000 2 1
15300000.000000 3 2
15300000.000000 143 1
15300000.000000 419 1
15350000.000000 1 24
15350000.000000 2 5
15350000.000000 142 1
15350000.000000 424 1
15400000.000000 1 32
15400000.000000 2 5
15400000.000000 142 1
15400000.000000 416 1
15450000.000000 1 25
15450000.000000 2 4
15450000.000000 3 1
15450000.000000 142 1
15450000.000000 422 1
15500000.000000 1 28
15500000.000000 2 2
15500000.000000 3 4
15500000.000000 139 1
15500000.000000 417 1
15550000.000000 1 24
15550000.000000 2 6
15550000.000000 3 1
15550000.000000 4 1
15550000.000000 140 1
15550000.000000 417 1
15600000.000000 1 29
15600000.000000 2 3
15600000.000000 4 1
15600000.000000 141 1
15600000.000000 420 1
15650000.000000 1 34
15650000.000000 2 3
15650000.000000 3 2
15650000.000000 139 1
15650000.000000 415 1
15700000.000000 1 31
15700000.000000 2 5
15700000.000000 3 1
15700000.000000 141 1
15700000.000000 415 1
15750000.000000 1 40
15750000.000000 2 2
15750000.000000 3 1
15750000.000000 139 1
15750000.000000 414 1
15800000.000000 1 34
15800000.000000 2 4
15800000.000000 4 1
15800000.000000 141 1
15800000.000000 413 1
15850000.000000 1 35
15850000.000000 2 3
15850000.000000 3 1
15850000.000000 141 1
15850000.000000 415 1
15900000.000000 1 29
15900000.000000 2 5
15900000.000000 3 1
15900000.000000 4 1
15900000.000000 141 1
15900000.000000 413 1
15950000.000000 1 29
15950000.000000 2 4
15950000.000000 3 2
15950000.000000 4 1
15950000.000000 142 1
15950000.000000 411 1
16000000.000000 1 40
16000000.000000 2 4
16000000.000000 142 1
16000000.000000 410 1
16050000.000000 1 31
16050000.000000 2 4
16050000.000000 5 1
16050000.000000 140 1
16050000.000000 416 1
16100000.000000 1 34
16100000.000000 2 3
16100000.000000 4 1
16100000.000000 5 1
16100000.000000 138 1
16100000.000000 413 1
16150000.000000 1 22
16150000.000000 2 4
16150000.000000 3 3
16150000.000000 5 2
16150000.000000 139 1
16150000.000000 412 1
16200000.000000 1 29
16200000.000000 2 5
16200000.000000 3 2
16200000.000000 4 1
16200000.000000 139 1
16200000.000000 412 1
16250000.000000 1 26
16250000.000000 2 9
16250000.000000 4 1
16250000.000000 140 1
16250000.000000 412 1
16300000.000000 1 24
16300000.000000 2 9
16300000.000000 3 3
16300000.000000 139 1
16300000.000000 410 1
16350000.000000 1 35
16350000.000000 2 4
16350000.000000 3 3
16350000.000000 140 1
16350000.000000 408 1
16400000.000000 1 28
16400000.000000 2 8
16400000.000000 3 3
16400000.000000 140 1
16400000.000000 407 1
16450000.000000 1 31
16450000.000000 2 2
16450000.000000 3 3
16450000.000000 4 1
16450000.000000 139 1
16450000.000000 413 1
16500000.000000 1 30
16500000.000000 2 5
16500000.000000 3 1
16500000.000000 142 1
16500000.000000 415 1
16550000.000000 1 28
16550000.000000 2 5
16550000.000000 3 1
16550000.000000 4 1
16550000.000000 142 1
16550000.000000 413 1
16600000.000000 1 25
16600000.000000 2 4
16600000.000000 4 2
16600000.000000 144 1
16600000.000000 415 1
16650000.000000 1 33
16650000.000000 2 2
16650000.000000 3 3
16650000.000000 141 1
16650000.000000 413 1
16700000.000000 1 32
16700000.000000 2 4
16700000.000000 3 1
16700000.000000 143 1
16700000.000000 414 1
16750000.000000 1 28
16750000.000000 2 3
16750000.000000 3 1
16750000.000000 4 1
16750000.000000 144 1
16750000.000000 415 1
16800000.000000 1 27
16800000.000000 2 4
16800000.000000 3 1
16800000.000000 4 1
16800000.000000 144 1
16800000.000000 414 1
16850000.000000 1 35
16850000.000000 2 2
16850000.000000 4 2
16850000.000000 143 1
16850000.000000 410 1
16900000.000000 1 27
16900000.000000 2 2
16900000.000000 3 2
16900000.000000 4 2
16900000.000000 5 1
16900000.000000 144 1
16900000.000000 406 1
16950000.000000 1 25
16950000.000000 2 3
16950000.000000 3 1
16950000.000000 9 1
16950000.000000 143 1
16950000.000000 414 1
17000000.000000 1 25
17000000.000000 2 4
17000000.000000 3 3
17000000.000000 4 1
17000000.000000 143 1
17000000.000000 411 1
17050000.000000 1 35
17050000.000000 2 3
17050000.000000 3 2
17050000.000000 143 1
17050000.000000 410 1
17100000.000000 1 30
17100000.000000 2 5
17100000.000000 3 1
17100000.000000 5 1
17100000.000000 143 1
17100000.000000 409 1
17150000.000000 1 33
17150000.000000 2 2
17150000.000000 3 1
17150000.000000 4 2
17150000.000000 143 1
17150000.000000 409 1
17200000.000000 1 35
17200000.000000 2 4
17200000.000000 3 3
17200000.000000 142 1
17200000.000000 406 1
17250000.000000 1 35
17250000.000000 2 3
17250000.000000 3 3
17250000.000000 142 1
17250000.000000 408 1
17300000.000000 1 34
17300000.000000 2 4
17300000.000000 3 1
17300000.000000 4 1
17300000.000000 142 1
17300000.000000 409 1
17350000.000000 1 32
17350000.000000 2 7
17350000.000000 3 2
17350000.000000 142 1
17350000.000000 406 1
17400000.000000 1 30
17400000.000000 2 5
17400000.000000 4 2
17400000.000000 144 1
17400000.000000 408 1
17450000.000000 1 40
17450000.000000 2 4
17450000.000000 3 1
17450000.000000 5 1
17450000.000000 144 1
17450000.000000 400 1
17500000.000000 1 40
17500000.000000 2 2
17500000.000000 3 2
17500000.000000 4 1
17500000.000000 146 1
17500000.000000 400 1
17550000.000000 1 39
17550000.000000 2 4
17550000.000000 3 1
17550000.000000 145 1
17550000.000000 405 1
17600000.000000 1 40
17600000.000000 2 4
17600000.000000 3 1
17600000.000000 144 1
17600000.000000 405 1
17650000.000000 1 40
17650000.000000 2 5
17650000.000000 149 1
17650000.000000 401 1
17700000.000000 1 39
17700000.000000 2 3
17700000.000000 3 2
17700000.000000 143 1
17700000.000000 406 1
17750000.000000 1 34
17750000.000000 2 8
17750000.000000 145 1
17750000.000000 405 1
17800000.000000 1 36
17800000.000000 2 7
17800000.000000 147 1
17800000.000000 403 1
17850000.000000 1 30
17850000.000000 2 7
17850000.000000 147 1
17850000.000000 409 1
17900000.000000 1 35
17900000.000000 2 7
17900000.000000 142 1
17900000.000000 409 1
17950000.000000 1 36
17950000.000000 2 4
17950000.000000 4 1
17950000.000000 145 1
17950000.000000 407 1
18000000.000000 1 38
18000000.000000 2 3
18000000.000000 3 2
18000000.000000 146 1
18000000.000000 404 1
18050000.000000 1 31
18050000.000000 2 4
18050000.000000 149 1
18050000.000000 412 1
18100000.000000 1 27
18100000.000000 2 5
18100000.000000 3 2
18100000.000000 6 1
18100000.000000 142 1
18100000.000000 409 1
18150000.000000 1 33
18150000.000000 2 4
18150000.000000 7 1
18150000.000000 145 1
18150000.000000 407 1
18200000.000000 1 31
18200000.000000 2 4
18200000.000000 8 1
18200000.000000 146 1
18200000.000000 407 1
18250000.000000 1 25
18250000.000000 2 4
18250000.000000 3 1
18250000.000000 4 1
18250000.000000 145 1
18250000.000000 415 1
18300000.000000 1 28
18300000.000000 2 5
18300000.000000 3 1
18300000.000000 4 1
18300000.000000 144 1
18300000.000000 411 1
18350000.000000 1 22
18350000.000000 2 2
18350000.000000 3 2
18350000.000000 9 1
18350000.000000 145 1
18350000.000000 414 1
18400000.000000 1 30
18400000.000000 2 3
18400000.000000 3 1
18400000.000000 5 1
18400000.000000 145 1
18400000.000000 411 1
18450000.000000 1 27
18450000.000000 2 2
18450000.000000 3 3
18450000.000000 5 1
18450000.000000 141 1
18450000.000000 414 1
18500000.000000 1 35
18500000.000000 2 4
18500000.000000 5 1
18500000.000000 141 1
18500000.000000 411 1
18550000.000000 1 30
18550000.000000 2 5
18550000.000000 3 2
18550000.000000 142 1
18550000.000000 412 1
18600000.000000 1 40
18600000.000000 2 2
18600000.000000 141 1
18600000.000000 415 1
18650000.000000 1 35
18650000.000000 2 5
18650000.000000 3 1
18650000.000000 141 1
18650000.000000 411 1
18700000.000000 1 27
18700000.000000 2 2
18700000.000000 3 3
18700000.000000 4 1
18700000.000000 140 1
18700000.000000 416 1
18750000.000000 1 31
18750000.000000 2 4
18750000.000000 142 1
18750000.000000 419 1
18800000.000000 1 33
18800000.000000 2 3
18800000.000000 3 1
18800000.000000 142 1
18800000.000000 416 1
18850000.000000 1 32
18850000.000000 2 2
18850000.000000 3 1
18850000.000000 4 1
18850000.000000 141 1
18850000.000000 416 1
18900000.000000 1 28
18900000.000000 2 6
18900000.000000 139 1
18900000.000000 421 1
18950000.000000 1 32
18950000.000000 2 3
18950000.000000 142 1
18950000.000000 420 1
19000000.000000 1 31
19000000.000000 2 5
19000000.000000 141 1
19000000.000000 418 1
19050000.000000 1 29
19050000.000000 2 5
19050000.000000 143 1
19050000.000000 418 1
19100000.000000 1 34
19100000.000000 2 2
19100000.000000 3 1
19100000.000000 139 1
19100000.000000 420 1
19150000.000000 1 28
19150000.000000 2 1
19150000.000000 3 2
19150000.000000 141 1
19150000.000000 423 1
19200000.000000 1 30
19200000.000000 2 2
19200000.000000 3 1
19200000.000000 139 1
19200000.000000 424 1
19250000.000000 1 27
19250000.000000 2 3
19250000.000000 3 2
19250000.000000 139 1
19250000.000000 422 1
19300000.000000 1 29
19300000.000000 2 4
19300000.000000 4 1
19300000.000000 140 1
19300000.000000 419 1
19350000.000000 1 25
19350000.000000 2 4
19350000.000000 4 1
19350000.000000 140 1
19350000.000000 423 1
19400000.000000 1 32
19400000.000000 2 2
19400000.000000 3 1
19400000.000000 4 1
19400000.000000 139 1
19400000.000000 418 1
19450000.000000 1 27
19450000.000000 2 4
19450000.000000 3 3
19450000.000000 138 1
19450000.000000 418 1
19500000.000000 1 33
19500000.000000 2 3
19500000.000000 3 1
19500000.000000 137 1
19500000.000000 421 1
19550000.000000 1 35
19550000.000000 2 3
19550000.000000 138 1
19550000.000000 421 1
19600000.000000 1 34
19600000.000000 2 3
19600000.000000 3 2
19600000.000000 138 1
19600000.000000 416 1
19650000.000000 1 38
19650000.000000 2 2
19650000.000000 141 1
19650000.000000 417 1
19700000.000000 1 31
19700000.000000 2 3
19700000.000000 141 1
19700000.000000 422 1
19750000.000000 1 24
19750000.000000 2 5
19750000.000000 3 1
19750000.000000 141 1
19750000.000000 422 1
19800000.000000 1 28
19800000.000000 2 6
19800000.000000 140 1
19800000.000000 420 1
19850000.000000 1 33
19850000.000000 2 3
19850000.000000 3 1
19850000.000000 140 1
19850000.000000 418 1
19900000.000000 1 27
19900000.000000 2 6
19900000.000000 141 1
19900000.000000 420 1
19950000.000000 1 31
19950000.000000 2 4
19950000.000000 141 1
19950000.000000 420 1
20000000.000000 1 31
20000000.000000 2 2
20000000.000000 3 1
20000000.000000 142 1
20000000.000000 420 1
