# time largest_cluster_rg
50000.000000 34.2650566391
100000.000000 32.7321508987
150000.000000 33.2140393325
200000.000000 15.5226805447
250000.000000 15.5324203672
300000.000000 16.1126013265
350000.000000 15.9113182200
400000.000000 14.6607525323
450000.000000 14.2688696820
500000.000000 14.6933628558
550000.000000 14.3538761309
600000.000000 14.2839864324
650000.000000 14.1270041372
700000.000000 14.0248597833
750000.000000 13.8581914168
800000.000000 13.9616093143
850000.000000 14.0558259156
900000.000000 14.0066507438
950000.000000 21.5101904024
1000000.000000 13.8491433686
1050000.000000 13.7423451082
1100000.000000 15.4255723691
1150000.000000 14.1802732149
1200000.000000 14.0177849942
1250000.000000 13.7094186042
1300000.000000 13.3669628729
1350000.000000 13.5026233575
1400000.000000 13.7905481901
1450000.000000 13.5511407333
1500000.000000 13.6696722632
1550000.000000 13.7518643741
1600000.000000 13.8634056095
1650000.000000 13.6248381697
1700000.000000 13.4483456759
1750000.000000 13.1755133627
1800000.000000 13.5917546933
1850000.000000 13.0757577425
1900000.000000 12.8348463307
1950000.000000 13.1651742540
2000000.000000 13.0826817734
2050000.000000 13.0798095109
2100000.000000 12.5727578184
2150000.000000 12.3158258317
2200000.000000 11.9212168351
2250000.000000 11.9592319675
2300000.000000 11.8360495907
2350000.000000 11.3726030390
2400000.000000 11.5871389443
2450000.000000 11.3159287611
2500000.000000 11.4974530582
2550000.000000 11.5823320917
2600000.000000 12.0320018022
2650000.000000 11.6455367899
2700000.000000 11.6834684789
2750000.000000 11.4967408579
2800000.000000 11.5248220374
2850000.000000 11.5001155420
2900000.000000 11.9131604076
2950000.000000 11.9199558879
3000000.000000 11.8593520486
3050000.000000 12.5029559264
3100000.000000 12.3334709306
3150000.000000 12.0684677574
3200000.000000 11.9786577040
3250000.000000 29.8378284122
3300000.000000 11.9038690210
3350000.000000 11.4846018827
3400000.000000 11.5097377953
3450000.000000 12.1359506211
3500000.000000 11.9291287398
3550000.000000 11.6996150399
3600000.000000 11.3664223074
3650000.000000 11.2796629523
3700000.000000 11.5498803311
3750000.000000 11.3609163068
3800000.000000 11.4824653641
3850000.000000 11.6829514537
3900000.000000 11.4208674460
3950000.000000 11.5523824323
4000000.000000 11.4215708115
4050000.000000 11.5701957793
4100000.000000 11.3013859989
4150000.000000 11.2231866691
4200000.000000 11.5523025807
4250000.000000 11.4347763885
4300000.000000 11.4015432177
4350000.000000 11.6054913376
4400000.000000 11.8262254196
4450000.000000 11.5120206827
4500000.000000 11.6422037235
4550000.000000 11.4546136120
4600000.000000 11.4053795578
4650000.000000 11.2624701028
4700000.000000 11.5024414129
4750000.000000 11.3346141403
4800000.000000 11.5051367132
4850000.000000 11.6386530587
4900000.000000 11.6292865456
4950000.000000 11.8076247261
5000000.000000 11.7045301022
5050000.000000 11.7679017517
5100000.000000 11.7439906333
5150000.000000 11.7697026787
5200000.000000 11.7571960409
5250000.000000 12.3559430582
5300000.000000 11.7311043262
5350000.000000 11.8576779186
5400000.000000 12.1549399428
5450000.000000 12.1458178221
5500000.000000 12.1833506889
5550000.000000 12.7691773619
5600000.000000 12.9614001385
5650000.000000 12.4110381116
5700000.000000 12.2631712399
5750000.000000 12.0308534892
5800000.000000 12.1401097487
5850000.000000 12.3271777036
5900000.000000 12.2317680369
5950000.000000 12.1530353750
6000000.000000 11.9050362529
6050000.000000 12.3615130490
6100000.000000 12.2200352168
6150000.000000 12.4558621194
6200000.000000 12.5069456293
6250000.000000 12.3322049721
6300000.000000 12.1583993467
6350000.000000 12.5344807706
6400000.000000 12.2832654320
6450000.000000 12.0750553710
6500000.000000 12.1639518405
6550000.000000 11.9892546529
6600000.000000 12.3215674813
6650000.000000 11.9315828908
6700000.000000 11.8522835122
6750000.000000 11.8684360571
6800000.000000 11.9430479121
6850000.000000 11.9333557809
6900000.000000 11.6987903338
6950000.000000 11.7335654221
7000000.000000 11.7320103367
7050000.000000 11.9642303105
7100000.000000 12.1845748752
7150000.000000 12.2330265617
7200000.000000 11.9218491667
7250000.000000 11.9483844870
7300000.000000 11.3528160477
7350000.000000 11.6374834763
7400000.000000 11.5066059922
7450000.000000 11.8105403158
7500000.000000 11.8989436180
7550000.000000 11.9323709790
7600000.000000 11.6148789850
7650000.000000 11.6958833661
7700000.000000 11.5866137448
7750000.000000 11.7046158641
7800000.000000 11.7102671972
7850000.000000 11.8125512455
7900000.000000 11.8800701671
7950000.000000 11.4462345111
8000000.000000 11.5336757906
8050000.000000 11.5637761849
8100000.000000 11.5343129076
8150000.000000 11.7274919827
8200000.000000 11.8434577062
8250000.000000 11.9048529275
8300000.000000 11.8263705941
8350000.000000 11.7364332265
8400000.000000 11.4891836560
8450000.000000 11.4465552215
8500000.000000 11.3837079630
8550000.000000 11.5932132309
8600000.000000 11.4737178307
8650000.000000 11.5894866709
8700000.000000 11.6330914777
8750000.000000 11.8608445350
8800000.000000 11.6786699926
8850000.000000 11.7451576642
8900000.000000 11.6001797177
8950000.000000 11.5137425464
9000000.000000 11.5546209905
9050000.000000 11.5895400573
9100000.000000 11.4681806233
9150000.000000 11.8796373555
9200000.000000 11.8005706660
9250000.000000 11.7861844393
9300000.000000 11.7705893608
9350000.000000 11.6522251929
9400000.000000 12.2070457214
9450000.000000 11.8564639660
9500000.000000 11.7309148171
9550000.000000 11.6737606260
9600000.000000 11.7653920359
9650000.000000 11.7315739372
9700000.000000 11.6854603876
9750000.000000 11.5158511960
9800000.000000 11.5456648716
9850000.000000 11.8170439979
9900000.000000 11.4782979109
9950000.000000 11.7501437408
10000000.000000 11.9843648865
10050000.000000 11.5730861561
10100000.000000 11.8473716996
10150000.000000 11.7165676660
10200000.000000 11.9579409476
10250000.000000 11.7373316882
10300000.000000 11.8951442532
10350000.000000 12.0298168990
10400000.000000 11.7722756234
10450000.000000 12.0461772659
10500000.000000 12.2569206855
10550000.000000 11.7286965353
10600000.000000 12.0781213808
10650000.000000 12.3118502369
10700000.000000 12.3362902179
10750000.000000 12.0166849081
10800000.000000 11.9848055454
10850000.000000 12.1769581108
10900000.000000 11.7633339824
10950000.000000 11.6870946860
11000000.000000 11.5745325914
11050000.000000 11.5152826396
11100000.000000 11.9660603598
11150000.000000 11.5898482936
11200000.000000 11.6552855346
11250000.000000 11.9175385655
11300000.000000 11.7892976923
11350000.000000 11.5666383015
11400000.000000 11.7572309856
11450000.000000 11.9233476628
11500000.000000 22.5733826644
11550000.000000 11.9901936477
11600000.000000 11.9211132102
11650000.000000 12.3366361872
11700000.000000 12.0878423563
11750000.000000 12.2233222823
11800000.000000 12.3290039681
11850000.000000 22.0034349255
11900000.000000 21.6123935041
11950000.000000 12.2272849266
12000000.000000 21.3074638675
12050000.000000 21.4929499166
12100000.000000 11.9256576381
12150000.000000 12.0120900450
12200000.000000 20.7413226433
12250000.000000 12.1492435674
12300000.000000 11.8725247623
12350000.000000 21.4849949666
12400000.000000 21.4387831849
12450000.000000 21.3305846088
12500000.000000 21.2672615581
12550000.000000 21.4637010083
12600000.000000 21.1510922432
12650000.000000 20.9328479188
12700000.000000 21.2174507396
12750000.000000 20.8386119290
12800000.000000 21.0787903596
12850000.000000 21.0490792141
12900000.000000 20.9592598212
12950000.000000 20.5872175173
13000000.000000 20.6960711984
13050000.000000 20.4511375867
13100000.000000 20.6577688268
13150000.000000 20.7236947758
13200000.000000 20.7508415221
13250000.000000 20.2586358670
13300000.000000 20.0334439396
13350000.000000 20.0607614797
13400000.000000 20.1601285993
13450000.000000 20.3169281267
13500000.000000 20.3380891899
13550000.000000 20.2404537340
13600000.000000 20.3548286136
13650000.000000 20.1952352000
13700000.000000 20.1885148253
13750000.000000 19.8329592896
13800000.000000 27.5726030047
13850000.000000 19.4828190583
13900000.000000 19.6579021069
13950000.000000 19.6730810663
14000000.000000 19.3073445137
14050000.000000 19.4208884210
14100000.000000 19.3916565960
14150000.000000 19.0613819471
14200000.000000 19.2883784629
14250000.000000 19.3909919114
14300000.000000 19.4967751880
14350000.000000 19.3019822857
14400000.000000 19.1805327946
14450000.000000 19.0354408525
14500000.000000 19.0786959047
14550000.000000 18.7450773120
14600000.000000 18.9314884357
14650000.000000 19.0006144828
14700000.000000 18.8663556349
14750000.000000 19.1565861308
14800000.000000 19.2529671246
14850000.000000 19.3823598049
14900000.000000 19.5075807365
14950000.000000 19.3641720600
15000000.000000 19.0433709455
15050000.000000 18.6257370164
15100000.000000 18.6164113538
15150000.000000 18.7858419732
15200000.000000 18.9993462832
15250000.000000 18.6775791324
15300000.000000 18.8921031276
15350000.000000 18.6544129470
15400000.000000 19.0285474969
15450000.000000 18.8885834204
15500000.000000 18.7775124941
15550000.000000 18.7484094845
15600000.000000 18.5711798932
15650000.000000 18.4531864280
15700000.000000 18.5706387349
15750000.000000 18.5612338851
15800000.000000 18.3492954211
15850000.000000 18.1553144165
15900000.000000 18.3525177351
15950000.000000 18.4881170153
16000000.000000 18.5184146492
16050000.000000 18.5351035670
16100000.000000 18.3732826181
16150000.000000 18.7286768229
16200000.000000 18.6659034380
16250000.000000 18.9376381880
16300000.000000 18.7294684683
16350000.000000 18.7769460944
16400000.000000 18.6549112378
16450000.000000 18.0808957621
16500000.000000 18.1169417609
16550000.000000 18.0515145077
16600000.000000 17.9354082435
16650000.000000 17.4040231906
16700000.000000 17.1335084206
16750000.000000 16.8564855476
16800000.000000 16.7322267200
16850000.000000 16.8104646144
16900000.000000 17.2057763832
16950000.000000 17.2118117769
17000000.000000 17.1257977897
17050000.000000 25.5271648770
17100000.000000 17.2006758126
17150000.000000 16.8998549334
17200000.000000 16.8960935989
17250000.000000 16.6205159918
17300000.000000 16.8126435654
17350000.000000 16.5738793451
17400000.000000 16.7530636161
17450000.000000 16.4651116941
17500000.000000 16.5166986102
17550000.000000 16.5607822922
17600000.000000 16.0879072228
17650000.000000 16.2531049797
17700000.000000 16.3944320266
17750000.000000 16.3780658658
17800000.000000 16.7839765985
17850000.000000 16.4580369292
17900000.000000 16.4255056677
17950000.000000 16.4434659388
18000000.000000 16.2750893033
18050000.000000 16.1972503018
18100000.000000 16.1063152086
18150000.000000 15.7213418654
18200000.000000 15.6766526997
18250000.000000 15.5024859323
18300000.000000 15.6431214383
18350000.000000 15.7642185091
18400000.000000 15.4494305300
18450000.000000 24.3966776362
18500000.000000 15.2826046723
18550000.000000 14.9528634571
18600000.000000 14.9315396293
18650000.000000 14.6790071687
18700000.000000 14.4407844556
18750000.000000 14.4516237001
18800000.000000 14.6296250790
18850000.000000 14.7436784482
18900000.000000 14.5873281664
18950000.000000 14.7053095508
19000000.000000 15.1182649050
19050000.000000 14.2896606302
19100000.000000 14.5421286582
19150000.000000 14.7729118097
19200000.000000 14.7956946283
19250000.000000 14.5874375746
19300000.000000 14.7051227810
19350000.000000 23.9392055162
19400000.000000 14.8487693141
19450000.000000 14.9508652164
19500000.000000 14.9188752364
19550000.000000 14.7615905343
19600000.000000 14.7248212497
19650000.000000 14.5897344795
19700000.000000 14.7582000385
19750000.000000 14.3650505472
19800000.000000 14.4364057808
19850000.000000 14.8410125833
19900000.000000 14.5467052582
19950000.000000 14.6805323333
20000000.000000 14.6028630188
