# time mean_cluster_size
150000.000000 81.2500000000
200000.000000 108.3333333333
250000.000000 50.0000000000
300000.000000 216.6666666667
350000.000000 162.5000000000
400000.000000 54.1666666667
450000.000000 108.3333333333
500000.000000 130.0000000000
550000.000000 92.8571428571
600000.000000 162.5000000000
650000.000000 81.2500000000
700000.000000 54.1666666667
750000.000000 108.3333333333
800000.000000 108.3333333333
850000.000000 59.0909090909
900000.000000 65.0000000000
950000.000000 59.0909090909
1000000.000000 72.2222222222
1050000.000000 54.1666666667
1100000.000000 50.0000000000
1150000.000000 59.0909090909
1200000.000000 81.2500000000
1250000.000000 162.5000000000
1300000.000000 59.0909090909
1350000.000000 108.3333333333
1400000.000000 81.2500000000
1450000.000000 108.3333333333
1500000.000000 108.3333333333
1550000.000000 46.4285714286
1600000.000000 59.0909090909
1650000.000000 108.3333333333
1700000.000000 108.3333333333
1750000.000000 108.3333333333
1800000.000000 81.2500000000
1850000.000000 162.5000000000
1900000.000000 65.0000000000
1950000.000000 81.2500000000
2000000.000000 65.0000000000
2050000.000000 65.0000000000
2100000.000000 92.8571428571
2150000.000000 92.8571428571
2200000.000000 130.0000000000
2250000.000000 50.0000000000
2300000.000000 108.3333333333
2350000.000000 81.2500000000
2400000.000000 81.2500000000
2450000.000000 216.6666666667
2500000.000000 54.1666666667
2550000.000000 108.3333333333
2600000.000000 54.1666666667
2650000.000000 92.8571428571
2700000.000000 43.3333333333
2750000.000000 65.0000000000
2800000.000000 65.0000000000
2850000.000000 216.6666666667
2900000.000000 43.3333333333
2950000.000000 72.2222222222
3000000.000000 65.0000000000
3050000.000000 92.8571428571
3100000.000000 92.8571428571
3150000.000000 216.6666666667
3200000.000000 108.3333333333
3250000.000000 92.8571428571
3300000.000000 81.2500000000
3350000.000000 216.6666666667
3400000.000000 72.2222222222
3450000.000000 81.2500000000
3500000.000000 92.8571428571
3550000.000000 72.2222222222
3600000.000000 46.4285714286
3650000.000000 108.3333333333
3700000.000000 92.8571428571
3750000.000000 72.2222222222
3800000.000000 65.0000000000
3850000.000000 108.3333333333
3900000.000000 92.8571428571
3950000.000000 108.3333333333
4000000.000000 130.0000000000
4050000.000000 54.1666666667
4100000.000000 108.3333333333
4150000.000000 65.0000000000
4200000.000000 72.2222222222
4250000.000000 65.0000000000
4300000.000000 130.0000000000
4350000.000000 46.4285714286
4400000.000000 130.0000000000
4450000.000000 72.2222222222
4500000.000000 108.3333333333
4550000.000000 65.0000000000
4600000.000000 72.2222222222
4650000.000000 72.2222222222
4700000.000000 162.5000000000
4750000.000000 65.0000000000
4800000.000000 130.0000000000
4850000.000000 92.8571428571
4900000.000000 162.5000000000
4950000.000000 59.0909090909
5000000.000000 72.2222222222
5050000.000000 108.3333333333
5100000.000000 81.2500000000
5150000.000000 46.4285714286
5200000.000000 108.3333333333
5250000.000000 81.2500000000
5300000.000000 65.0000000000
5350000.000000 108.3333333333
5400000.000000 130.0000000000
5450000.000000 130.0000000000
5500000.000000 72.2222222222
5550000.000000 92.8571428571
5600000.000000 81.2500000000
5650000.000000 72.2222222222
5700000.000000 92.8571428571
5750000.000000 130.0000000000
5800000.000000 130.0000000000
5850000.000000 216.6666666667
5900000.000000 59.0909090909
5950000.000000 81.2500000000
6000000.000000 59.0909090909
6050000.000000 81.2500000000
6100000.000000 65.0000000000
6150000.000000 72.2222222222
6200000.000000 72.2222222222
6250000.000000 162.5000000000
6300000.000000 65.0000000000
6350000.000000 81.2500000000
6400000.000000 72.2222222222
6450000.000000 162.5000000000
6500000.000000 108.3333333333
6550000.000000 54.1666666667
6600000.000000 92.8571428571
6650000.000000 72.2222222222
6700000.000000 130.0000000000
6750000.000000 65.0000000000
6800000.000000 72.2222222222
6850000.000000 81.2500000000
6900000.000000 65.0000000000
6950000.000000 81.2500000000
7000000.000000 72.2222222222
7050000.000000 81.2500000000
7100000.000000 72.2222222222
7150000.000000 162.5000000000
7200000.000000 50.0000000000
7250000.000000 92.8571428571
7300000.000000 92.8571428571
7350000.000000 65.0000000000
7400000.000000 130.0000000000
7450000.000000 92.8571428571
7500000.000000 54.1666666667
7550000.000000 50.0000000000
7600000.000000 59.0909090909
7650000.000000 50.0000000000
7700000.000000 108.3333333333
7750000.000000 108.3333333333
7800000.000000 65.0000000000
7850000.000000 108.3333333333
7900000.000000 108.3333333333
7950000.000000 65.0000000000
8000000.000000 81.2500000000
8050000.000000 81.2500000000
8100000.000000 65.0000000000
8150000.000000 65.0000000000
8200000.000000 92.8571428571
8250000.000000 92.8571428571
8300000.000000 72.2222222222
8350000.000000 43.3333333333
8400000.000000 92.8571428571
8450000.000000 130.0000000000
8500000.000000 108.3333333333
8550000.000000 40.6250000000
8600000.000000 72.2222222222
8650000.000000 59.0909090909
8700000.000000 54.1666666667
8750000.000000 65.0000000000
8800000.000000 72.2222222222
8850000.000000 81.2500000000
8900000.000000 65.0000000000
8950000.000000 162.5000000000
9000000.000000 216.6666666667
9050000.000000 81.2500000000
9100000.000000 72.2222222222
9150000.000000 92.8571428571
9200000.000000 92.8571428571
9250000.000000 72.2222222222
9300000.000000 108.3333333333
9350000.000000 65.0000000000
9400000.000000 81.2500000000
9450000.000000 54.1666666667
9500000.000000 216.6666666667
9550000.000000 162.5000000000
9600000.000000 72.2222222222
9650000.000000 43.3333333333
9700000.000000 72.2222222222
9750000.000000 108.3333333333
9800000.000000 130.0000000000
9850000.000000 50.0000000000
9900000.000000 72.2222222222
9950000.000000 50.0000000000
10000000.000000 92.8571428571
10050000.000000 81.2500000000
10100000.000000 108.3333333333
10150000.000000 92.8571428571
10200000.000000 43.3333333333
10250000.000000 130.0000000000
10300000.000000 92.8571428571
10350000.000000 108.3333333333
10400000.000000 162.5000000000
10450000.000000 92.8571428571
10500000.000000 81.2500000000
10550000.000000 65.0000000000
10600000.000000 108.3333333333
10650000.000000 92.8571428571
10700000.000000 92.8571428571
10750000.000000 130.0000000000
10800000.000000 108.3333333333
10850000.000000 50.0000000000
10900000.000000 108.3333333333
10950000.000000 325.0000000000
11000000.000000 130.0000000000
11050000.000000 81.2500000000
11100000.000000 92.8571428571
11150000.000000 46.4285714286
11200000.000000 81.2500000000
11250000.000000 81.2500000000
11300000.000000 72.2222222222
11350000.000000 72.2222222222
11400000.000000 81.2500000000
11450000.000000 108.3333333333
11500000.000000 72.2222222222
11550000.000000 81.2500000000
11600000.000000 59.0909090909
11650000.000000 92.8571428571
11700000.000000 54.1666666667
11750000.000000 81.2500000000
11800000.000000 81.2500000000
11850000.000000 72.2222222222
11900000.000000 72.2222222222
11950000.000000 108.3333333333
12000000.000000 65.0000000000
12050000.000000 162.5000000000
12100000.000000 46.4285714286
12150000.000000 92.8571428571
12200000.000000 81.2500000000
12250000.000000 108.3333333333
12300000.000000 108.3333333333
12350000.000000 92.8571428571
12400000.000000 81.2500000000
12450000.000000 81.2500000000
12500000.000000 108.3333333333
12550000.000000 81.2500000000
12600000.000000 92.8571428571
12650000.000000 81.2500000000
12700000.000000 54.1666666667
12750000.000000 54.1666666667
12800000.000000 54.1666666667
12850000.000000 108.3333333333
12900000.000000 92.8571428571
12950000.000000 54.1666666667
13000000.000000 92.8571428571
13050000.000000 59.0909090909
13100000.000000 130.0000000000
13150000.000000 81.2500000000
13200000.000000 54.1666666667
13250000.000000 92.8571428571
13300000.000000 81.2500000000
13350000.000000 92.8571428571
13400000.000000 65.0000000000
13450000.000000 162.5000000000
13500000.000000 72.2222222222
13550000.000000 65.0000000000
13600000.000000 108.3333333333
13650000.000000 92.8571428571
13700000.000000 81.2500000000
13750000.000000 81.2500000000
13800000.000000 92.8571428571
13850000.000000 46.4285714286
13900000.000000 72.2222222222
13950000.000000 216.6666666667
14000000.000000 108.3333333333
14050000.000000 108.3333333333
14100000.000000 81.2500000000
14150000.000000 72.2222222222
14200000.000000 59.0909090909
14250000.000000 65.0000000000
14300000.000000 72.2222222222
14350000.000000 65.0000000000
14400000.000000 130.0000000000
14450000.000000 81.2500000000
14500000.000000 130.0000000000
14550000.000000 92.8571428571
14600000.000000 81.2500000000
14650000.000000 108.3333333333
14700000.000000 59.0909090909
14750000.000000 216.6666666667
14800000.000000 92.8571428571
14850000.000000 59.0909090909
14900000.000000 65.0000000000
14950000.000000 65.0000000000
15000000.000000 81.2500000000
15050000.000000 92.8571428571
15100000.000000 92.8571428571
15150000.000000 81.2500000000
15200000.000000 65.0000000000
15250000.000000 162.5000000000
15300000.000000 65.0000000000
15350000.000000 65.0000000000
15400000.000000 162.5000000000
15450000.000000 108.3333333333
15500000.000000 92.8571428571
15550000.000000 50.0000000000
15600000.000000 92.8571428571
15650000.000000 65.0000000000
15700000.000000 108.3333333333
15750000.000000 108.3333333333
15800000.000000 108.3333333333
15850000.000000 59.0909090909
15900000.000000 59.0909090909
15950000.000000 81.2500000000
16000000.000000 65.0000000000
16050000.000000 81.2500000000
16100000.000000 81.2500000000
16150000.000000 92.8571428571
16200000.000000 59.0909090909
16250000.000000 92.8571428571
16300000.000000 65.0000000000
16350000.000000 59.0909090909
16400000.000000 81.2500000000
16450000.000000 65.0000000000
16500000.000000 81.2500000000
16550000.000000 65.0000000000
16600000.000000 65.0000000000
16650000.000000 108.3333333333
16700000.000000 72.2222222222
16750000.000000 92.8571428571
16800000.000000 108.3333333333
16850000.000000 216.6666666667
16900000.000000 81.2500000000
16950000.000000 81.2500000000
17000000.000000 72.2222222222
17050000.000000 72.2222222222
17100000.000000 162.5000000000
17150000.000000 108.3333333333
17200000.000000 43.3333333333
17250000.000000 59.0909090909
17300000.000000 72.2222222222
17350000.000000 72.2222222222
17400000.000000 108.3333333333
17450000.000000 46.4285714286
17500000.000000 108.3333333333
17550000.000000 130.0000000000
17600000.000000 108.3333333333
17650000.000000 81.2500000000
17700000.000000 92.8571428571
17750000.000000 59.0909090909
17800000.000000 92.8571428571
17850000.000000 72.2222222222
17900000.000000 59.0909090909
17950000.000000 108.3333333333
18000000.000000 81.2500000000
18050000.000000 72.2222222222
18100000.000000 81.2500000000
18150000.000000 130.0000000000
18200000.000000 130.0000000000
18250000.000000 72.2222222222
18300000.000000 54.1666666667
18350000.000000 59.0909090909
18400000.000000 72.2222222222
18450000.000000 130.0000000000
18500000.000000 162.5000000000
18550000.000000 162.5000000000
18600000.000000 59.0909090909
18650000.000000 130.0000000000
18700000.000000 92.8571428571
18750000.000000 59.0909090909
18800000.000000 50.0000000000
18850000.000000 72.2222222222
18900000.000000 65.0000000000
18950000.000000 72.2222222222
19000000.000000 108.3333333333
19050000.000000 92.8571428571
19100000.000000 59.0909090909
19150000.000000 81.2500000000
19200000.000000 81.2500000000
19250000.000000 162.5000000000
19300000.000000 130.0000000000
19350000.000000 325.0000000000
19400000.000000 108.3333333333
19450000.000000 46.4285714286
19500000.000000 72.2222222222
19550000.000000 130.0000000000
19600000.000000 81.2500000000
19650000.000000 130.0000000000
19700000.000000 216.6666666667
19750000.000000 81.2500000000
19800000.000000 72.2222222222
19850000.000000 59.0909090909
19900000.000000 81.2500000000
19950000.000000 72.2222222222
20000000.000000 50.0000000000
20050000.000000 72.2222222222
20100000.000000 92.8571428571
