# time cluster_size count
50000.000000 1 5
50000.000000 595 1
100000.000000 1 10
100000.000000 590 1
150000.000000 1 8
150000.000000 4 1
150000.000000 6 1
150000.000000 582 1
200000.000000 1 12
200000.000000 2 2
200000.000000 3 1
200000.000000 5 1
200000.000000 65 1
200000.000000 511 1
250000.000000 1 23
250000.000000 2 3
250000.000000 3 2
250000.000000 4 1
250000.000000 6 1
250000.000000 555 1
300000.000000 1 21
300000.000000 2 6
300000.000000 3 1
300000.000000 4 1
300000.000000 6 1
300000.000000 37 1
300000.000000 517 1
350000.000000 1 27
350000.000000 2 4
350000.000000 3 4
350000.000000 4 1
350000.000000 61 1
350000.000000 488 1
400000.000000 1 21
400000.000000 2 5
400000.000000 3 3
400000.000000 5 1
400000.000000 63 1
400000.000000 492 1
450000.000000 1 25
450000.000000 2 8
450000.000000 3 2
450000.000000 6 1
450000.000000 15 1
450000.000000 44 1
450000.000000 64 1
450000.000000 424 1
500000.000000 1 35
500000.000000 2 2
500000.000000 3 1
500000.000000 4 2
500000.000000 13 1
500000.000000 16 1
500000.000000 49 1
500000.000000 142 1
500000.000000 330 1
550000.000000 1 34
550000.000000 2 7
550000.000000 3 2
550000.000000 4 1
550000.000000 11 1
550000.000000 14 1
550000.000000 51 1
550000.000000 466 1
600000.000000 1 33
600000.000000 2 6
600000.000000 3 1
600000.000000 5 1
600000.000000 547 1
650000.000000 1 37
650000.000000 2 4
650000.000000 3 1
650000.000000 5 1
650000.000000 47 1
650000.000000 207 1
650000.000000 293 1
700000.000000 1 28
700000.000000 2 3
700000.000000 3 4
700000.000000 6 1
700000.000000 11 1
700000.000000 52 1
700000.000000 145 1
700000.000000 340 1
750000.000000 1 29
750000.000000 2 4
750000.000000 5 1
750000.000000 8 1
750000.000000 14 1
750000.000000 147 1
750000.000000 389 1
800000.000000 1 32
800000.000000 2 6
800000.000000 5 1
800000.000000 7 1
800000.000000 138 1
800000.000000 406 1
850000.000000 1 28
850000.000000 2 7
850000.000000 3 1
850000.000000 4 1
850000.000000 6 1
850000.000000 10 1
850000.000000 149 1
850000.000000 386 1
900000.000000 1 42
900000.000000 2 2
900000.000000 3 2
900000.000000 52 1
900000.000000 100 1
900000.000000 108 1
900000.000000 140 1
900000.000000 148 1
950000.000000 1 38
950000.000000 2 3
950000.000000 3 2
950000.000000 5 1
950000.000000 51 1
950000.000000 140 1
950000.000000 354 1
1000000.000000 1 41
1000000.000000 2 5
1000000.000000 5 1
1000000.000000 141 1
1000000.000000 150 1
1000000.000000 253 1
1050000.000000 1 44
1050000.000000 2 4
1050000.000000 3 2
1050000.000000 542 1
1100000.000000 1 48
1100000.000000 2 3
1100000.000000 3 1
1100000.000000 52 1
1100000.000000 491 1
1150000.000000 1 42
1150000.000000 2 7
1150000.000000 3 1
1150000.000000 53 1
1150000.000000 139 1
1150000.000000 349 1
1200000.000000 1 42
1200000.000000 2 2
1200000.000000 3 1
1200000.000000 4 1
1200000.000000 54 1
1200000.000000 140 1
1200000.000000 353 1
1250000.000000 1 46
1250000.000000 2 3
1250000.000000 3 2
1250000.000000 542 1
1300000.000000 1 36
1300000.000000 2 10
1300000.000000 3 1
1300000.000000 54 1
1300000.000000 487 1
1350000.000000 1 27
1350000.000000 2 12
1350000.000000 3 1
1350000.000000 4 1
1350000.000000 54 1
1350000.000000 239 1
1350000.000000 249 1
1400000.000000 1 36
1400000.000000 2 8
1400000.000000 3 2
1400000.000000 57 1
1400000.000000 485 1
1450000.000000 1 37
1450000.000000 2 6
1450000.000000 3 2
1450000.000000 4 1
1450000.000000 54 1
1450000.000000 487 1
1500000.000000 1 46
1500000.000000 2 3
1500000.000000 3 2
1500000.000000 56 1
1500000.000000 101 1
1500000.000000 385 1
1550000.000000 1 42
1550000.000000 2 3
1550000.000000 3 4
1550000.000000 247 1
1550000.000000 293 1
1600000.000000 1 37
1600000.000000 2 7
1600000.000000 3 2
1600000.000000 5 1
1600000.000000 538 1
1650000.000000 1 47
1650000.000000 2 5
1650000.000000 3 1
1650000.000000 4 1
1650000.000000 536 1
1700000.000000 1 35
1700000.000000 2 5
1700000.000000 3 3
1700000.000000 4 1
1700000.000000 542 1
1750000.000000 1 42
1750000.000000 2 5
1750000.000000 3 2
1750000.000000 4 1
1750000.000000 49 1
1750000.000000 240 1
1750000.000000 249 1
1800000.000000 1 40
1800000.000000 2 4
1800000.000000 3 1
1800000.000000 7 1
1800000.000000 542 1
1850000.000000 1 41
1850000.000000 2 6
1850000.000000 3 2
1850000.000000 239 1
1850000.000000 302 1
1900000.000000 1 46
1900000.000000 2 1
1900000.000000 3 1
1900000.000000 4 2
1900000.000000 5 1
1900000.000000 236 1
1900000.000000 300 1
1950000.000000 1 37
1950000.000000 2 5
1950000.000000 3 1
1950000.000000 5 1
1950000.000000 99 1
1950000.000000 140 1
1950000.000000 306 1
2000000.000000 1 35
2000000.000000 2 4
2000000.000000 3 1
2000000.000000 4 1
2000000.000000 94 1
2000000.000000 146 1
2000000.000000 310 1
2050000.000000 1 36
2050000.000000 2 5
2050000.000000 3 1
2050000.000000 5 1
2050000.000000 243 1
2050000.000000 303 1
2100000.000000 1 40
2100000.000000 2 7
2100000.000000 3 1
2100000.000000 4 1
2100000.000000 241 1
2100000.000000 298 1
2150000.000000 1 35
2150000.000000 2 6
2150000.000000 3 5
2150000.000000 240 1
2150000.000000 298 1
2200000.000000 1 41
2200000.000000 2 5
2200000.000000 3 2
2200000.000000 240 1
2200000.000000 303 1
2250000.000000 1 34
2250000.000000 2 6
2250000.000000 3 3
2250000.000000 4 1
2250000.000000 541 1
2300000.000000 1 38
2300000.000000 2 7
2300000.000000 3 1
2300000.000000 4 1
2300000.000000 241 1
2300000.000000 300 1
2350000.000000 1 28
2350000.000000 2 9
2350000.000000 3 3
2350000.000000 5 1
2350000.000000 243 1
2350000.000000 297 1
2400000.000000 1 38
2400000.000000 2 5
2400000.000000 3 2
2400000.000000 247 1
2400000.000000 299 1
2450000.000000 1 35
2450000.000000 2 6
2450000.000000 3 1
2450000.000000 4 1
2450000.000000 247 1
2450000.000000 299 1
2500000.000000 1 38
2500000.000000 2 3
2500000.000000 4 1
2500000.000000 5 1
2500000.000000 249 1
2500000.000000 298 1
2550000.000000 1 40
2550000.000000 2 4
2550000.000000 3 1
2550000.000000 6 1
2550000.000000 245 1
2550000.000000 298 1
2600000.000000 1 38
2600000.000000 2 5
2600000.000000 3 2
2600000.000000 4 1
2600000.000000 6 1
2600000.000000 240 1
2600000.000000 296 1
2650000.000000 1 41
2650000.000000 2 6
2650000.000000 3 2
2650000.000000 5 1
2650000.000000 243 1
2650000.000000 293 1
2700000.000000 1 42
2700000.000000 2 6
2700000.000000 3 1
2700000.000000 6 1
2700000.000000 240 1
2700000.000000 297 1
2750000.000000 1 32
2750000.000000 2 4
2750000.000000 3 4
2750000.000000 4 2
2750000.000000 6 2
2750000.000000 239 1
2750000.000000 289 1
2800000.000000 1 36
2800000.000000 2 3
2800000.000000 3 6
2800000.000000 4 2
2800000.000000 532 1
2850000.000000 1 40
2850000.000000 2 9
2850000.000000 3 3
2850000.000000 4 1
2850000.000000 5 1
2850000.000000 237 1
2850000.000000 287 1
2900000.000000 1 42
2900000.000000 2 9
2900000.000000 3 3
2900000.000000 4 1
2900000.000000 234 1
2900000.000000 293 1
2950000.000000 1 35
2950000.000000 2 13
2950000.000000 3 3
2950000.000000 4 1
2950000.000000 234 1
2950000.000000 292 1
3000000.000000 1 46
3000000.000000 2 6
3000000.000000 3 2
3000000.000000 4 1
3000000.000000 238 1
3000000.000000 294 1
3050000.000000 1 36
3050000.000000 2 5
3050000.000000 3 3
3050000.000000 4 2
3050000.000000 241 1
3050000.000000 296 1
3100000.000000 1 42
3100000.000000 2 4
3100000.000000 3 3
3100000.000000 4 1
3100000.000000 237 1
3100000.000000 300 1
3150000.000000 1 43
3150000.000000 2 6
3150000.000000 3 4
3150000.000000 4 1
3150000.000000 233 1
3150000.000000 296 1
3200000.000000 1 43
3200000.000000 2 6
3200000.000000 3 4
3200000.000000 4 1
3200000.000000 233 1
3200000.000000 296 1
3250000.000000 1 40
3250000.000000 2 9
3250000.000000 3 3
3250000.000000 5 1
3250000.000000 232 1
3250000.000000 296 1
3300000.000000 1 36
3300000.000000 2 6
3300000.000000 3 5
3300000.000000 4 2
3300000.000000 234 1
3300000.000000 295 1
3350000.000000 1 50
3350000.000000 2 9
3350000.000000 3 2
3350000.000000 232 1
3350000.000000 294 1
3400000.000000 1 51
3400000.000000 2 4
3400000.000000 3 1
3400000.000000 7 1
3400000.000000 235 1
3400000.000000 296 1
3450000.000000 1 47
3450000.000000 2 6
3450000.000000 4 3
3450000.000000 231 1
3450000.000000 298 1
3500000.000000 1 42
3500000.000000 2 9
3500000.000000 3 1
3500000.000000 4 1
3500000.000000 7 1
3500000.000000 526 1
3550000.000000 1 50
3550000.000000 2 6
3550000.000000 3 1
3550000.000000 7 1
3550000.000000 230 1
3550000.000000 298 1
3600000.000000 1 40
3600000.000000 2 9
3600000.000000 3 2
3600000.000000 6 1
3600000.000000 530 1
3650000.000000 1 41
3650000.000000 2 7
3650000.000000 3 3
3650000.000000 536 1
3700000.000000 1 39
3700000.000000 2 6
3700000.000000 3 5
3700000.000000 534 1
3750000.000000 1 32
3750000.000000 2 5
3750000.000000 3 5
3750000.000000 4 3
3750000.000000 531 1
3800000.000000 1 30
3800000.000000 2 11
3800000.000000 3 2
3800000.000000 4 1
3800000.000000 6 1
3800000.000000 532 1
3850000.000000 1 36
3850000.000000 2 8
3850000.000000 3 1
3850000.000000 4 2
3850000.000000 6 1
3850000.000000 531 1
3900000.000000 1 39
3900000.000000 2 8
3900000.000000 3 3
3900000.000000 4 1
3900000.000000 7 1
3900000.000000 525 1
3950000.000000 1 44
3950000.000000 2 5
3950000.000000 3 3
3950000.000000 4 1
3950000.000000 6 2
3950000.000000 521 1
4000000.000000 1 44
4000000.000000 2 8
4000000.000000 3 1
4000000.000000 4 1
4000000.000000 5 1
4000000.000000 7 1
4000000.000000 220 1
4000000.000000 301 1
4050000.000000 1 47
4050000.000000 2 11
4050000.000000 4 2
4050000.000000 523 1
4100000.000000 1 41
4100000.000000 2 9
4100000.000000 3 1
4100000.000000 4 1
4100000.000000 5 1
4100000.000000 228 1
4100000.000000 301 1
4150000.000000 1 47
4150000.000000 2 8
4150000.000000 3 2
4150000.000000 5 2
4150000.000000 220 1
4150000.000000 301 1
4200000.000000 1 42
4200000.000000 2 5
4200000.000000 3 3
4200000.000000 4 1
4200000.000000 5 1
4200000.000000 6 1
4200000.000000 221 1
4200000.000000 303 1
4250000.000000 1 39
4250000.000000 2 8
4250000.000000 3 2
4250000.000000 4 1
4250000.000000 5 1
4250000.000000 230 1
4250000.000000 300 1
4300000.000000 1 39
4300000.000000 2 6
4300000.000000 3 3
4300000.000000 4 1
4300000.000000 5 1
4300000.000000 7 1
4300000.000000 224 1
4300000.000000 300 1
4350000.000000 1 22
4350000.000000 2 9
4350000.000000 3 4
4350000.000000 5 1
4350000.000000 6 2
4350000.000000 231 1
4350000.000000 300 1
4400000.000000 1 30
4400000.000000 2 5
4400000.000000 3 5
4400000.000000 6 2
4400000.000000 230 1
4400000.000000 303 1
4450000.000000 1 33
4450000.000000 2 8
4450000.000000 3 4
4450000.000000 5 1
4450000.000000 233 1
4450000.000000 301 1
4500000.000000 1 37
4500000.000000 2 6
4500000.000000 3 2
4500000.000000 4 1
4500000.000000 6 1
4500000.000000 230 1
4500000.000000 305 1
4550000.000000 1 40
4550000.000000 2 5
4550000.000000 3 3
4550000.000000 5 1
4550000.000000 226 1
4550000.000000 310 1
4600000.000000 1 37
4600000.000000 2 8
4600000.000000 3 3
4600000.000000 4 1
4600000.000000 228 1
4600000.000000 306 1
4650000.000000 1 35
4650000.000000 2 6
4650000.000000 3 5
4650000.000000 4 2
4650000.000000 227 1
4650000.000000 303 1
4700000.000000 1 39
4700000.000000 2 6
4700000.000000 3 1
4700000.000000 4 1
4700000.000000 5 1
4700000.000000 537 1
4750000.000000 1 46
4750000.000000 2 5
4750000.000000 3 2
4750000.000000 228 1
4750000.000000 310 1
4800000.000000 1 41
4800000.000000 2 6
4800000.000000 3 1
4800000.000000 4 2
4800000.000000 225 1
4800000.000000 311 1
4850000.000000 1 28
4850000.000000 2 15
4850000.000000 3 1
4850000.000000 4 1
4850000.000000 225 1
4850000.000000 310 1
4900000.000000 1 38
4900000.000000 2 4
4900000.000000 4 1
4900000.000000 6 2
4900000.000000 226 1
4900000.000000 312 1
4950000.000000 1 30
4950000.000000 2 5
4950000.000000 3 3
4950000.000000 5 1
4950000.000000 6 1
4950000.000000 540 1
5000000.000000 1 34
5000000.000000 2 5
5000000.000000 3 2
5000000.000000 4 1
5000000.000000 6 1
5000000.000000 540 1
5050000.000000 1 43
5050000.000000 2 7
5050000.000000 5 1
5050000.000000 225 1
5050000.000000 313 1
5100000.000000 1 39
5100000.000000 2 8
5100000.000000 6 1
5100000.000000 223 1
5100000.000000 316 1
5150000.000000 1 42
5150000.000000 2 7
5150000.000000 5 1
5150000.000000 230 1
5150000.000000 309 1
5200000.000000 1 44
5200000.000000 2 8
5200000.000000 3 1
5200000.000000 223 1
5200000.000000 314 1
5250000.000000 1 44
5250000.000000 2 8
5250000.000000 3 2
5250000.000000 222 1
5250000.000000 312 1
5300000.000000 1 31
5300000.000000 2 10
5300000.000000 3 1
5300000.000000 232 1
5300000.000000 314 1
5350000.000000 1 39
5350000.000000 2 6
5350000.000000 5 1
5350000.000000 544 1
5400000.000000 1 38
5400000.000000 2 7
5400000.000000 3 2
5400000.000000 233 1
5400000.000000 309 1
5450000.000000 1 45
5450000.000000 2 5
5450000.000000 234 1
5450000.000000 311 1
5500000.000000 1 45
5500000.000000 2 6
5500000.000000 3 1
5500000.000000 230 1
5500000.000000 310 1
5550000.000000 1 37
5550000.000000 2 7
5550000.000000 3 2
5550000.000000 234 1
5550000.000000 309 1
5600000.000000 1 43
5600000.000000 2 7
5600000.000000 232 1
5600000.000000 311 1
5650000.000000 1 39
5650000.000000 2 4
5650000.000000 3 1
5650000.000000 233 1
5650000.000000 317 1
5700000.000000 1 37
5700000.000000 2 6
5700000.000000 3 1
5700000.000000 229 1
5700000.000000 319 1
5750000.000000 1 27
5750000.000000 2 8
5750000.000000 3 1
5750000.000000 4 1
5750000.000000 234 1
5750000.000000 316 1
5800000.000000 1 25
5800000.000000 2 8
5800000.000000 3 2
5800000.000000 553 1
5850000.000000 1 38
5850000.000000 2 7
5850000.000000 234 1
5850000.000000 314 1
5900000.000000 1 31
5900000.000000 2 6
5900000.000000 3 1
5900000.000000 236 1
5900000.000000 318 1
5950000.000000 1 28
5950000.000000 2 8
5950000.000000 3 3
5950000.000000 230 1
5950000.000000 317 1
6000000.000000 1 36
6000000.000000 2 3
6000000.000000 3 1
6000000.000000 4 2
6000000.000000 229 1
6000000.000000 318 1
6050000.000000 1 42
6050000.000000 2 6
6050000.000000 230 1
6050000.000000 316 1
6100000.000000 1 38
6100000.000000 2 8
6100000.000000 229 1
6100000.000000 317 1
6150000.000000 1 31
6150000.000000 2 8
6150000.000000 4 1
6150000.000000 233 1
6150000.000000 316 1
6200000.000000 1 22
6200000.000000 2 7
6200000.000000 3 3
6200000.000000 4 1
6200000.000000 232 1
6200000.000000 319 1
6250000.000000 1 42
6250000.000000 2 4
6250000.000000 4 1
6250000.000000 229 1
6250000.000000 317 1
6300000.000000 1 36
6300000.000000 2 3
6300000.000000 3 3
6300000.000000 233 1
6300000.000000 316 1
6350000.000000 1 30
6350000.000000 2 6
6350000.000000 3 1
6350000.000000 4 2
6350000.000000 547 1
6400000.000000 1 25
6400000.000000 2 5
6400000.000000 3 2
6400000.000000 4 2
6400000.000000 5 1
6400000.000000 235 1
6400000.000000 311 1
6450000.000000 1 33
6450000.000000 2 3
6450000.000000 5 1
6450000.000000 8 1
6450000.000000 237 1
6450000.000000 311 1
6500000.000000 1 36
6500000.000000 2 3
6500000.000000 4 1
6500000.000000 7 1
6500000.000000 236 1
6500000.000000 311 1
6550000.000000 1 40
6550000.000000 2 4
6550000.000000 3 1
6550000.000000 235 1
6550000.000000 314 1
6600000.000000 1 30
6600000.000000 2 8
6600000.000000 3 1
6600000.000000 240 1
6600000.000000 311 1
6650000.000000 1 36
6650000.000000 2 7
6650000.000000 3 2
6650000.000000 239 1
6650000.000000 305 1
6700000.000000 1 36
6700000.000000 2 6
6700000.000000 3 1
6700000.000000 549 1
6750000.000000 1 33
6750000.000000 2 9
6750000.000000 549 1
6800000.000000 1 34
6800000.000000 2 7
6800000.000000 3 1
6800000.000000 242 1
6800000.000000 307 1
6850000.000000 1 36
6850000.000000 2 4
6850000.000000 3 2
6850000.000000 244 1
6850000.000000 306 1
6900000.000000 1 34
6900000.000000 2 4
6900000.000000 4 1
6900000.000000 247 1
6900000.000000 307 1
6950000.000000 1 35
6950000.000000 2 4
6950000.000000 3 1
6950000.000000 4 1
6950000.000000 245 1
6950000.000000 305 1
7000000.000000 1 32
7000000.000000 2 4
7000000.000000 3 2
7000000.000000 4 1
7000000.000000 245 1
7000000.000000 305 1
7050000.000000 1 31
7050000.000000 2 3
7050000.000000 3 3
7050000.000000 4 1
7050000.000000 245 1
7050000.000000 305 1
7100000.000000 1 35
7100000.000000 2 7
7100000.000000 248 1
7100000.000000 303 1
7150000.000000 1 35
7150000.000000 2 8
7150000.000000 3 1
7150000.000000 246 1
7150000.000000 300 1
7200000.000000 1 31
7200000.000000 2 6
7200000.000000 3 2
7200000.000000 4 1
7200000.000000 547 1
7250000.000000 1 45
7250000.000000 2 3
7250000.000000 3 3
7250000.000000 241 1
7250000.000000 299 1
7300000.000000 1 37
7300000.000000 2 6
7300000.000000 4 1
7300000.000000 547 1
7350000.000000 1 37
7350000.000000 2 3
7350000.000000 3 2
7350000.000000 245 1
7350000.000000 306 1
7400000.000000 1 36
7400000.000000 2 6
7400000.000000 3 1
7400000.000000 549 1
7450000.000000 1 39
7450000.000000 2 3
7450000.000000 3 3
7450000.000000 546 1
7500000.000000 1 41
7500000.000000 2 1
7500000.000000 3 1
7500000.000000 4 2
7500000.000000 546 1
7550000.000000 1 31
7550000.000000 2 7
7550000.000000 4 2
7550000.000000 547 1
7600000.000000 1 33
7600000.000000 2 5
7600000.000000 4 2
7600000.000000 549 1
7650000.000000 1 43
7650000.000000 2 3
7650000.000000 249 1
7650000.000000 302 1
7700000.000000 1 34
7700000.000000 2 8
7700000.000000 5 1
7700000.000000 545 1
7750000.000000 1 35
7750000.000000 2 6
7750000.000000 3 2
7750000.000000 246 1
7750000.000000 301 1
7800000.000000 1 32
7800000.000000 2 8
7800000.000000 3 2
7800000.000000 546 1
7850000.000000 1 37
7850000.000000 2 8
7850000.000000 4 1
7850000.000000 543 1
7900000.000000 1 38
7900000.000000 2 6
7900000.000000 3 2
7900000.000000 544 1
7950000.000000 1 36
7950000.000000 2 6
7950000.000000 3 2
7950000.000000 546 1
8000000.000000 1 34
8000000.000000 2 3
8000000.000000 4 2
8000000.000000 552 1
8050000.000000 1 39
8050000.000000 2 3
8050000.000000 3 1
8050000.000000 552 1
8100000.000000 1 29
8100000.000000 2 7
8100000.000000 3 2
8100000.000000 551 1
8150000.000000 1 37
8150000.000000 2 7
8150000.000000 549 1
8200000.000000 1 38
8200000.000000 2 4
8200000.000000 3 1
8200000.000000 551 1
8250000.000000 1 45
8250000.000000 2 4
8250000.000000 3 1
8250000.000000 544 1
8300000.000000 1 42
8300000.000000 2 3
8300000.000000 3 1
8300000.000000 6 1
8300000.000000 543 1
8350000.000000 1 40
8350000.000000 2 7
8350000.000000 3 1
8350000.000000 543 1
8400000.000000 1 41
8400000.000000 2 5
8400000.000000 3 1
8400000.000000 4 1
8400000.000000 542 1
8450000.000000 1 40
8450000.000000 2 7
8450000.000000 3 1
8450000.000000 543 1
8500000.000000 1 37
8500000.000000 2 8
8500000.000000 3 1
8500000.000000 544 1
8550000.000000 1 39
8550000.000000 2 6
8550000.000000 3 1
8550000.000000 4 1
8550000.000000 542 1
8600000.000000 1 38
8600000.000000 2 5
8600000.000000 3 2
8600000.000000 546 1
8650000.000000 1 25
8650000.000000 2 9
8650000.000000 3 2
8650000.000000 551 1
8700000.000000 1 30
8700000.000000 2 5
8700000.000000 3 3
8700000.000000 4 1
8700000.000000 547 1
8750000.000000 1 33
8750000.000000 2 2
8750000.000000 3 4
8750000.000000 5 1
8750000.000000 546 1
8800000.000000 1 27
8800000.000000 2 7
8800000.000000 3 2
8800000.000000 5 1
8800000.000000 548 1
8850000.000000 1 24
8850000.000000 2 8
8850000.000000 4 3
8850000.000000 548 1
8900000.000000 1 31
8900000.000000 2 9
8900000.000000 3 1
8900000.000000 548 1
8950000.000000 1 34
8950000.000000 2 8
8950000.000000 3 1
8950000.000000 547 1
9000000.000000 1 33
9000000.000000 2 5
9000000.000000 3 2
9000000.000000 4 1
9000000.000000 547 1
9050000.000000 1 38
9050000.000000 2 5
9050000.000000 4 1
9050000.000000 548 1
9100000.000000 1 43
9100000.000000 2 3
9100000.000000 3 2
9100000.000000 545 1
9150000.000000 1 32
9150000.000000 2 5
9150000.000000 3 1
9150000.000000 5 1
9150000.000000 550 1
9200000.000000 1 29
9200000.000000 2 4
9200000.000000 3 3
9200000.000000 5 1
9200000.000000 549 1
9250000.000000 1 34
9250000.000000 2 7
9250000.000000 552 1
9300000.000000 1 27
9300000.000000 2 10
9300000.000000 4 1
9300000.000000 549 1
9350000.000000 1 31
9350000.000000 2 3
9350000.000000 3 1
9350000.000000 560 1
9400000.000000 1 24
9400000.000000 2 4
9400000.000000 4 1
9400000.000000 5 1
9400000.000000 559 1
9450000.000000 1 26
9450000.000000 2 5
9450000.000000 3 1
9450000.000000 4 1
9450000.000000 557 1
9500000.000000 1 25
9500000.000000 2 3
9500000.000000 3 2
9500000.000000 563 1
9550000.000000 1 32
9550000.000000 2 3
9550000.000000 562 1
9600000.000000 1 30
9600000.000000 2 4
9600000.000000 562 1
9650000.000000 1 29
9650000.000000 2 3
9650000.000000 3 1
9650000.000000 562 1
9700000.000000 1 29
9700000.000000 2 4
9700000.000000 5 1
9700000.000000 558 1
9750000.000000 1 29
9750000.000000 2 4
9750000.000000 3 1
9750000.000000 560 1
9800000.000000 1 35
9800000.000000 2 2
9800000.000000 3 1
9800000.000000 558 1
9850000.000000 1 33
9850000.000000 2 5
9850000.000000 557 1
9900000.000000 1 36
9900000.000000 2 1
9900000.000000 3 1
9900000.000000 559 1
9950000.000000 1 33
9950000.000000 2 4
9950000.000000 3 1
9950000.000000 556 1
10000000.000000 1 34
10000000.000000 2 4
10000000.000000 3 1
10000000.000000 555 1
10050000.000000 1 31
10050000.000000 2 5
10050000.000000 3 1
10050000.000000 556 1
10100000.000000 1 33
10100000.000000 2 5
10100000.000000 3 1
10100000.000000 554 1
10150000.000000 1 42
10150000.000000 2 3
10150000.000000 552 1
10200000.000000 1 42
10200000.000000 2 3
10200000.000000 3 1
10200000.000000 549 1
10250000.000000 1 37
10250000.000000 2 8
10250000.000000 4 1
10250000.000000 543 1
10300000.000000 1 43
10300000.000000 2 2
10300000.000000 3 1
10300000.000000 550 1
10350000.000000 1 34
10350000.000000 2 3
10350000.000000 4 1
10350000.000000 556 1
10400000.000000 1 35
10400000.000000 2 4
10400000.000000 3 1
10400000.000000 4 1
10400000.000000 550 1
10450000.000000 1 33
10450000.000000 2 4
10450000.000000 4 1
10450000.000000 555 1
10500000.000000 1 30
10500000.000000 2 6
10500000.000000 558 1
10550000.000000 1 30
10550000.000000 2 5
10550000.000000 560 1
10600000.000000 1 32
10600000.000000 2 6
10600000.000000 556 1
10650000.000000 1 27
10650000.000000 2 7
10650000.000000 559 1
10700000.000000 1 29
10700000.000000 2 5
10700000.000000 561 1
10750000.000000 1 33
10750000.000000 2 2
10750000.000000 3 1
10750000.000000 560 1
10800000.000000 1 30
10800000.000000 2 7
10800000.000000 556 1
10850000.000000 1 34
10850000.000000 2 3
10850000.000000 3 1
10850000.000000 557 1
10900000.000000 1 32
10900000.000000 2 8
10900000.000000 552 1
10950000.000000 1 27
10950000.000000 2 4
10950000.000000 3 3
10950000.000000 556 1
11000000.000000 1 29
11000000.000000 2 7
11000000.000000 3 1
11000000.000000 554 1
11050000.000000 1 30
11050000.000000 2 5
11050000.000000 3 2
11050000.000000 5 1
11050000.000000 549 1
11100000.000000 1 22
11100000.000000 2 7
11100000.000000 3 2
11100000.000000 4 1
11100000.000000 554 1
11150000.000000 1 31
11150000.000000 2 2
11150000.000000 3 1
11150000.000000 4 2
11150000.000000 554 1
11200000.000000 1 36
11200000.000000 2 3
11200000.000000 3 2
11200000.000000 552 1
11250000.000000 1 35
11250000.000000 2 3
11250000.000000 3 1
11250000.000000 4 1
11250000.000000 552 1
11300000.000000 1 35
11300000.000000 2 3
11300000.000000 3 3
11300000.000000 550 1
11350000.000000 1 37
11350000.000000 2 5
11350000.000000 3 1
11350000.000000 550 1
11400000.000000 1 34
11400000.000000 2 7
11400000.000000 3 1
11400000.000000 549 1
11450000.000000 1 33
11450000.000000 2 8
11450000.000000 4 1
11450000.000000 547 1
11500000.000000 1 34
11500000.000000 2 2
11500000.000000 3 3
11500000.000000 553 1
11550000.000000 1 34
11550000.000000 2 6
11550000.000000 3 1
11550000.000000 551 1
11600000.000000 1 28
11600000.000000 2 9
11600000.000000 5 1
11600000.000000 549 1
11650000.000000 1 41
11650000.000000 2 4
11650000.000000 3 1
11650000.000000 4 1
11650000.000000 544 1
11700000.000000 1 35
11700000.000000 2 6
11700000.000000 3 2
11700000.000000 547 1
11750000.000000 1 30
11750000.000000 2 7
11750000.000000 3 4
11750000.000000 544 1
11800000.000000 1 32
11800000.000000 2 2
11800000.000000 3 3
11800000.000000 4 2
11800000.000000 547 1
11850000.000000 1 29
11850000.000000 2 3
11850000.000000 3 2
11850000.000000 4 3
11850000.000000 547 1
11900000.000000 1 33
11900000.000000 2 6
11900000.000000 3 1
11900000.000000 4 2
11900000.000000 544 1
11950000.000000 1 32
11950000.000000 2 5
11950000.000000 3 2
11950000.000000 4 1
11950000.000000 548 1
12000000.000000 1 30
12000000.000000 2 8
12000000.000000 3 3
12000000.000000 545 1
12050000.000000 1 31
12050000.000000 2 8
12050000.000000 3 3
12050000.000000 544 1
12100000.000000 1 34
12100000.000000 2 3
12100000.000000 3 3
12100000.000000 4 2
12100000.000000 543 1
12150000.000000 1 37
12150000.000000 2 3
12150000.000000 3 1
12150000.000000 4 2
12150000.000000 546 1
12200000.000000 1 31
12200000.000000 2 5
12200000.000000 3 2
12200000.000000 4 2
12200000.000000 545 1
12250000.000000 1 30
12250000.000000 2 9
12250000.000000 3 1
12250000.000000 4 1
12250000.000000 545 1
12300000.000000 1 35
12300000.000000 2 8
12300000.000000 3 1
12300000.000000 546 1
12350000.000000 1 40
12350000.000000 2 6
12350000.000000 548 1
12400000.000000 1 39
12400000.000000 2 5
12400000.000000 3 1
12400000.000000 548 1
12450000.000000 1 35
12450000.000000 2 6
12450000.000000 3 1
12450000.000000 4 1
12450000.000000 546 1
12500000.000000 1 34
12500000.000000 2 3
12500000.000000 3 2
12500000.000000 4 1
12500000.000000 550 1
12550000.000000 1 37
12550000.000000 2 4
12550000.000000 3 2
12550000.000000 549 1
12600000.000000 1 42
12600000.000000 2 5
12600000.000000 548 1
12650000.000000 1 42
12650000.000000 2 5
12650000.000000 548 1
12700000.000000 1 38
12700000.000000 2 7
12700000.000000 548 1
12750000.000000 1 37
12750000.000000 2 8
12750000.000000 3 1
12750000.000000 544 1
12800000.000000 1 40
12800000.000000 2 4
12800000.000000 3 1
12800000.000000 4 1
12800000.000000 545 1
12850000.000000 1 40
12850000.000000 2 6
12850000.000000 8 1
12850000.000000 540 1
12900000.000000 1 39
12900000.000000 2 4
12900000.000000 3 1
12900000.000000 550 1
12950000.000000 1 42
12950000.000000 2 4
12950000.000000 3 1
12950000.000000 547 1
13000000.000000 1 44
13000000.000000 2 2
13000000.000000 3 1
13000000.000000 549 1
13050000.000000 1 40
13050000.000000 2 4
13050000.000000 3 1
13050000.000000 549 1
13100000.000000 1 33
13100000.000000 2 6
13100000.000000 3 2
13100000.000000 549 1
13150000.000000 1 27
13150000.000000 2 6
13150000.000000 3 3
13150000.000000 552 1
13200000.000000 1 34
13200000.000000 2 4
13200000.000000 5 1
13200000.000000 553 1
13250000.000000 1 37
13250000.000000 2 3
13250000.000000 4 1
13250000.000000 553 1
13300000.000000 1 35
13300000.000000 3 2
13300000.000000 4 1
13300000.000000 5 1
13300000.000000 550 1
13350000.000000 1 31
13350000.000000 2 5
13350000.000000 5 1
13350000.000000 554 1
13400000.000000 1 39
13400000.000000 2 2
13400000.000000 4 1
13400000.000000 553 1
13450000.000000 1 37
13450000.000000 2 6
13450000.000000 551 1
13500000.000000 1 36
13500000.000000 2 5
13500000.000000 554 1
13550000.000000 1 31
13550000.000000 2 8
13550000.000000 3 2
13550000.000000 547 1
13600000.000000 1 32
13600000.000000 2 5
13600000.000000 3 1
13600000.000000 4 1
13600000.000000 551 1
13650000.000000 1 33
13650000.000000 2 7
13650000.000000 4 1
13650000.000000 549 1
13700000.000000 1 23
13700000.000000 2 8
13700000.000000 3 1
13700000.000000 4 1
13700000.000000 554 1
13750000.000000 1 31
13750000.000000 2 5
13750000.000000 3 1
13750000.000000 5 1
13750000.000000 551 1
13800000.000000 1 30
13800000.000000 2 8
13800000.000000 4 1
13800000.000000 550 1
13850000.000000 1 23
13850000.000000 2 7
13850000.000000 3 2
13850000.000000 557 1
13900000.000000 1 29
13900000.000000 2 4
13900000.000000 3 1
13900000.000000 4 2
13900000.000000 552 1
13950000.000000 1 30
13950000.000000 2 4
13950000.000000 3 1
13950000.000000 559 1
14000000.000000 1 34
14000000.000000 2 2
14000000.000000 3 1
14000000.000000 559 1
14050000.000000 1 40
14050000.000000 2 3
14050000.000000 554 1
14100000.000000 1 32
14100000.000000 2 3
14100000.000000 3 2
14100000.000000 556 1
14150000.000000 1 30
14150000.000000 2 3
14150000.000000 3 2
14150000.000000 558 1
14200000.000000 1 29
14200000.000000 2 9
14200000.000000 553 1
14250000.000000 1 26
14250000.000000 2 6
14250000.000000 5 1
14250000.000000 557 1
14300000.000000 1 29
14300000.000000 2 4
14300000.000000 3 1
14300000.000000 4 1
14300000.000000 556 1
14350000.000000 1 33
14350000.000000 2 4
14350000.000000 4 1
14350000.000000 555 1
14400000.000000 1 24
14400000.000000 2 5
14400000.000000 3 1
14400000.000000 4 1
14400000.000000 559 1
14450000.000000 1 32
14450000.000000 2 4
14450000.000000 3 1
14450000.000000 557 1
14500000.000000 1 36
14500000.000000 2 3
14500000.000000 3 1
14500000.000000 555 1
14550000.000000 1 31
14550000.000000 2 3
14550000.000000 3 1
14550000.000000 4 1
14550000.000000 556 1
14600000.000000 1 34
14600000.000000 2 5
14600000.000000 556 1
14650000.000000 1 28
14650000.000000 2 2
14650000.000000 3 2
14650000.000000 5 1
14650000.000000 557 1
14700000.000000 1 19
14700000.000000 2 7
14700000.000000 3 2
14700000.000000 561 1
14750000.000000 1 36
14750000.000000 2 3
14750000.000000 3 1
14750000.000000 555 1
14800000.000000 1 37
14800000.000000 2 3
14800000.000000 557 1
14850000.000000 1 29
14850000.000000 2 6
14850000.000000 559 1
14900000.000000 1 30
14900000.000000 2 2
14900000.000000 3 2
14900000.000000 560 1
14950000.000000 1 33
14950000.000000 2 2
14950000.000000 563 1
15000000.000000 1 34
15000000.000000 2 2
15000000.000000 562 1
15050000.000000 1 28
15050000.000000 2 5
15050000.000000 562 1
15100000.000000 1 28
15100000.000000 2 3
15100000.000000 3 1
15100000.000000 563 1
15150000.000000 1 31
15150000.000000 2 3
15150000.000000 3 1
15150000.000000 560 1
15200000.000000 1 38
15200000.000000 2 3
15200000.000000 3 1
15200000.000000 553 1
15250000.000000 1 30
15250000.000000 2 4
15250000.000000 4 1
15250000.000000 558 1
15300000.000000 1 36
15300000.000000 2 2
15300000.000000 3 1
15300000.000000 5 1
15300000.000000 552 1
15350000.000000 1 41
15350000.000000 3 3
15350000.000000 550 1
15400000.000000 1 43
15400000.000000 2 3
15400000.000000 551 1
15450000.000000 1 41
15450000.000000 2 3
15450000.000000 3 1
15450000.000000 550 1
15500000.000000 1 31
15500000.000000 2 7
15500000.000000 555 1
15550000.000000 1 35
15550000.000000 2 3
15550000.000000 3 1
15550000.000000 556 1
15600000.000000 1 31
15600000.000000 2 6
15600000.000000 557 1
15650000.000000 1 36
15650000.000000 2 4
15650000.000000 3 2
15650000.000000 550 1
15700000.000000 1 28
15700000.000000 2 2
15700000.000000 3 4
15700000.000000 5 1
15700000.000000 551 1
15750000.000000 1 35
15750000.000000 2 7
15750000.000000 5 1
15750000.000000 546 1
15800000.000000 1 30
15800000.000000 2 3
15800000.000000 3 2
15800000.000000 6 1
15800000.000000 552 1
15850000.000000 1 41
15850000.000000 2 3
15850000.000000 3 1
15850000.000000 550 1
15900000.000000 1 35
15900000.000000 2 8
15900000.000000 549 1
15950000.000000 1 34
15950000.000000 2 4
15950000.000000 3 2
15950000.000000 5 1
15950000.000000 547 1
16000000.000000 1 31
16000000.000000 2 7
16000000.000000 3 1
16000000.000000 552 1
16050000.000000 1 38
16050000.000000 2 3
16050000.000000 3 2
16050000.000000 550 1
16100000.000000 1 45
16100000.000000 2 3
16100000.000000 3 1
16100000.000000 546 1
16150000.000000 1 43
16150000.000000 2 5
16150000.000000 3 1
16150000.000000 544 1
16200000.000000 1 37
16200000.000000 2 4
16200000.000000 3 2
16200000.000000 4 2
16200000.000000 541 1
16250000.000000 1 44
16250000.000000 2 4
16250000.000000 3 1
16250000.000000 4 1
16250000.000000 541 1
16300000.000000 1 40
16300000.000000 2 7
16300000.000000 3 2
16300000.000000 540 1
16350000.000000 1 41
16350000.000000 2 3
16350000.000000 5 1
16350000.000000 548 1
16400000.000000 1 38
16400000.000000 2 2
16400000.000000 3 2
16400000.000000 4 2
16400000.000000 544 1
16450000.000000 1 35
16450000.000000 2 7
16450000.000000 3 1
16450000.000000 548 1
16500000.000000 1 34
16500000.000000 2 6
16500000.000000 4 1
16500000.000000 550 1
16550000.000000 1 33
16550000.000000 2 4
16550000.000000 3 1
16550000.000000 4 1
16550000.000000 552 1
16600000.000000 1 37
16600000.000000 2 4
16600000.000000 3 1
16600000.000000 552 1
16650000.000000 1 42
16650000.000000 2 2
16650000.000000 4 1
16650000.000000 550 1
16700000.000000 1 34
16700000.000000 2 3
16700000.000000 3 1
16700000.000000 6 1
16700000.000000 551 1
16750000.000000 1 31
16750000.000000 2 5
16750000.000000 3 1
16750000.000000 6 1
16750000.000000 550 1
16800000.000000 1 32
16800000.000000 2 5
16800000.000000 3 2
16800000.000000 5 1
16800000.000000 547 1
16850000.000000 1 40
16850000.000000 2 4
16850000.000000 6 1
16850000.000000 546 1
16900000.000000 1 40
16900000.000000 2 1
16900000.000000 4 1
16900000.000000 554 1
16950000.000000 1 33
16950000.000000 2 3
16950000.000000 3 1
16950000.000000 558 1
17000000.000000 1 30
17000000.000000 2 8
17000000.000000 554 1
17050000.000000 1 35
17050000.000000 2 3
17050000.000000 6 1
17050000.000000 553 1
17100000.000000 1 35
17100000.000000 2 5
17100000.000000 3 1
17100000.000000 552 1
17150000.000000 1 34
17150000.000000 2 4
17150000.000000 3 2
17150000.000000 552 1
17200000.000000 1 36
17200000.000000 2 3
17200000.000000 3 1
17200000.000000 555 1
17250000.000000 1 28
17250000.000000 2 5
17250000.000000 3 1
17250000.000000 4 1
17250000.000000 555 1
17300000.000000 1 38
17300000.000000 2 3
17300000.000000 3 1
17300000.000000 553 1
17350000.000000 1 35
17350000.000000 2 4
17350000.000000 5 1
17350000.000000 552 1
17400000.000000 1 33
17400000.000000 2 1
17400000.000000 3 2
17400000.000000 4 1
17400000.000000 555 1
17450000.000000 1 35
17450000.000000 2 2
17450000.000000 3 1
17450000.000000 558 1
17500000.000000 1 32
17500000.000000 2 3
17500000.000000 3 2
17500000.000000 556 1
17550000.000000 1 33
17550000.000000 2 7
17550000.000000 553 1
17600000.000000 1 32
17600000.000000 2 5
17600000.000000 558 1
17650000.000000 1 33
17650000.000000 2 5
17650000.000000 557 1
17700000.000000 1 39
17700000.000000 2 2
17700000.000000 557 1
17750000.000000 1 31
17750000.000000 2 3
17750000.000000 563 1
17800000.000000 1 32
17800000.000000 2 3
17800000.000000 3 1
17800000.000000 559 1
17850000.000000 1 31
17850000.000000 2 2
17850000.000000 565 1
17900000.000000 1 29
17900000.000000 2 2
17900000.000000 3 3
17900000.000000 558 1
17950000.000000 1 33
17950000.000000 2 2
17950000.000000 3 1
17950000.000000 560 1
18000000.000000 1 37
18000000.000000 2 2
18000000.000000 559 1
18050000.000000 1 32
18050000.000000 2 6
18050000.000000 556 1
18100000.000000 1 35
18100000.000000 2 3
18100000.000000 4 1
18100000.000000 555 1
18150000.000000 1 28
18150000.000000 2 2
18150000.000000 3 1
18150000.000000 5 1
18150000.000000 560 1
18200000.000000 1 26
18200000.000000 2 3
18200000.000000 4 2
18200000.000000 560 1
18250000.000000 1 29
18250000.000000 2 3
18250000.000000 3 3
18250000.000000 6 1
18250000.000000 550 1
18300000.000000 1 29
18300000.000000 2 3
18300000.000000 3 2
18300000.000000 6 1
18300000.000000 553 1
18350000.000000 1 35
18350000.000000 2 3
18350000.000000 4 1
18350000.000000 555 1
18400000.000000 1 28
18400000.000000 2 5
18400000.000000 3 1
18400000.000000 5 1
18400000.000000 554 1
18450000.000000 1 26
18450000.000000 2 5
18450000.000000 3 2
18450000.000000 6 1
18450000.000000 552 1
18500000.000000 1 29
18500000.000000 2 3
18500000.000000 3 1
18500000.000000 4 1
18500000.000000 558 1
18550000.000000 1 30
18550000.000000 2 7
18550000.000000 556 1
18600000.000000 1 29
18600000.000000 2 4
18600000.000000 3 1
18600000.000000 560 1
18650000.000000 1 31
18650000.000000 2 6
18650000.000000 3 1
18650000.000000 554 1
18700000.000000 1 26
18700000.000000 2 6
18700000.000000 5 1
18700000.000000 557 1
18750000.000000 1 30
18750000.000000 2 4
18750000.000000 5 1
18750000.000000 557 1
18800000.000000 1 29
18800000.000000 2 3
18800000.000000 3 2
18800000.000000 4 1
18800000.000000 555 1
18850000.000000 1 30
18850000.000000 2 4
18850000.000000 3 2
18850000.000000 556 1
18900000.000000 1 34
18900000.000000 2 8
18900000.000000 550 1
18950000.000000 1 31
18950000.000000 2 7
18950000.000000 3 2
18950000.000000 549 1
19000000.000000 1 36
19000000.000000 2 6
19000000.000000 3 1
19000000.000000 549 1
19050000.000000 1 31
19050000.000000 2 5
19050000.000000 3 2
19050000.000000 553 1
19100000.000000 1 36
19100000.000000 2 5
19100000.000000 3 1
19100000.000000 4 1
19100000.000000 547 1
19150000.000000 1 35
19150000.000000 2 3
19150000.000000 3 1
19150000.000000 6 1
19150000.000000 550 1
19200000.000000 1 37
19200000.000000 2 4
19200000.000000 5 1
19200000.000000 550 1
19250000.000000 1 32
19250000.000000 2 6
19250000.000000 3 1
19250000.000000 5 1
19250000.000000 548 1
19300000.000000 1 29
19300000.000000 2 6
19300000.000000 3 2
19300000.000000 553 1
19350000.000000 1 32
19350000.000000 2 6
19350000.000000 556 1
19400000.000000 1 34
19400000.000000 2 3
19400000.000000 3 1
19400000.000000 4 1
19400000.000000 553 1
19450000.000000 1 33
19450000.000000 2 3
19450000.000000 3 1
19450000.000000 4 1
19450000.000000 554 1
19500000.000000 1 36
19500000.000000 2 4
19500000.000000 3 1
19500000.000000 553 1
19550000.000000 1 31
19550000.000000 2 5
19550000.000000 3 2
19550000.000000 553 1
19600000.000000 1 27
19600000.000000 2 3
19600000.000000 3 2
19600000.000000 4 2
19600000.000000 553 1
19650000.000000 1 27
19650000.000000 2 2
19650000.000000 3 3
19650000.000000 4 1
19650000.000000 556 1
19700000.000000 1 31
19700000.000000 2 4
19700000.000000 4 1
19700000.000000 557 1
19750000.000000 1 35
19750000.000000 2 4
19750000.000000 3 1
19750000.000000 554 1
19800000.000000 1 27
19800000.000000 2 5
19800000.000000 3 2
19800000.000000 557 1
19850000.000000 1 18
19850000.000000 2 9
19850000.000000 4 1
19850000.000000 560 1
19900000.000000 1 34
19900000.000000 2 4
19900000.000000 558 1
19950000.000000 1 32
19950000.000000 2 5
19950000.000000 558 1
20000000.000000 1 37
20000000.000000 2 3
20000000.000000 3 1
20000000.000000 554 1
