# time largest_cluster_rg
50000.000000 29.8637809052
100000.000000 29.3528013717
150000.000000 35.7724313545
200000.000000 27.5096816161
250000.000000 38.9686936592
300000.000000 28.9245052609
350000.000000 29.8276220372
400000.000000 27.6487337871
450000.000000 29.2494685862
500000.000000 23.8161947448
550000.000000 27.5187021709
600000.000000 26.6104461230
650000.000000 24.4376897403
700000.000000 32.6823338048
750000.000000 28.1043304420
800000.000000 22.1486950407
850000.000000 29.9828799866
900000.000000 10.5474735832
950000.000000 21.4566457809
1000000.000000 20.9032928484
1050000.000000 27.2575506213
1100000.000000 29.0185312959
1150000.000000 21.8720209858
1200000.000000 22.1958946151
1250000.000000 27.7042035075
1300000.000000 28.7428612873
1350000.000000 17.1137846511
1400000.000000 29.8663496921
1450000.000000 27.7973437394
1500000.000000 24.4300293510
1550000.000000 17.4917839335
1600000.000000 29.2537638504
1650000.000000 27.3489828577
1700000.000000 27.9780360776
1750000.000000 15.3140548114
1800000.000000 28.3172025227
1850000.000000 17.4593358492
1900000.000000 18.1185340785
1950000.000000 18.9896487554
2000000.000000 18.6230033938
2050000.000000 17.7996233347
2100000.000000 16.9465640560
2150000.000000 16.9115237492
2200000.000000 16.7566664850
2250000.000000 27.4053170507
2300000.000000 16.0525142128
2350000.000000 15.6864390896
2400000.000000 15.7645944757
2450000.000000 15.6727069601
2500000.000000 15.3682037441
2550000.000000 15.5732961156
2600000.000000 15.2327849210
2650000.000000 15.0954525559
2700000.000000 15.3815960391
2750000.000000 14.9724935580
2800000.000000 27.2635746632
2850000.000000 14.3087199017
2900000.000000 14.5878717713
2950000.000000 14.2321002516
3000000.000000 14.4752114729
3050000.000000 13.8735960706
3100000.000000 14.0488394928
3150000.000000 13.4873767694
3200000.000000 13.3012572755
3250000.000000 13.5436121838
3300000.000000 13.5639691876
3350000.000000 13.6022367211
3400000.000000 13.8044671544
3450000.000000 13.6045633865
3500000.000000 24.7418122317
3550000.000000 13.4452862625
3600000.000000 24.4385954323
3650000.000000 26.6068031117
3700000.000000 26.4783170844
3750000.000000 24.5942853766
3800000.000000 26.1890311461
3850000.000000 24.4260310555
3900000.000000 25.8657139674
3950000.000000 26.7381696083
4000000.000000 12.8818882499
4050000.000000 26.8625753018
4100000.000000 12.8189402203
4150000.000000 13.2659865682
4200000.000000 13.2763810700
4250000.000000 13.0692970681
4300000.000000 12.8517078024
4350000.000000 12.9173154286
4400000.000000 12.8940930898
4450000.000000 12.6120047452
4500000.000000 12.9035609987
4550000.000000 13.0849358362
4600000.000000 13.0463896292
4650000.000000 12.9389084805
4700000.000000 27.3927989070
4750000.000000 12.7977996144
4800000.000000 12.9175470015
4850000.000000 12.4628742688
4900000.000000 12.6635545487
4950000.000000 27.2592222602
5000000.000000 25.4810360990
5050000.000000 12.7908521442
5100000.000000 12.9266226916
5150000.000000 12.2189646779
5200000.000000 12.8888883788
5250000.000000 12.6707054011
5300000.000000 12.6777004922
5350000.000000 28.2452904435
5400000.000000 12.9060242165
5450000.000000 12.8488931704
5500000.000000 12.9773584602
5550000.000000 12.7331503643
5600000.000000 12.5357852351
5650000.000000 12.8490887592
5700000.000000 12.8939548092
5750000.000000 12.7922749218
5800000.000000 27.2528694838
5850000.000000 12.8946197753
5900000.000000 12.8505004738
5950000.000000 12.3782720699
6000000.000000 12.8003874400
6050000.000000 12.5011947438
6100000.000000 12.6686977556
6150000.000000 12.6405635187
6200000.000000 12.5692114951
6250000.000000 12.8100752607
6300000.000000 13.1884590406
6350000.000000 24.6470099507
6400000.000000 12.5855129110
6450000.000000 12.6263070296
6500000.000000 12.7915348168
6550000.000000 13.2204837490
6600000.000000 12.9922746345
6650000.000000 12.6952457744
6700000.000000 25.6514745796
6750000.000000 24.9973126976
6800000.000000 12.8053011721
6850000.000000 13.3824816146
6900000.000000 13.2699976132
6950000.000000 12.8326541861
7000000.000000 12.8271097801
7050000.000000 12.7056704244
7100000.000000 12.9425230060
7150000.000000 12.7769982908
7200000.000000 24.7807040910
7250000.000000 12.5324169003
7300000.000000 25.1083748261
7350000.000000 12.8526953950
7400000.000000 25.2879581377
7450000.000000 24.9457109048
7500000.000000 24.8004561761
7550000.000000 24.8492631407
7600000.000000 24.0571078273
7650000.000000 13.0199104911
7700000.000000 22.8666344086
7750000.000000 13.2283655848
7800000.000000 23.8647448505
7850000.000000 24.9137634296
7900000.000000 24.1770935904
7950000.000000 23.1678048507
8000000.000000 22.5085120805
8050000.000000 24.3486688640
8100000.000000 23.0711002404
8150000.000000 22.0674908166
8200000.000000 21.8648524068
8250000.000000 21.7558881450
8300000.000000 21.6923171273
8350000.000000 21.9640851829
8400000.000000 22.2147050394
8450000.000000 21.9193495997
8500000.000000 22.1002705392
8550000.000000 22.1738067591
8600000.000000 21.7533596606
8650000.000000 22.2775579477
8700000.000000 23.9243714541
8750000.000000 22.1261727182
8800000.000000 25.1959340582
8850000.000000 21.8663073825
8900000.000000 22.0435539406
8950000.000000 21.8213802083
9000000.000000 20.4220148494
9050000.000000 22.0202269128
9100000.000000 21.5617187573
9150000.000000 21.0253810545
9200000.000000 20.5448544045
9250000.000000 22.6875584244
9300000.000000 22.1466837462
9350000.000000 25.5512970670
9400000.000000 21.8913275051
9450000.000000 23.5802943372
9500000.000000 22.0127532905
9550000.000000 21.8627120082
9600000.000000 21.5292434976
9650000.000000 21.0460052089
9700000.000000 21.0261708910
9750000.000000 20.7152584426
9800000.000000 20.0886686323
9850000.000000 20.1818078128
9900000.000000 21.7633716747
9950000.000000 21.2131704091
10000000.000000 22.3201078433
10050000.000000 21.0688186288
10100000.000000 21.1600163195
10150000.000000 22.0581505311
10200000.000000 20.6381002929
10250000.000000 20.3327034499
10300000.000000 21.0442334495
10350000.000000 21.4863462289
10400000.000000 20.3913095055
10450000.000000 19.9825014941
10500000.000000 24.6084868162
10550000.000000 19.9650269383
10600000.000000 19.7589925535
10650000.000000 19.8655587334
10700000.000000 19.2586665649
10750000.000000 18.6498827504
10800000.000000 18.9453260314
10850000.000000 19.0177699062
10900000.000000 18.6602652308
10950000.000000 18.4406340401
11000000.000000 19.3583680348
11050000.000000 18.7048966149
11100000.000000 18.9120642812
11150000.000000 19.7399391008
11200000.000000 18.4803261218
11250000.000000 20.3784221284
11300000.000000 25.8390847228
11350000.000000 19.5091007835
11400000.000000 19.2587174623
11450000.000000 19.0879401045
11500000.000000 19.7380058235
11550000.000000 25.1590999243
11600000.000000 21.5471376820
11650000.000000 18.4213358886
11700000.000000 19.5006661701
11750000.000000 19.3788839605
11800000.000000 20.7419209691
11850000.000000 19.0452615038
11900000.000000 19.8125792368
11950000.000000 18.0274319604
12000000.000000 17.4345131538
12050000.000000 17.4389630417
12100000.000000 18.2305918691
12150000.000000 20.7452774429
12200000.000000 17.8529296796
12250000.000000 18.4372222829
12300000.000000 17.3918279110
12350000.000000 18.1141965505
12400000.000000 17.9876756832
12450000.000000 17.5569507166
12500000.000000 17.7038407674
12550000.000000 20.1258567111
12600000.000000 18.1169262474
12650000.000000 17.8367739094
12700000.000000 19.0208088683
12750000.000000 20.4926572965
12800000.000000 21.7860748123
12850000.000000 18.4064828862
12900000.000000 23.1197341716
12950000.000000 17.7997986090
13000000.000000 20.0755223220
13050000.000000 17.8240902289
13100000.000000 21.7653861754
13150000.000000 41.4186572542
13200000.000000 44.6160176298
13250000.000000 18.6870674094
13300000.000000 18.6180583288
13350000.000000 18.9717771264
13400000.000000 18.2311437667
13450000.000000 17.7982846523
13500000.000000 19.5434001688
13550000.000000 17.4217787252
13600000.000000 17.6859351016
13650000.000000 18.7965698581
13700000.000000 16.8020276564
13750000.000000 17.6082381536
13800000.000000 17.0300203467
13850000.000000 17.9343682315
13900000.000000 17.3555309441
13950000.000000 17.5531574007
14000000.000000 18.5017585954
14050000.000000 17.8537775565
14100000.000000 17.1693593117
14150000.000000 17.8659898503
14200000.000000 16.6447437794
14250000.000000 16.4629244729
14300000.000000 17.4822477536
14350000.000000 17.1288875124
14400000.000000 16.7057942559
14450000.000000 17.3020015996
14500000.000000 18.0101289137
14550000.000000 16.9557312162
14600000.000000 17.3986229244
14650000.000000 18.4561332880
14700000.000000 19.4893172106
14750000.000000 17.1644327215
14800000.000000 16.7984302054
14850000.000000 18.3584374489
14900000.000000 18.1686204370
14950000.000000 17.7494030959
15000000.000000 17.1106324273
15050000.000000 18.2439493945
15100000.000000 17.7804601091
15150000.000000 17.9035806831
15200000.000000 18.6269737279
15250000.000000 19.2591931878
15300000.000000 17.7387191841
15350000.000000 17.9705472612
15400000.000000 18.0074079534
15450000.000000 18.0056598028
15500000.000000 19.6387775834
15550000.000000 18.9523408459
15600000.000000 19.0174980727
15650000.000000 17.1908715788
15700000.000000 20.1007476242
15750000.000000 18.2323289097
15800000.000000 20.3042281026
15850000.000000 17.9619569077
15900000.000000 20.3500212229
15950000.000000 18.5600825562
16000000.000000 19.4553792604
16050000.000000 19.3034461985
16100000.000000 18.8788646097
16150000.000000 18.7155812138
16200000.000000 18.1088927456
16250000.000000 20.3471885515
16300000.000000 17.9575747188
16350000.000000 20.0000946520
16400000.000000 18.3235988145
16450000.000000 19.7255234729
16500000.000000 19.3166126378
16550000.000000 18.3699984888
16600000.000000 20.0953180802
16650000.000000 19.8077789623
16700000.000000 20.4322816745
16750000.000000 21.6331976312
16800000.000000 20.8418417194
16850000.000000 19.0393754761
16900000.000000 20.2739945445
16950000.000000 19.5671816105
17000000.000000 20.8539104150
17050000.000000 23.6621845342
17100000.000000 21.7165325239
17150000.000000 18.3034701314
17200000.000000 17.9246683519
17250000.000000 19.9357225742
17300000.000000 25.8362853376
17350000.000000 20.4414873247
17400000.000000 18.2228963663
17450000.000000 18.7079278337
17500000.000000 22.0216416398
17550000.000000 20.0964640160
17600000.000000 19.7878002457
17650000.000000 22.1956856097
17700000.000000 20.5150941797
17750000.000000 18.8798514174
17800000.000000 19.6673054901
17850000.000000 21.9298091233
17900000.000000 21.5391150427
17950000.000000 18.9536232708
18000000.000000 21.5748622798
18050000.000000 20.4092773961
18100000.000000 18.1391667780
18150000.000000 20.3156557393
18200000.000000 19.9898677819
18250000.000000 19.5476330194
18300000.000000 21.0699369220
18350000.000000 19.0401172626
18400000.000000 19.5964391909
18450000.000000 18.6918053935
18500000.000000 19.6103259862
18550000.000000 18.4282589640
18600000.000000 18.2716801211
18650000.000000 19.4921420916
18700000.000000 18.6498204089
18750000.000000 17.9674847144
18800000.000000 17.9566817674
18850000.000000 18.5352027127
18900000.000000 17.1124512169
18950000.000000 18.7722905700
19000000.000000 19.1337222263
19050000.000000 17.6668194476
19100000.000000 17.9295815781
19150000.000000 18.2747118005
19200000.000000 18.4148613141
19250000.000000 17.4829184905
19300000.000000 19.1403344165
19350000.000000 18.0118927465
19400000.000000 19.1591398311
19450000.000000 18.8832650679
19500000.000000 21.6465014703
19550000.000000 18.1967750154
19600000.000000 19.1899976045
19650000.000000 17.5452223750
19700000.000000 18.9647090294
19750000.000000 18.9500319581
19800000.000000 20.7693775752
19850000.000000 19.9986475891
19900000.000000 19.3535526444
19950000.000000 20.2738061705
20000000.000000 18.8167895730
