# time mean_cluster_size
50000.000000 100.0000000000
100000.000000 54.5454545455
150000.000000 54.5454545455
200000.000000 33.3333333333
250000.000000 19.3548387097
300000.000000 18.7500000000
350000.000000 15.7894736842
400000.000000 18.7500000000
450000.000000 15.0000000000
500000.000000 13.3333333333
550000.000000 12.5000000000
600000.000000 14.2857142857
650000.000000 13.0434782609
700000.000000 15.0000000000
750000.000000 15.7894736842
800000.000000 14.2857142857
850000.000000 14.6341463415
900000.000000 11.7647058824
950000.000000 12.7659574468
1000000.000000 12.0000000000
1050000.000000 11.7647058824
1100000.000000 11.1111111111
1150000.000000 11.3207547170
1200000.000000 12.2448979592
1250000.000000 11.5384615385
1300000.000000 12.2448979592
1350000.000000 13.6363636364
1400000.000000 12.5000000000
1450000.000000 12.5000000000
1500000.000000 11.1111111111
1550000.000000 11.7647058824
1600000.000000 12.5000000000
1650000.000000 10.9090909091
1700000.000000 13.3333333333
1750000.000000 11.3207547170
1800000.000000 12.7659574468
1850000.000000 11.7647058824
1900000.000000 11.3207547170
1950000.000000 12.7659574468
2000000.000000 13.6363636364
2050000.000000 13.3333333333
2100000.000000 11.7647058824
2150000.000000 12.5000000000
2200000.000000 12.0000000000
2250000.000000 13.3333333333
2300000.000000 12.2448979592
2350000.000000 13.9534883721
2400000.000000 12.7659574468
2450000.000000 13.3333333333
2500000.000000 13.3333333333
2550000.000000 12.5000000000
2600000.000000 12.2448979592
2650000.000000 11.5384615385
2700000.000000 11.5384615385
2750000.000000 13.0434782609
2800000.000000 12.5000000000
2850000.000000 10.7142857143
2900000.000000 10.5263157895
2950000.000000 11.1111111111
3000000.000000 10.5263157895
3050000.000000 12.5000000000
3100000.000000 11.5384615385
3150000.000000 10.7142857143
3200000.000000 10.7142857143
3250000.000000 10.9090909091
3300000.000000 11.7647058824
3350000.000000 9.5238095238
3400000.000000 10.1694915254
3450000.000000 10.3448275862
3500000.000000 10.9090909091
3550000.000000 10.0000000000
3600000.000000 11.3207547170
3650000.000000 11.5384615385
3700000.000000 11.7647058824
3750000.000000 13.0434782609
3800000.000000 13.0434782609
3850000.000000 12.2448979592
3900000.000000 11.3207547170
3950000.000000 10.7142857143
4000000.000000 10.3448275862
4050000.000000 9.8360655738
4100000.000000 10.9090909091
4150000.000000 9.8360655738
4200000.000000 10.9090909091
4250000.000000 11.3207547170
4300000.000000 11.3207547170
4350000.000000 15.0000000000
4400000.000000 13.6363636364
4450000.000000 12.5000000000
4500000.000000 12.2448979592
4550000.000000 11.7647058824
4600000.000000 11.7647058824
4650000.000000 12.0000000000
4700000.000000 12.2448979592
4750000.000000 10.9090909091
4800000.000000 11.5384615385
4850000.000000 12.7659574468
4900000.000000 12.7659574468
4950000.000000 14.6341463415
5000000.000000 13.6363636364
5050000.000000 11.3207547170
5100000.000000 12.0000000000
5150000.000000 11.5384615385
5200000.000000 10.9090909091
5250000.000000 10.7142857143
5300000.000000 13.6363636364
5350000.000000 12.7659574468
5400000.000000 12.2448979592
5450000.000000 11.5384615385
5500000.000000 11.1111111111
5550000.000000 12.5000000000
5600000.000000 11.5384615385
5650000.000000 13.0434782609
5700000.000000 13.0434782609
5750000.000000 15.3846153846
5800000.000000 16.6666666667
5850000.000000 12.7659574468
5900000.000000 15.0000000000
5950000.000000 14.6341463415
6000000.000000 13.6363636364
6050000.000000 12.0000000000
6100000.000000 12.5000000000
6150000.000000 14.2857142857
6200000.000000 17.1428571429
6250000.000000 12.2448979592
6300000.000000 13.6363636364
6350000.000000 15.0000000000
6400000.000000 16.2162162162
6450000.000000 15.0000000000
6500000.000000 13.9534883721
6550000.000000 12.7659574468
6600000.000000 14.6341463415
6650000.000000 12.7659574468
6700000.000000 13.6363636364
6750000.000000 13.9534883721
6800000.000000 13.6363636364
6850000.000000 13.6363636364
6900000.000000 14.6341463415
6950000.000000 13.9534883721
7000000.000000 14.6341463415
7050000.000000 15.0000000000
7100000.000000 13.6363636364
7150000.000000 13.0434782609
7200000.000000 14.6341463415
7250000.000000 11.3207547170
7300000.000000 13.3333333333
7350000.000000 13.6363636364
7400000.000000 13.6363636364
7450000.000000 13.0434782609
7500000.000000 13.0434782609
7550000.000000 14.6341463415
7600000.000000 14.6341463415
7650000.000000 12.5000000000
7700000.000000 13.6363636364
7750000.000000 13.3333333333
7800000.000000 13.9534883721
7850000.000000 12.7659574468
7900000.000000 12.7659574468
7950000.000000 13.3333333333
8000000.000000 15.0000000000
8050000.000000 13.6363636364
8100000.000000 15.3846153846
8150000.000000 13.3333333333
8200000.000000 13.6363636364
8250000.000000 11.7647058824
8300000.000000 12.5000000000
8350000.000000 12.2448979592
8400000.000000 12.2448979592
8450000.000000 12.2448979592
8500000.000000 12.7659574468
8550000.000000 12.5000000000
8600000.000000 13.0434782609
8650000.000000 16.2162162162
8700000.000000 15.0000000000
8750000.000000 14.6341463415
8800000.000000 15.7894736842
8850000.000000 16.6666666667
8900000.000000 14.2857142857
8950000.000000 13.6363636364
9000000.000000 14.2857142857
9050000.000000 13.3333333333
9100000.000000 12.2448979592
9150000.000000 15.0000000000
9200000.000000 15.7894736842
9250000.000000 14.2857142857
9300000.000000 15.3846153846
9350000.000000 16.6666666667
9400000.000000 19.3548387097
9450000.000000 17.6470588235
9500000.000000 19.3548387097
9550000.000000 16.6666666667
9600000.000000 17.1428571429
9650000.000000 17.6470588235
9700000.000000 17.1428571429
9750000.000000 17.1428571429
9800000.000000 15.3846153846
9850000.000000 15.3846153846
9900000.000000 15.3846153846
9950000.000000 15.3846153846
10000000.000000 15.0000000000
10050000.000000 15.7894736842
10100000.000000 15.0000000000
10150000.000000 13.0434782609
10200000.000000 12.7659574468
10250000.000000 12.7659574468
10300000.000000 12.7659574468
10350000.000000 15.3846153846
10400000.000000 14.2857142857
10450000.000000 15.3846153846
10500000.000000 16.2162162162
10550000.000000 16.6666666667
10600000.000000 15.3846153846
10650000.000000 17.1428571429
10700000.000000 17.1428571429
10750000.000000 16.2162162162
10800000.000000 15.7894736842
10850000.000000 15.3846153846
10900000.000000 14.6341463415
10950000.000000 17.1428571429
11000000.000000 15.7894736842
11050000.000000 15.3846153846
11100000.000000 18.1818181818
11150000.000000 16.2162162162
11200000.000000 14.2857142857
11250000.000000 14.6341463415
11300000.000000 14.2857142857
11350000.000000 13.6363636364
11400000.000000 13.9534883721
11450000.000000 13.9534883721
11500000.000000 15.0000000000
11550000.000000 14.2857142857
11600000.000000 15.3846153846
11650000.000000 12.5000000000
11700000.000000 13.6363636364
11750000.000000 14.2857142857
11800000.000000 15.0000000000
11850000.000000 15.7894736842
11900000.000000 13.9534883721
11950000.000000 14.6341463415
12000000.000000 14.2857142857
12050000.000000 13.9534883721
12100000.000000 13.9534883721
12150000.000000 13.6363636364
12200000.000000 14.6341463415
12250000.000000 14.2857142857
12300000.000000 13.3333333333
12350000.000000 12.7659574468
12400000.000000 13.0434782609
12450000.000000 13.6363636364
12500000.000000 14.6341463415
12550000.000000 13.6363636364
12600000.000000 12.5000000000
12650000.000000 12.5000000000
12700000.000000 13.0434782609
12750000.000000 12.7659574468
12800000.000000 12.7659574468
12850000.000000 12.5000000000
12900000.000000 13.3333333333
12950000.000000 12.5000000000
13000000.000000 12.5000000000
13050000.000000 13.0434782609
13100000.000000 14.2857142857
13150000.000000 16.2162162162
13200000.000000 15.0000000000
13250000.000000 14.2857142857
13300000.000000 15.0000000000
13350000.000000 15.7894736842
13400000.000000 13.9534883721
13450000.000000 13.6363636364
13500000.000000 14.2857142857
13550000.000000 14.2857142857
13600000.000000 15.0000000000
13650000.000000 14.2857142857
13700000.000000 17.6470588235
13750000.000000 15.3846153846
13800000.000000 15.0000000000
13850000.000000 18.1818181818
13900000.000000 16.2162162162
13950000.000000 16.6666666667
14000000.000000 15.7894736842
14050000.000000 13.6363636364
14100000.000000 15.7894736842
14150000.000000 16.6666666667
14200000.000000 15.3846153846
14250000.000000 17.6470588235
14300000.000000 16.6666666667
14350000.000000 15.3846153846
14400000.000000 18.7500000000
14450000.000000 15.7894736842
14500000.000000 14.6341463415
14550000.000000 16.2162162162
14600000.000000 15.0000000000
14650000.000000 17.6470588235
14700000.000000 20.6896551724
14750000.000000 14.6341463415
14800000.000000 14.6341463415
14850000.000000 16.6666666667
14900000.000000 17.1428571429
14950000.000000 16.6666666667
15000000.000000 16.2162162162
15050000.000000 17.6470588235
15100000.000000 18.1818181818
15150000.000000 16.6666666667
15200000.000000 13.9534883721
15250000.000000 16.6666666667
15300000.000000 14.6341463415
15350000.000000 13.3333333333
15400000.000000 12.7659574468
15450000.000000 13.0434782609
15500000.000000 15.3846153846
15550000.000000 15.0000000000
15600000.000000 15.7894736842
15650000.000000 13.9534883721
15700000.000000 16.6666666667
15750000.000000 13.6363636364
15800000.000000 16.2162162162
15850000.000000 13.0434782609
15900000.000000 13.6363636364
15950000.000000 14.2857142857
16000000.000000 15.0000000000
16050000.000000 13.6363636364
16100000.000000 12.0000000000
16150000.000000 12.0000000000
16200000.000000 13.0434782609
16250000.000000 11.7647058824
16300000.000000 12.0000000000
16350000.000000 13.0434782609
16400000.000000 13.3333333333
16450000.000000 13.6363636364
16500000.000000 14.2857142857
16550000.000000 15.0000000000
16600000.000000 13.9534883721
16650000.000000 13.0434782609
16700000.000000 15.0000000000
16750000.000000 15.3846153846
16800000.000000 14.6341463415
16850000.000000 13.0434782609
16900000.000000 13.9534883721
16950000.000000 15.7894736842
17000000.000000 15.3846153846
17050000.000000 15.0000000000
17100000.000000 14.2857142857
17150000.000000 14.6341463415
17200000.000000 14.6341463415
17250000.000000 16.6666666667
17300000.000000 13.9534883721
17350000.000000 14.6341463415
17400000.000000 15.7894736842
17450000.000000 15.3846153846
17500000.000000 15.7894736842
17550000.000000 14.6341463415
17600000.000000 15.7894736842
17650000.000000 15.3846153846
17700000.000000 14.2857142857
17750000.000000 17.1428571429
17800000.000000 16.2162162162
17850000.000000 17.6470588235
17900000.000000 17.1428571429
17950000.000000 16.2162162162
18000000.000000 15.0000000000
18050000.000000 15.3846153846
18100000.000000 15.0000000000
18150000.000000 18.1818181818
18200000.000000 18.7500000000
18250000.000000 16.2162162162
18300000.000000 16.6666666667
18350000.000000 15.0000000000
18400000.000000 16.6666666667
18450000.000000 17.1428571429
18500000.000000 17.1428571429
18550000.000000 15.7894736842
18600000.000000 17.1428571429
18650000.000000 15.3846153846
18700000.000000 17.6470588235
18750000.000000 16.6666666667
18800000.000000 16.6666666667
18850000.000000 16.2162162162
18900000.000000 13.9534883721
18950000.000000 14.6341463415
19000000.000000 13.6363636364
19050000.000000 15.3846153846
19100000.000000 13.6363636364
19150000.000000 14.6341463415
19200000.000000 13.9534883721
19250000.000000 14.6341463415
19300000.000000 15.7894736842
19350000.000000 15.3846153846
19400000.000000 15.0000000000
19450000.000000 15.3846153846
19500000.000000 14.2857142857
19550000.000000 15.3846153846
19600000.000000 17.1428571429
19650000.000000 17.6470588235
19700000.000000 16.2162162162
19750000.000000 14.6341463415
19800000.000000 17.1428571429
19850000.000000 20.6896551724
19900000.000000 15.3846153846
19950000.000000 15.7894736842
20000000.000000 14.2857142857
