# time largest_cluster_fraction_percent
150000.000000 99.0769230769
200000.000000 99.2307692308
250000.000000 98.7692307692
300000.000000 99.2307692308
350000.000000 99.6923076923
400000.000000 98.7692307692
450000.000000 98.6153846154
500000.000000 99.0769230769
550000.000000 98.6153846154
600000.000000 99.2307692308
650000.000000 98.9230769231
700000.000000 97.6923076923
750000.000000 98.0000000000
800000.000000 99.2307692308
850000.000000 98.9230769231
900000.000000 99.0769230769
950000.000000 99.0769230769
1000000.000000 99.6923076923
1050000.000000 98.9230769231
1100000.000000 99.3846153846
1150000.000000 98.9230769231
1200000.000000 98.3076923077
1250000.000000 98.9230769231
1300000.000000 98.3076923077
1350000.000000 98.4615384615
1400000.000000 98.6153846154
1450000.000000 99.0769230769
1500000.000000 98.9230769231
1550000.000000 98.9230769231
1600000.000000 98.9230769231
1650000.000000 98.9230769231
1700000.000000 98.9230769231
1750000.000000 98.7692307692
1800000.000000 99.3846153846
1850000.000000 99.8461538462
1900000.000000 98.6153846154
1950000.000000 99.6923076923
2000000.000000 98.4615384615
2050000.000000 98.6153846154
2100000.000000 99.3846153846
2150000.000000 99.0769230769
2200000.000000 98.9230769231
2250000.000000 98.6153846154
2300000.000000 99.5384615385
2350000.000000 98.7692307692
2400000.000000 98.6153846154
2450000.000000 98.1538461538
2500000.000000 99.0769230769
2550000.000000 99.5384615385
2600000.000000 99.0769230769
2650000.000000 99.2307692308
2700000.000000 98.6153846154
2750000.000000 97.8461538462
2800000.000000 99.2307692308
2850000.000000 99.5384615385
2900000.000000 98.0000000000
2950000.000000 98.7692307692
3000000.000000 98.7692307692
3050000.000000 99.0769230769
3100000.000000 98.6153846154
3150000.000000 98.3076923077
3200000.000000 98.4615384615
3250000.000000 99.3846153846
3300000.000000 99.2307692308
3350000.000000 98.7692307692
3400000.000000 98.9230769231
3450000.000000 97.5384615385
3500000.000000 99.2307692308
3550000.000000 98.4615384615
3600000.000000 99.2307692308
3650000.000000 98.1538461538
3700000.000000 98.7692307692
3750000.000000 98.1538461538
3800000.000000 98.9230769231
3850000.000000 99.0769230769
3900000.000000 98.4615384615
3950000.000000 99.3846153846
4000000.000000 98.6153846154
4050000.000000 98.0000000000
4100000.000000 99.8461538462
4150000.000000 99.3846153846
4200000.000000 99.3846153846
4250000.000000 99.5384615385
4300000.000000 99.3846153846
4350000.000000 98.7692307692
4400000.000000 98.4615384615
4450000.000000 99.5384615385
4500000.000000 99.2307692308
4550000.000000 98.0000000000
4600000.000000 98.3076923077
4650000.000000 98.7692307692
4700000.000000 98.6153846154
4750000.000000 98.3076923077
4800000.000000 99.0769230769
4850000.000000 99.5384615385
4900000.000000 99.5384615385
4950000.000000 98.6153846154
5000000.000000 98.4615384615
5050000.000000 98.7692307692
5100000.000000 98.3076923077
5150000.000000 98.4615384615
5200000.000000 98.9230769231
5250000.000000 98.7692307692
5300000.000000 98.0000000000
5350000.000000 99.6923076923
5400000.000000 99.5384615385
5450000.000000 98.7692307692
5500000.000000 99.2307692308
5550000.000000 99.3846153846
5600000.000000 98.7692307692
5650000.000000 98.7692307692
5700000.000000 97.5384615385
5750000.000000 98.9230769231
5800000.000000 98.7692307692
5850000.000000 99.0769230769
5900000.000000 98.7692307692
5950000.000000 98.6153846154
6000000.000000 98.7692307692
6050000.000000 99.2307692308
6100000.000000 99.3846153846
6150000.000000 99.5384615385
6200000.000000 98.3076923077
6250000.000000 98.9230769231
6300000.000000 99.2307692308
6350000.000000 99.2307692308
6400000.000000 98.7692307692
6450000.000000 98.7692307692
6500000.000000 98.6153846154
6550000.000000 98.6153846154
6600000.000000 99.6923076923
6650000.000000 98.6153846154
6700000.000000 99.0769230769
6750000.000000 98.6153846154
6800000.000000 98.7692307692
6850000.000000 98.4615384615
6900000.000000 99.0769230769
6950000.000000 98.3076923077
7000000.000000 98.7692307692
7050000.000000 97.3846153846
7100000.000000 99.2307692308
7150000.000000 98.1538461538
7200000.000000 99.2307692308
7250000.000000 99.2307692308
7300000.000000 99.5384615385
7350000.000000 98.3076923077
7400000.000000 98.7692307692
7450000.000000 99.6923076923
7500000.000000 99.2307692308
7550000.000000 97.3846153846
7600000.000000 99.5384615385
7650000.000000 99.2307692308
7700000.000000 99.2307692308
7750000.000000 99.2307692308
7800000.000000 98.9230769231
7850000.000000 98.9230769231
7900000.000000 99.2307692308
7950000.000000 98.9230769231
8000000.000000 99.6923076923
8050000.000000 99.3846153846
8100000.000000 98.7692307692
8150000.000000 98.6153846154
8200000.000000 99.0769230769
8250000.000000 99.2307692308
8300000.000000 99.2307692308
8350000.000000 99.0769230769
8400000.000000 98.9230769231
8450000.000000 99.5384615385
8500000.000000 98.1538461538
8550000.000000 97.0769230769
8600000.000000 98.7692307692
8650000.000000 98.0000000000
8700000.000000 98.4615384615
8750000.000000 99.5384615385
8800000.000000 98.1538461538
8850000.000000 98.3076923077
8900000.000000 98.9230769231
8950000.000000 97.8461538462
9000000.000000 99.3846153846
9050000.000000 99.0769230769
9100000.000000 98.7692307692
9150000.000000 97.6923076923
9200000.000000 99.5384615385
9250000.000000 99.3846153846
9300000.000000 99.3846153846
9350000.000000 98.3076923077
9400000.000000 99.2307692308
9450000.000000 97.8461538462
9500000.000000 98.7692307692
9550000.000000 99.3846153846
9600000.000000 98.9230769231
9650000.000000 98.3076923077
9700000.000000 99.3846153846
9750000.000000 98.7692307692
9800000.000000 98.0000000000
9850000.000000 98.6153846154
9900000.000000 99.3846153846
9950000.000000 98.1538461538
10000000.000000 99.2307692308
10050000.000000 99.2307692308
10100000.000000 99.0769230769
10150000.000000 99.3846153846
10200000.000000 98.3076923077
10250000.000000 98.1538461538
10300000.000000 98.9230769231
10350000.000000 98.0000000000
10400000.000000 99.0769230769
10450000.000000 99.5384615385
10500000.000000 98.0000000000
10550000.000000 98.1538461538
10600000.000000 98.4615384615
10650000.000000 98.6153846154
10700000.000000 98.9230769231
10750000.000000 98.7692307692
10800000.000000 98.4615384615
10850000.000000 99.0769230769
10900000.000000 99.0769230769
10950000.000000 98.9230769231
11000000.000000 98.6153846154
11050000.000000 99.0769230769
11100000.000000 99.6923076923
11150000.000000 98.9230769231
11200000.000000 98.9230769231
11250000.000000 99.0769230769
11300000.000000 98.9230769231
11350000.000000 99.6923076923
11400000.000000 99.2307692308
11450000.000000 97.5384615385
11500000.000000 99.3846153846
11550000.000000 99.5384615385
11600000.000000 99.3846153846
11650000.000000 99.3846153846
11700000.000000 98.9230769231
11750000.000000 99.2307692308
11800000.000000 98.3076923077
11850000.000000 99.3846153846
11900000.000000 99.0769230769
11950000.000000 98.4615384615
12000000.000000 99.6923076923
12050000.000000 97.8461538462
12100000.000000 98.6153846154
12150000.000000 98.7692307692
12200000.000000 98.4615384615
12250000.000000 99.0769230769
12300000.000000 99.0769230769
12350000.000000 98.4615384615
12400000.000000 98.3076923077
12450000.000000 98.3076923077
12500000.000000 98.6153846154
12550000.000000 98.9230769231
12600000.000000 97.5384615385
12650000.000000 99.5384615385
12700000.000000 98.9230769231
12750000.000000 98.9230769231
12800000.000000 98.6153846154
12850000.000000 99.5384615385
12900000.000000 99.3846153846
12950000.000000 98.4615384615
13000000.000000 98.4615384615
13050000.000000 98.7692307692
13100000.000000 99.2307692308
13150000.000000 99.0769230769
13200000.000000 99.2307692308
13250000.000000 98.7692307692
13300000.000000 99.6923076923
13350000.000000 99.2307692308
13400000.000000 99.8461538462
13450000.000000 98.6153846154
13500000.000000 98.3076923077
13550000.000000 99.0769230769
13600000.000000 98.3076923077
13650000.000000 98.4615384615
13700000.000000 99.2307692308
13750000.000000 99.2307692308
13800000.000000 98.6153846154
13850000.000000 98.6153846154
13900000.000000 99.2307692308
13950000.000000 98.3076923077
14000000.000000 99.2307692308
14050000.000000 98.9230769231
14100000.000000 99.8461538462
14150000.000000 99.2307692308
14200000.000000 99.2307692308
14250000.000000 98.4615384615
14300000.000000 98.4615384615
14350000.000000 98.6153846154
14400000.000000 98.4615384615
14450000.000000 99.0769230769
14500000.000000 99.0769230769
14550000.000000 99.2307692308
14600000.000000 98.9230769231
14650000.000000 99.5384615385
14700000.000000 98.9230769231
14750000.000000 98.0000000000
14800000.000000 98.9230769231
14850000.000000 98.7692307692
14900000.000000 98.3076923077
14950000.000000 98.1538461538
15000000.000000 98.6153846154
15050000.000000 98.0000000000
15100000.000000 99.2307692308
15150000.000000 98.9230769231
15200000.000000 99.5384615385
15250000.000000 98.7692307692
15300000.000000 99.3846153846
15350000.000000 98.7692307692
15400000.000000 98.3076923077
15450000.000000 98.9230769231
15500000.000000 99.8461538462
15550000.000000 98.7692307692
15600000.000000 99.0769230769
15650000.000000 99.3846153846
15700000.000000 98.7692307692
15750000.000000 97.3846153846
15800000.000000 99.5384615385
15850000.000000 98.1538461538
15900000.000000 98.9230769231
15950000.000000 99.2307692308
16000000.000000 99.0769230769
16050000.000000 98.9230769231
16100000.000000 98.7692307692
16150000.000000 98.6153846154
16200000.000000 99.2307692308
16250000.000000 98.3076923077
16300000.000000 99.2307692308
16350000.000000 99.3846153846
16400000.000000 98.4615384615
16450000.000000 98.9230769231
16500000.000000 99.0769230769
16550000.000000 97.2307692308
16600000.000000 98.7692307692
16650000.000000 99.0769230769
16700000.000000 98.4615384615
16750000.000000 99.3846153846
16800000.000000 97.0769230769
16850000.000000 99.0769230769
16900000.000000 99.3846153846
16950000.000000 98.4615384615
17000000.000000 98.7692307692
17050000.000000 98.9230769231
17100000.000000 99.2307692308
17150000.000000 98.7692307692
17200000.000000 98.9230769231
17250000.000000 99.3846153846
17300000.000000 98.6153846154
17350000.000000 98.4615384615
17400000.000000 98.4615384615
17450000.000000 99.3846153846
17500000.000000 98.4615384615
17550000.000000 99.0769230769
17600000.000000 98.9230769231
17650000.000000 99.5384615385
17700000.000000 98.7692307692
17750000.000000 99.5384615385
17800000.000000 98.9230769231
17850000.000000 98.1538461538
17900000.000000 97.8461538462
17950000.000000 98.4615384615
18000000.000000 98.3076923077
18050000.000000 99.2307692308
18100000.000000 99.3846153846
18150000.000000 99.3846153846
18200000.000000 98.9230769231
18250000.000000 98.1538461538
18300000.000000 98.4615384615
18350000.000000 99.0769230769
18400000.000000 98.4615384615
18450000.000000 99.3846153846
18500000.000000 98.9230769231
18550000.000000 98.4615384615
18600000.000000 98.9230769231
18650000.000000 99.2307692308
18700000.000000 98.7692307692
18750000.000000 99.0769230769
18800000.000000 98.1538461538
18850000.000000 99.0769230769
18900000.000000 98.6153846154
18950000.000000 98.7692307692
19000000.000000 98.6153846154
19050000.000000 98.7692307692
19100000.000000 98.9230769231
19150000.000000 99.3846153846
19200000.000000 98.4615384615
19250000.000000 98.9230769231
19300000.000000 99.2307692308
19350000.000000 99.3846153846
19400000.000000 98.6153846154
19450000.000000 98.9230769231
19500000.000000 99.2307692308
19550000.000000 98.6153846154
19600000.000000 98.6153846154
19650000.000000 99.6923076923
19700000.000000 97.5384615385
19750000.000000 98.7692307692
19800000.000000 99.3846153846
19850000.000000 99.0769230769
19900000.000000 99.0769230769
19950000.000000 98.6153846154
20000000.000000 97.8461538462
20050000.000000 98.6153846154
20100000.000000 97.2307692308
