# time cluster_size count
50000.000000 1 4
50000.000000 195 1
50000.000000 401 1
100000.000000 1 6
100000.000000 2 6
100000.000000 582 1
150000.000000 1 17
150000.000000 2 2
150000.000000 127 1
150000.000000 452 1
200000.000000 1 12
200000.000000 2 3
200000.000000 3 1
200000.000000 8 1
200000.000000 220 1
200000.000000 351 1
250000.000000 1 14
250000.000000 2 3
250000.000000 18 1
250000.000000 31 1
250000.000000 531 1
300000.000000 1 26
300000.000000 2 2
300000.000000 3 2
300000.000000 18 1
300000.000000 27 1
300000.000000 519 1
350000.000000 1 29
350000.000000 2 2
350000.000000 17 1
350000.000000 28 1
350000.000000 218 1
350000.000000 304 1
400000.000000 1 24
400000.000000 2 2
400000.000000 3 1
400000.000000 5 1
400000.000000 28 1
400000.000000 162 1
400000.000000 374 1
450000.000000 1 23
450000.000000 2 3
450000.000000 3 1
450000.000000 4 1
450000.000000 10 1
450000.000000 27 1
450000.000000 215 1
450000.000000 312 1
500000.000000 1 23
500000.000000 2 1
500000.000000 3 1
500000.000000 4 1
500000.000000 6 1
500000.000000 9 1
500000.000000 28 1
500000.000000 47 1
500000.000000 54 1
500000.000000 116 1
500000.000000 308 1
550000.000000 1 31
550000.000000 2 3
550000.000000 4 1
550000.000000 10 1
550000.000000 26 1
550000.000000 56 1
550000.000000 158 1
550000.000000 309 1
600000.000000 1 32
600000.000000 2 5
600000.000000 3 2
600000.000000 9 2
600000.000000 26 1
600000.000000 56 1
600000.000000 106 1
600000.000000 159 1
600000.000000 187 1
650000.000000 1 34
650000.000000 2 4
650000.000000 9 1
650000.000000 10 1
650000.000000 26 1
650000.000000 48 1
650000.000000 57 1
650000.000000 62 1
650000.000000 158 1
650000.000000 188 1
700000.000000 1 29
700000.000000 2 7
700000.000000 24 1
700000.000000 55 1
700000.000000 56 1
700000.000000 160 1
700000.000000 262 1
750000.000000 1 41
750000.000000 2 7
750000.000000 4 1
750000.000000 6 1
750000.000000 20 1
750000.000000 57 1
750000.000000 58 1
750000.000000 155 1
750000.000000 245 1
800000.000000 1 34
800000.000000 2 2
800000.000000 3 1
800000.000000 4 2
800000.000000 5 1
800000.000000 7 1
800000.000000 23 1
800000.000000 54 1
800000.000000 56 1
800000.000000 57 1
800000.000000 159 1
800000.000000 190 1
850000.000000 1 40
850000.000000 2 2
850000.000000 5 1
850000.000000 6 2
850000.000000 25 1
850000.000000 51 1
850000.000000 55 1
850000.000000 57 1
850000.000000 156 1
850000.000000 195 1
900000.000000 1 37
900000.000000 2 9
900000.000000 3 3
900000.000000 4 1
900000.000000 21 1
900000.000000 54 1
900000.000000 212 1
900000.000000 245 1
950000.000000 1 36
950000.000000 2 8
950000.000000 3 3
950000.000000 4 2
950000.000000 22 1
950000.000000 243 1
950000.000000 266 1
1000000.000000 1 38
1000000.000000 2 10
1000000.000000 3 3
1000000.000000 4 1
1000000.000000 19 1
1000000.000000 53 1
1000000.000000 213 1
1000000.000000 244 1
1050000.000000 1 42
1050000.000000 2 10
1050000.000000 5 1
1050000.000000 17 1
1050000.000000 251 1
1050000.000000 265 1
1100000.000000 1 45
1100000.000000 2 8
1100000.000000 3 5
1100000.000000 18 1
1100000.000000 242 1
1100000.000000 264 1
1150000.000000 1 43
1150000.000000 2 9
1150000.000000 3 3
1150000.000000 4 1
1150000.000000 15 1
1150000.000000 40 1
1150000.000000 205 1
1150000.000000 266 1
1200000.000000 1 43
1200000.000000 2 13
1200000.000000 5 2
1200000.000000 18 1
1200000.000000 55 1
1200000.000000 186 1
1200000.000000 262 1
1250000.000000 1 40
1250000.000000 2 6
1250000.000000 3 6
1250000.000000 6 1
1250000.000000 15 1
1250000.000000 40 1
1250000.000000 57 1
1250000.000000 149 1
1250000.000000 263 1
1300000.000000 1 31
1300000.000000 2 13
1300000.000000 3 3
1300000.000000 4 2
1300000.000000 5 1
1300000.000000 11 1
1300000.000000 38 1
1300000.000000 55 1
1300000.000000 152 1
1300000.000000 265 1
1350000.000000 1 43
1350000.000000 2 9
1350000.000000 3 1
1350000.000000 5 1
1350000.000000 11 1
1350000.000000 15 1
1350000.000000 35 1
1350000.000000 58 1
1350000.000000 152 1
1350000.000000 260 1
1400000.000000 1 41
1400000.000000 2 11
1400000.000000 3 1
1400000.000000 4 1
1400000.000000 5 1
1400000.000000 9 1
1400000.000000 14 1
1400000.000000 37 1
1400000.000000 61 1
1400000.000000 146 1
1400000.000000 258 1
1450000.000000 1 39
1450000.000000 2 5
1450000.000000 3 4
1450000.000000 4 2
1450000.000000 5 2
1450000.000000 55 1
1450000.000000 61 1
1450000.000000 145 1
1450000.000000 260 1
1500000.000000 1 34
1500000.000000 2 9
1500000.000000 3 1
1500000.000000 5 2
1500000.000000 7 1
1500000.000000 62 1
1500000.000000 147 1
1500000.000000 319 1
1550000.000000 1 48
1550000.000000 2 5
1550000.000000 3 3
1550000.000000 4 1
1550000.000000 5 1
1550000.000000 56 1
1550000.000000 61 1
1550000.000000 146 1
1550000.000000 261 1
1600000.000000 1 45
1600000.000000 2 7
1600000.000000 3 1
1600000.000000 7 1
1600000.000000 10 2
1600000.000000 36 1
1600000.000000 206 1
1600000.000000 269 1
1650000.000000 1 36
1650000.000000 2 8
1650000.000000 3 4
1650000.000000 4 2
1650000.000000 7 1
1650000.000000 12 1
1650000.000000 59 1
1650000.000000 143 1
1650000.000000 307 1
1700000.000000 1 42
1700000.000000 2 10
1700000.000000 3 2
1700000.000000 7 1
1700000.000000 12 1
1700000.000000 40 1
1700000.000000 56 1
1700000.000000 146 1
1700000.000000 271 1
1750000.000000 1 45
1750000.000000 2 8
1750000.000000 3 2
1750000.000000 4 1
1750000.000000 6 1
1750000.000000 11 1
1750000.000000 39 1
1750000.000000 57 1
1750000.000000 145 1
1750000.000000 271 1
1800000.000000 1 50
1800000.000000 2 7
1800000.000000 4 2
1800000.000000 5 2
1800000.000000 12 1
1800000.000000 37 1
1800000.000000 57 1
1800000.000000 140 1
1800000.000000 272 1
1850000.000000 1 45
1850000.000000 2 7
1850000.000000 4 2
1850000.000000 37 1
1850000.000000 63 1
1850000.000000 146 1
1850000.000000 287 1
1900000.000000 1 47
1900000.000000 2 10
1900000.000000 3 2
1900000.000000 4 1
1900000.000000 15 1
1900000.000000 34 1
1900000.000000 64 1
1900000.000000 143 1
1900000.000000 267 1
1950000.000000 1 37
1950000.000000 2 11
1950000.000000 3 1
1950000.000000 4 1
1950000.000000 6 1
1950000.000000 11 1
1950000.000000 38 1
1950000.000000 66 1
1950000.000000 145 1
1950000.000000 268 1
2000000.000000 1 31
2000000.000000 2 6
2000000.000000 3 4
2000000.000000 4 2
2000000.000000 6 1
2000000.000000 8 1
2000000.000000 10 1
2000000.000000 37 1
2000000.000000 64 1
2000000.000000 153 1
2000000.000000 259 1
2050000.000000 1 28
2050000.000000 2 3
2050000.000000 3 3
2050000.000000 4 3
2050000.000000 19 1
2050000.000000 46 1
2050000.000000 64 1
2050000.000000 146 1
2050000.000000 270 1
2100000.000000 1 33
2100000.000000 2 6
2100000.000000 3 2
2100000.000000 4 1
2100000.000000 8 1
2100000.000000 19 1
2100000.000000 42 1
2100000.000000 66 1
2100000.000000 410 1
2150000.000000 1 39
2150000.000000 2 8
2150000.000000 3 1
2150000.000000 11 1
2150000.000000 19 1
2150000.000000 37 1
2150000.000000 65 1
2150000.000000 145 1
2150000.000000 265 1
2200000.000000 1 40
2200000.000000 2 4
2200000.000000 3 2
2200000.000000 4 1
2200000.000000 9 1
2200000.000000 19 1
2200000.000000 39 1
2200000.000000 63 1
2200000.000000 150 1
2200000.000000 262 1
2250000.000000 1 45
2250000.000000 2 7
2250000.000000 3 4
2250000.000000 6 1
2250000.000000 59 1
2250000.000000 61 1
2250000.000000 141 1
2250000.000000 262 1
2300000.000000 1 44
2300000.000000 2 8
2300000.000000 3 3
2300000.000000 5 1
2300000.000000 6 2
2300000.000000 7 1
2300000.000000 42 1
2300000.000000 61 1
2300000.000000 143 1
2300000.000000 261 1
2350000.000000 1 43
2350000.000000 2 7
2350000.000000 3 2
2350000.000000 6 1
2350000.000000 9 1
2350000.000000 10 1
2350000.000000 42 1
2350000.000000 65 1
2350000.000000 144 1
2350000.000000 261 1
2400000.000000 1 37
2400000.000000 2 9
2400000.000000 4 1
2400000.000000 6 1
2400000.000000 8 1
2400000.000000 20 1
2400000.000000 41 1
2400000.000000 63 1
2400000.000000 142 1
2400000.000000 261 1
2450000.000000 1 44
2450000.000000 2 5
2450000.000000 3 1
2450000.000000 5 1
2450000.000000 6 1
2450000.000000 19 1
2450000.000000 43 1
2450000.000000 62 1
2450000.000000 149 1
2450000.000000 259 1
2500000.000000 1 43
2500000.000000 2 7
2500000.000000 3 1
2500000.000000 7 1
2500000.000000 8 1
2500000.000000 16 1
2500000.000000 41 1
2500000.000000 60 1
2500000.000000 150 1
2500000.000000 258 1
2550000.000000 1 31
2550000.000000 2 13
2550000.000000 3 1
2550000.000000 7 1
2550000.000000 41 1
2550000.000000 62 1
2550000.000000 152 1
2550000.000000 278 1
2600000.000000 1 43
2600000.000000 2 6
2600000.000000 3 3
2600000.000000 5 1
2600000.000000 61 1
2600000.000000 63 1
2600000.000000 146 1
2600000.000000 261 1
2650000.000000 1 44
2650000.000000 2 13
2650000.000000 3 1
2650000.000000 19 1
2650000.000000 42 1
2650000.000000 58 1
2650000.000000 149 1
2650000.000000 259 1
2700000.000000 1 50
2700000.000000 2 9
2700000.000000 3 1
2700000.000000 55 1
2700000.000000 63 1
2700000.000000 148 1
2700000.000000 263 1
2750000.000000 1 41
2750000.000000 2 9
2750000.000000 3 3
2750000.000000 4 1
2750000.000000 54 1
2750000.000000 61 1
2750000.000000 148 1
2750000.000000 265 1
2800000.000000 1 52
2800000.000000 2 8
2800000.000000 3 2
2800000.000000 55 1
2800000.000000 62 1
2800000.000000 149 1
2800000.000000 260 1
2850000.000000 1 48
2850000.000000 2 7
2850000.000000 3 2
2850000.000000 4 1
2850000.000000 6 1
2850000.000000 11 1
2850000.000000 47 1
2850000.000000 54 1
2850000.000000 147 1
2850000.000000 263 1
2900000.000000 1 38
2900000.000000 2 11
2900000.000000 3 4
2900000.000000 4 2
2900000.000000 55 1
2900000.000000 56 1
2900000.000000 147 1
2900000.000000 262 1
2950000.000000 1 48
2950000.000000 2 8
2950000.000000 3 1
2950000.000000 5 2
2950000.000000 54 1
2950000.000000 55 1
2950000.000000 153 1
2950000.000000 261 1
3000000.000000 1 45
3000000.000000 2 9
3000000.000000 3 3
3000000.000000 4 1
3000000.000000 5 1
3000000.000000 56 1
3000000.000000 62 1
3000000.000000 144 1
3000000.000000 257 1
3050000.000000 1 48
3050000.000000 2 8
3050000.000000 3 2
3050000.000000 4 1
3050000.000000 5 2
3050000.000000 51 1
3050000.000000 62 1
3050000.000000 142 1
3050000.000000 261 1
3100000.000000 1 42
3100000.000000 2 12
3100000.000000 3 2
3100000.000000 4 2
3100000.000000 5 1
3100000.000000 49 1
3100000.000000 64 1
3100000.000000 144 1
3100000.000000 258 1
3150000.000000 1 45
3150000.000000 2 5
3150000.000000 3 1
3150000.000000 4 3
3150000.000000 5 1
3150000.000000 52 1
3150000.000000 66 1
3150000.000000 145 1
3150000.000000 262 1
3200000.000000 1 39
3200000.000000 2 10
3200000.000000 3 1
3200000.000000 4 3
3200000.000000 5 1
3200000.000000 49 1
3200000.000000 62 1
3200000.000000 148 1
3200000.000000 262 1
3250000.000000 1 41
3250000.000000 2 9
3250000.000000 3 4
3250000.000000 4 2
3250000.000000 51 1
3250000.000000 62 1
3250000.000000 147 1
3250000.000000 261 1
3300000.000000 1 37
3300000.000000 2 7
3300000.000000 3 2
3300000.000000 4 3
3300000.000000 6 1
3300000.000000 51 1
3300000.000000 65 1
3300000.000000 147 1
3300000.000000 262 1
3350000.000000 1 47
3350000.000000 2 5
3350000.000000 3 2
3350000.000000 4 1
3350000.000000 5 1
3350000.000000 7 1
3350000.000000 48 1
3350000.000000 65 1
3350000.000000 148 1
3350000.000000 260 1
3400000.000000 1 44
3400000.000000 2 7
3400000.000000 3 3
3400000.000000 4 1
3400000.000000 5 1
3400000.000000 47 1
3400000.000000 64 1
3400000.000000 149 1
3400000.000000 264 1
3450000.000000 1 36
3450000.000000 2 5
3450000.000000 3 4
3450000.000000 4 1
3450000.000000 5 2
3450000.000000 52 1
3450000.000000 66 1
3450000.000000 146 1
3450000.000000 264 1
3500000.000000 1 34
3500000.000000 2 4
3500000.000000 3 3
3500000.000000 4 1
3500000.000000 5 2
3500000.000000 6 1
3500000.000000 52 1
3500000.000000 66 1
3500000.000000 149 1
3500000.000000 262 1
3550000.000000 1 45
3550000.000000 2 6
3550000.000000 3 2
3550000.000000 4 3
3550000.000000 51 1
3550000.000000 63 1
3550000.000000 151 1
3550000.000000 260 1
3600000.000000 1 42
3600000.000000 2 6
3600000.000000 3 3
3600000.000000 52 1
3600000.000000 68 1
3600000.000000 152 1
3600000.000000 265 1
3650000.000000 1 41
3650000.000000 2 10
3650000.000000 3 1
3650000.000000 5 1
3650000.000000 52 1
3650000.000000 63 1
3650000.000000 153 1
3650000.000000 263 1
3700000.000000 1 34
3700000.000000 2 4
3700000.000000 3 3
3700000.000000 70 1
3700000.000000 157 1
3700000.000000 322 1
3750000.000000 1 34
3750000.000000 2 5
3750000.000000 3 1
3750000.000000 4 1
3750000.000000 57 1
3750000.000000 156 1
3750000.000000 336 1
3800000.000000 1 29
3800000.000000 2 4
3800000.000000 3 4
3800000.000000 57 1
3800000.000000 71 1
3800000.000000 156 1
3800000.000000 267 1
3850000.000000 1 36
3850000.000000 2 5
3850000.000000 3 2
3850000.000000 5 1
3850000.000000 54 1
3850000.000000 70 1
3850000.000000 154 1
3850000.000000 265 1
3900000.000000 1 31
3900000.000000 2 7
3900000.000000 3 3
3900000.000000 54 1
3900000.000000 72 1
3900000.000000 152 1
3900000.000000 268 1
3950000.000000 1 36
3950000.000000 2 6
3950000.000000 3 3
3950000.000000 4 1
3950000.000000 48 1
3950000.000000 154 1
3950000.000000 337 1
4000000.000000 1 41
4000000.000000 2 5
4000000.000000 3 3
4000000.000000 4 1
4000000.000000 51 1
4000000.000000 153 1
4000000.000000 332 1
4050000.000000 1 48
4050000.000000 2 6
4050000.000000 3 2
4050000.000000 8 1
4050000.000000 43 1
4050000.000000 69 1
4050000.000000 154 1
4050000.000000 260 1
4100000.000000 1 43
4100000.000000 2 4
4100000.000000 3 3
4100000.000000 4 1
4100000.000000 5 1
4100000.000000 47 1
4100000.000000 156 1
4100000.000000 328 1
4150000.000000 1 40
4150000.000000 2 5
4150000.000000 3 3
4150000.000000 4 1
4150000.000000 50 1
4150000.000000 157 1
4150000.000000 330 1
4200000.000000 1 38
4200000.000000 2 6
4200000.000000 3 5
4200000.000000 49 1
4200000.000000 69 1
4200000.000000 154 1
4200000.000000 263 1
4250000.000000 1 35
4250000.000000 2 7
4250000.000000 3 1
4250000.000000 4 1
4250000.000000 5 1
4250000.000000 48 1
4250000.000000 69 1
4250000.000000 154 1
4250000.000000 268 1
4300000.000000 1 40
4300000.000000 2 5
4300000.000000 3 2
4300000.000000 54 1
4300000.000000 69 1
4300000.000000 153 1
4300000.000000 268 1
4350000.000000 1 35
4350000.000000 2 4
4350000.000000 3 1
4350000.000000 5 1
4350000.000000 53 1
4350000.000000 71 1
4350000.000000 158 1
4350000.000000 267 1
4400000.000000 1 34
4400000.000000 2 7
4400000.000000 3 1
4400000.000000 4 2
4400000.000000 51 1
4400000.000000 65 1
4400000.000000 155 1
4400000.000000 270 1
4450000.000000 1 40
4450000.000000 2 6
4450000.000000 3 1
4450000.000000 4 3
4450000.000000 47 1
4450000.000000 67 1
4450000.000000 154 1
4450000.000000 265 1
4500000.000000 1 38
4500000.000000 2 5
4500000.000000 3 4
4500000.000000 5 1
4500000.000000 54 1
4500000.000000 62 1
4500000.000000 151 1
4500000.000000 268 1
4550000.000000 1 42
4550000.000000 2 4
4550000.000000 3 2
4550000.000000 6 1
4550000.000000 54 1
4550000.000000 62 1
4550000.000000 153 1
4550000.000000 269 1
4600000.000000 1 41
4600000.000000 2 4
4600000.000000 3 6
4600000.000000 54 1
4600000.000000 58 1
4600000.000000 153 1
4600000.000000 268 1
4650000.000000 1 42
4650000.000000 2 7
4650000.000000 3 1
4650000.000000 4 1
4650000.000000 7 1
4650000.000000 52 1
4650000.000000 58 1
4650000.000000 151 1
4650000.000000 269 1
4700000.000000 1 39
4700000.000000 2 7
4700000.000000 3 3
4700000.000000 4 1
4700000.000000 54 1
4700000.000000 58 1
4700000.000000 156 1
4700000.000000 266 1
4750000.000000 1 41
4750000.000000 2 7
4750000.000000 3 3
4750000.000000 53 1
4750000.000000 54 1
4750000.000000 161 1
4750000.000000 268 1
4800000.000000 1 43
4800000.000000 2 4
4800000.000000 3 1
4800000.000000 4 1
4800000.000000 5 1
4800000.000000 54 1
4800000.000000 55 1
4800000.000000 159 1
4800000.000000 269 1
4850000.000000 1 25
4850000.000000 2 10
4850000.000000 3 2
4850000.000000 4 2
4850000.000000 53 1
4850000.000000 56 1
4850000.000000 163 1
4850000.000000 269 1
4900000.000000 1 37
4900000.000000 2 9
4900000.000000 3 2
4900000.000000 4 2
4900000.000000 53 1
4900000.000000 55 1
4900000.000000 158 1
4900000.000000 265 1
4950000.000000 1 34
4950000.000000 2 9
4950000.000000 3 3
4950000.000000 54 1
4950000.000000 60 1
4950000.000000 155 1
4950000.000000 270 1
5000000.000000 1 38
5000000.000000 2 8
5000000.000000 3 2
5000000.000000 4 2
5000000.000000 49 1
5000000.000000 55 1
5000000.000000 162 1
5000000.000000 266 1
5050000.000000 1 39
5050000.000000 2 9
5050000.000000 3 2
5050000.000000 53 1
5050000.000000 56 1
5050000.000000 163 1
5050000.000000 265 1
5100000.000000 1 30
5100000.000000 2 8
5100000.000000 4 2
5100000.000000 5 1
5100000.000000 54 1
5100000.000000 58 1
5100000.000000 162 1
5100000.000000 267 1
5150000.000000 1 41
5150000.000000 2 8
5150000.000000 3 1
5150000.000000 4 1
5150000.000000 54 2
5150000.000000 163 1
5150000.000000 265 1
5200000.000000 1 42
5200000.000000 2 6
5200000.000000 3 1
5200000.000000 4 3
5200000.000000 51 1
5200000.000000 55 1
5200000.000000 160 1
5200000.000000 265 1
5250000.000000 1 39
5250000.000000 2 4
5250000.000000 3 4
5250000.000000 4 1
5250000.000000 56 1
5250000.000000 58 1
5250000.000000 159 1
5250000.000000 264 1
5300000.000000 1 46
5300000.000000 2 7
5300000.000000 3 2
5300000.000000 4 1
5300000.000000 53 1
5300000.000000 56 1
5300000.000000 159 1
5300000.000000 262 1
5350000.000000 1 40
5350000.000000 2 10
5350000.000000 3 2
5350000.000000 56 1
5350000.000000 57 1
5350000.000000 159 1
5350000.000000 262 1
5400000.000000 1 48
5400000.000000 2 5
5400000.000000 3 2
5400000.000000 56 1
5400000.000000 58 1
5400000.000000 160 1
5400000.000000 262 1
5450000.000000 1 33
5450000.000000 2 4
5450000.000000 3 5
5450000.000000 5 1
5450000.000000 57 2
5450000.000000 160 1
5450000.000000 265 1
5500000.000000 1 34
5500000.000000 2 7
5500000.000000 3 2
5500000.000000 4 2
5500000.000000 55 1
5500000.000000 61 1
5500000.000000 159 1
5500000.000000 263 1
5550000.000000 1 39
5550000.000000 2 6
5550000.000000 3 3
5550000.000000 4 1
5550000.000000 5 1
5550000.000000 55 1
5550000.000000 59 1
5550000.000000 158 1
5550000.000000 259 1
5600000.000000 1 32
5600000.000000 2 7
5600000.000000 3 2
5600000.000000 4 3
5600000.000000 5 1
5600000.000000 58 2
5600000.000000 154 1
5600000.000000 261 1
5650000.000000 1 38
5650000.000000 2 9
5650000.000000 3 1
5650000.000000 4 1
5650000.000000 58 1
5650000.000000 59 1
5650000.000000 157 1
5650000.000000 263 1
5700000.000000 1 46
5700000.000000 2 9
5700000.000000 3 1
5700000.000000 4 1
5700000.000000 54 1
5700000.000000 60 1
5700000.000000 157 1
5700000.000000 258 1
5750000.000000 1 40
5750000.000000 2 7
5750000.000000 3 3
5750000.000000 5 1
5750000.000000 55 1
5750000.000000 60 1
5750000.000000 159 1
5750000.000000 258 1
5800000.000000 1 34
5800000.000000 2 17
5800000.000000 3 2
5800000.000000 53 1
5800000.000000 60 1
5800000.000000 157 1
5800000.000000 256 1
5850000.000000 1 42
5850000.000000 2 6
5850000.000000 3 1
5850000.000000 4 1
5850000.000000 5 1
5850000.000000 6 1
5850000.000000 49 1
5850000.000000 60 1
5850000.000000 162 1
5850000.000000 257 1
5900000.000000 1 41
5900000.000000 2 8
5900000.000000 3 3
5900000.000000 5 1
5900000.000000 49 1
5900000.000000 59 1
5900000.000000 158 1
5900000.000000 263 1
5950000.000000 1 35
5950000.000000 2 9
5950000.000000 3 2
5950000.000000 5 1
5950000.000000 6 1
5950000.000000 53 1
5950000.000000 59 1
5950000.000000 155 1
5950000.000000 263 1
6000000.000000 1 39
6000000.000000 2 4
6000000.000000 3 2
6000000.000000 4 1
6000000.000000 56 1
6000000.000000 61 1
6000000.000000 158 1
6000000.000000 268 1
6050000.000000 1 43
6050000.000000 2 7
6050000.000000 3 1
6050000.000000 4 1
6050000.000000 55 1
6050000.000000 60 1
6050000.000000 158 1
6050000.000000 263 1
6100000.000000 1 42
6100000.000000 2 8
6100000.000000 4 1
6100000.000000 56 1
6100000.000000 60 1
6100000.000000 155 1
6100000.000000 267 1
6150000.000000 1 37
6150000.000000 2 7
6150000.000000 3 1
6150000.000000 4 1
6150000.000000 5 1
6150000.000000 54 1
6150000.000000 155 1
6150000.000000 328 1
6200000.000000 1 40
6200000.000000 2 9
6200000.000000 3 1
6200000.000000 4 1
6200000.000000 59 1
6200000.000000 62 1
6200000.000000 154 1
6200000.000000 260 1
6250000.000000 1 29
6250000.000000 2 11
6250000.000000 3 1
6250000.000000 5 1
6250000.000000 7 1
6250000.000000 52 1
6250000.000000 58 1
6250000.000000 154 1
6250000.000000 270 1
6300000.000000 1 26
6300000.000000 2 6
6300000.000000 3 2
6300000.000000 4 1
6300000.000000 65 1
6300000.000000 153 1
6300000.000000 334 1
6350000.000000 1 29
6350000.000000 2 7
6350000.000000 3 1
6350000.000000 4 2
6350000.000000 51 1
6350000.000000 57 1
6350000.000000 152 1
6350000.000000 286 1
6400000.000000 1 36
6400000.000000 2 8
6400000.000000 3 1
6400000.000000 50 1
6400000.000000 59 1
6400000.000000 152 1
6400000.000000 284 1
6450000.000000 1 45
6450000.000000 2 3
6450000.000000 3 1
6450000.000000 4 1
6450000.000000 49 1
6450000.000000 153 1
6450000.000000 340 1
6500000.000000 1 43
6500000.000000 2 4
6500000.000000 3 1
6500000.000000 16 1
6500000.000000 49 1
6500000.000000 58 1
6500000.000000 154 1
6500000.000000 269 1
6550000.000000 1 36
6550000.000000 2 6
6550000.000000 3 1
6550000.000000 4 1
6550000.000000 16 1
6550000.000000 48 1
6550000.000000 58 1
6550000.000000 154 1
6550000.000000 269 1
6600000.000000 1 36
6600000.000000 2 4
6600000.000000 3 2
6600000.000000 4 2
6600000.000000 61 1
6600000.000000 62 1
6600000.000000 153 1
6600000.000000 266 1
6650000.000000 1 33
6650000.000000 2 8
6650000.000000 3 1
6650000.000000 4 1
6650000.000000 17 1
6650000.000000 49 1
6650000.000000 57 1
6650000.000000 152 1
6650000.000000 269 1
6700000.000000 1 41
6700000.000000 2 8
6700000.000000 3 2
6700000.000000 5 1
6700000.000000 9 1
6700000.000000 48 1
6700000.000000 56 1
6700000.000000 153 1
6700000.000000 266 1
6750000.000000 1 34
6750000.000000 2 7
6750000.000000 3 2
6750000.000000 6 1
6750000.000000 14 1
6750000.000000 48 1
6750000.000000 56 1
6750000.000000 151 1
6750000.000000 271 1
6800000.000000 1 37
6800000.000000 2 7
6800000.000000 3 1
6800000.000000 4 2
6800000.000000 6 1
6800000.000000 10 1
6800000.000000 49 1
6800000.000000 54 1
6800000.000000 152 1
6800000.000000 267 1
6850000.000000 1 36
6850000.000000 2 6
6850000.000000 3 5
6850000.000000 55 1
6850000.000000 56 1
6850000.000000 157 1
6850000.000000 269 1
6900000.000000 1 40
6900000.000000 2 4
6900000.000000 3 3
6900000.000000 4 3
6900000.000000 5 1
6900000.000000 45 1
6900000.000000 56 1
6900000.000000 151 1
6900000.000000 274 1
6950000.000000 1 37
6950000.000000 2 9
6950000.000000 3 3
6950000.000000 5 1
6950000.000000 51 1
6950000.000000 55 1
6950000.000000 153 1
6950000.000000 272 1
7000000.000000 1 39
7000000.000000 2 7
7000000.000000 3 1
7000000.000000 4 1
7000000.000000 5 1
7000000.000000 54 1
7000000.000000 58 1
7000000.000000 154 1
7000000.000000 269 1
7050000.000000 1 39
7050000.000000 2 7
7050000.000000 3 1
7050000.000000 4 2
7050000.000000 5 1
7050000.000000 55 1
7050000.000000 58 1
7050000.000000 152 1
7050000.000000 266 1
7100000.000000 1 38
7100000.000000 2 6
7100000.000000 3 4
7100000.000000 5 1
7100000.000000 54 2
7100000.000000 153 1
7100000.000000 272 1
7150000.000000 1 39
7150000.000000 2 10
7150000.000000 5 1
7150000.000000 53 1
7150000.000000 55 1
7150000.000000 152 1
7150000.000000 276 1
7200000.000000 1 33
7200000.000000 2 9
7200000.000000 3 1
7200000.000000 4 2
7200000.000000 5 1
7200000.000000 50 1
7200000.000000 52 1
7200000.000000 152 1
7200000.000000 279 1
7250000.000000 1 39
7250000.000000 2 11
7250000.000000 3 1
7250000.000000 5 1
7250000.000000 46 1
7250000.000000 55 1
7250000.000000 151 1
7250000.000000 279 1
7300000.000000 1 49
7300000.000000 2 6
7300000.000000 3 4
7300000.000000 45 1
7300000.000000 53 1
7300000.000000 150 1
7300000.000000 279 1
7350000.000000 1 39
7350000.000000 2 7
7350000.000000 3 3
7350000.000000 46 1
7350000.000000 54 1
7350000.000000 155 1
7350000.000000 283 1
7400000.000000 1 42
7400000.000000 2 6
7400000.000000 3 3
7400000.000000 56 1
7400000.000000 152 1
7400000.000000 329 1
7450000.000000 1 44
7450000.000000 2 8
7450000.000000 3 1
7450000.000000 5 1
7450000.000000 44 1
7450000.000000 54 1
7450000.000000 153 1
7450000.000000 281 1
7500000.000000 1 36
7500000.000000 2 9
7500000.000000 3 2
7500000.000000 6 1
7500000.000000 46 1
7500000.000000 56 1
7500000.000000 151 1
7500000.000000 281 1
7550000.000000 1 35
7550000.000000 2 10
7550000.000000 4 1
7550000.000000 8 1
7550000.000000 47 1
7550000.000000 55 1
7550000.000000 152 1
7550000.000000 279 1
7600000.000000 1 27
7600000.000000 2 8
7600000.000000 3 3
7600000.000000 4 2
7600000.000000 5 1
7600000.000000 44 1
7600000.000000 55 1
7600000.000000 152 1
7600000.000000 284 1
7650000.000000 1 34
7650000.000000 2 5
7650000.000000 3 3
7650000.000000 4 1
7650000.000000 7 1
7650000.000000 44 1
7650000.000000 55 1
7650000.000000 153 1
7650000.000000 284 1
7700000.000000 1 37
7700000.000000 2 4
7700000.000000 3 2
7700000.000000 4 2
7700000.000000 50 1
7700000.000000 53 1
7700000.000000 156 1
7700000.000000 282 1
7750000.000000 1 36
7750000.000000 2 8
7750000.000000 3 3
7750000.000000 50 1
7750000.000000 52 1
7750000.000000 156 1
7750000.000000 281 1
7800000.000000 1 41
7800000.000000 2 10
7800000.000000 3 1
7800000.000000 49 1
7800000.000000 50 1
7800000.000000 154 1
7800000.000000 283 1
7850000.000000 1 34
7850000.000000 2 7
7850000.000000 3 1
7850000.000000 4 2
7850000.000000 5 1
7850000.000000 48 1
7850000.000000 156 1
7850000.000000 332 1
7900000.000000 1 43
7900000.000000 2 9
7900000.000000 3 1
7900000.000000 47 1
7900000.000000 49 1
7900000.000000 157 1
7900000.000000 283 1
7950000.000000 1 47
7950000.000000 2 7
7950000.000000 3 2
7950000.000000 44 1
7950000.000000 155 1
7950000.000000 334 1
8000000.000000 1 30
8000000.000000 2 8
8000000.000000 3 5
8000000.000000 5 1
8000000.000000 46 1
8000000.000000 49 1
8000000.000000 157 1
8000000.000000 282 1
8050000.000000 1 35
8050000.000000 2 8
8050000.000000 3 6
8050000.000000 4 1
8050000.000000 5 1
8050000.000000 42 1
8050000.000000 47 1
8050000.000000 154 1
8050000.000000 279 1
8100000.000000 1 36
8100000.000000 2 10
8100000.000000 3 4
8100000.000000 4 1
8100000.000000 5 1
8100000.000000 44 1
8100000.000000 46 1
8100000.000000 151 1
8100000.000000 282 1
8150000.000000 1 51
8150000.000000 2 8
8150000.000000 3 3
8150000.000000 45 2
8150000.000000 152 1
8150000.000000 282 1
8200000.000000 1 55
8200000.000000 2 7
8200000.000000 3 4
8200000.000000 43 1
8200000.000000 46 1
8200000.000000 152 1
8200000.000000 278 1
8250000.000000 1 34
8250000.000000 2 11
8250000.000000 3 3
8250000.000000 4 2
8250000.000000 46 1
8250000.000000 47 1
8250000.000000 153 1
8250000.000000 281 1
8300000.000000 1 31
8300000.000000 2 6
8300000.000000 3 1
8300000.000000 4 3
8300000.000000 5 1
8300000.000000 49 2
8300000.000000 156 1
8300000.000000 283 1
8350000.000000 1 36
8350000.000000 2 4
8350000.000000 3 3
8350000.000000 4 1
8350000.000000 5 2
8350000.000000 43 1
8350000.000000 49 1
8350000.000000 157 1
8350000.000000 284 1
8400000.000000 1 36
8400000.000000 2 4
8400000.000000 3 3
8400000.000000 4 1
8400000.000000 5 2
8400000.000000 6 1
8400000.000000 43 1
8400000.000000 48 1
8400000.000000 158 1
8400000.000000 278 1
8450000.000000 1 32
8450000.000000 2 6
8450000.000000 3 6
8450000.000000 5 2
8450000.000000 42 1
8450000.000000 50 1
8450000.000000 157 1
8450000.000000 279 1
8500000.000000 1 35
8500000.000000 2 6
8500000.000000 3 4
8500000.000000 5 2
8500000.000000 6 1
8500000.000000 49 1
8500000.000000 196 1
8500000.000000 280 1
8550000.000000 1 39
8550000.000000 2 11
8550000.000000 3 1
8550000.000000 5 1
8550000.000000 7 1
8550000.000000 48 1
8550000.000000 197 1
8550000.000000 279 1
8600000.000000 1 43
8600000.000000 2 12
8600000.000000 3 4
8600000.000000 49 1
8600000.000000 193 1
8600000.000000 279 1
8650000.000000 1 46
8650000.000000 2 9
8650000.000000 3 6
8650000.000000 40 1
8650000.000000 49 1
8650000.000000 150 1
8650000.000000 279 1
8700000.000000 1 51
8700000.000000 2 8
8700000.000000 3 2
8700000.000000 4 2
8700000.000000 38 1
8700000.000000 45 1
8700000.000000 152 1
8700000.000000 284 1
8750000.000000 1 35
8750000.000000 2 9
8750000.000000 3 3
8750000.000000 4 2
8750000.000000 5 2
8750000.000000 30 1
8750000.000000 48 1
8750000.000000 154 1
8750000.000000 288 1
8800000.000000 1 33
8800000.000000 2 16
8800000.000000 3 2
8800000.000000 4 2
8800000.000000 5 1
8800000.000000 29 1
8800000.000000 46 1
8800000.000000 156 1
8800000.000000 285 1
8850000.000000 1 40
8850000.000000 2 15
8850000.000000 3 1
8850000.000000 4 3
8850000.000000 43 1
8850000.000000 191 1
8850000.000000 281 1
8900000.000000 1 53
8900000.000000 2 8
8900000.000000 3 5
8900000.000000 4 2
8900000.000000 6 1
8900000.000000 26 1
8900000.000000 44 1
8900000.000000 157 1
8900000.000000 275 1
8950000.000000 1 55
8950000.000000 2 7
8950000.000000 3 5
8950000.000000 4 1
8950000.000000 5 1
8950000.000000 27 1
8950000.000000 42 1
8950000.000000 163 1
8950000.000000 275 1
9000000.000000 1 46
9000000.000000 2 8
9000000.000000 3 2
9000000.000000 4 3
9000000.000000 6 2
9000000.000000 26 1
9000000.000000 42 1
9000000.000000 163 1
9000000.000000 277 1
9050000.000000 1 36
9050000.000000 2 9
9050000.000000 3 3
9050000.000000 4 2
9050000.000000 6 1
9050000.000000 9 1
9050000.000000 23 1
9050000.000000 44 1
9050000.000000 167 1
9050000.000000 280 1
9100000.000000 1 40
9100000.000000 2 7
9100000.000000 3 6
9100000.000000 33 1
9100000.000000 42 1
9100000.000000 171 1
9100000.000000 282 1
9150000.000000 1 53
9150000.000000 2 8
9150000.000000 3 1
9150000.000000 4 1
9150000.000000 5 1
9150000.000000 27 1
9150000.000000 42 1
9150000.000000 171 1
9150000.000000 279 1
9200000.000000 1 38
9200000.000000 2 10
9200000.000000 3 2
9200000.000000 4 2
9200000.000000 32 1
9200000.000000 171 1
9200000.000000 325 1
9250000.000000 1 45
9250000.000000 2 7
9250000.000000 3 3
9250000.000000 4 2
9250000.000000 5 1
9250000.000000 31 1
9250000.000000 41 1
9250000.000000 168 1
9250000.000000 279 1
9300000.000000 1 35
9300000.000000 2 13
9300000.000000 3 2
9300000.000000 4 1
9300000.000000 6 1
9300000.000000 30 1
9300000.000000 43 1
9300000.000000 171 1
9300000.000000 279 1
9350000.000000 1 44
9350000.000000 2 11
9350000.000000 3 2
9350000.000000 4 1
9350000.000000 5 1
9350000.000000 28 1
9350000.000000 44 1
9350000.000000 168 1
9350000.000000 279 1
9400000.000000 1 51
9400000.000000 2 6
9400000.000000 3 3
9400000.000000 4 3
9400000.000000 27 1
9400000.000000 164 1
9400000.000000 325 1
9450000.000000 1 52
9450000.000000 2 9
9450000.000000 3 1
9450000.000000 5 2
9450000.000000 7 1
9450000.000000 24 1
9450000.000000 42 1
9450000.000000 165 1
9450000.000000 279 1
9500000.000000 1 53
9500000.000000 2 9
9500000.000000 3 2
9500000.000000 6 1
9500000.000000 28 1
9500000.000000 40 1
9500000.000000 168 1
9500000.000000 281 1
9550000.000000 1 44
9550000.000000 2 7
9550000.000000 3 2
9550000.000000 4 1
9550000.000000 6 1
9550000.000000 11 1
9550000.000000 42 1
9550000.000000 195 1
9550000.000000 278 1
9600000.000000 1 55
9600000.000000 2 5
9600000.000000 3 2
9600000.000000 6 1
9600000.000000 7 1
9600000.000000 24 1
9600000.000000 41 1
9600000.000000 170 1
9600000.000000 281 1
9650000.000000 1 48
9650000.000000 2 6
9650000.000000 3 3
9650000.000000 6 2
9650000.000000 7 1
9650000.000000 25 1
9650000.000000 39 1
9650000.000000 171 1
9650000.000000 277 1
9700000.000000 1 43
9700000.000000 2 3
9700000.000000 3 6
9700000.000000 4 1
9700000.000000 6 1
9700000.000000 26 1
9700000.000000 40 1
9700000.000000 170 1
9700000.000000 287 1
9750000.000000 1 41
9750000.000000 2 9
9750000.000000 3 1
9750000.000000 4 1
9750000.000000 9 1
9750000.000000 43 1
9750000.000000 196 1
9750000.000000 286 1
9800000.000000 1 27
9800000.000000 2 5
9800000.000000 3 1
9800000.000000 4 4
9800000.000000 5 1
9800000.000000 7 1
9800000.000000 26 1
9800000.000000 44 1
9800000.000000 172 1
9800000.000000 290 1
9850000.000000 1 38
9850000.000000 2 10
9850000.000000 3 3
9850000.000000 4 2
9850000.000000 5 1
9850000.000000 42 1
9850000.000000 192 1
9850000.000000 286 1
9900000.000000 1 39
9900000.000000 2 4
9900000.000000 3 5
9900000.000000 4 3
9900000.000000 5 2
9900000.000000 40 1
9900000.000000 196 1
9900000.000000 280 1
9950000.000000 1 34
9950000.000000 2 11
9950000.000000 3 4
9950000.000000 4 2
9950000.000000 9 1
9950000.000000 40 1
9950000.000000 190 1
9950000.000000 285 1
10000000.000000 1 47
10000000.000000 2 12
10000000.000000 3 1
10000000.000000 4 1
10000000.000000 5 1
10000000.000000 38 1
10000000.000000 193 1
10000000.000000 286 1
10050000.000000 1 44
10050000.000000 2 11
10050000.000000 3 3
10050000.000000 7 2
10050000.000000 38 1
10050000.000000 190 1
10050000.000000 283 1
10100000.000000 1 47
10100000.000000 2 6
10100000.000000 3 4
10100000.000000 6 2
10100000.000000 41 1
10100000.000000 192 1
10100000.000000 284 1
10150000.000000 1 48
10150000.000000 2 8
10150000.000000 3 3
10150000.000000 5 1
10150000.000000 8 1
10150000.000000 39 1
10150000.000000 193 1
10150000.000000 282 1
10200000.000000 1 41
10200000.000000 2 7
10200000.000000 3 3
10200000.000000 4 1
10200000.000000 5 2
10200000.000000 42 1
10200000.000000 193 1
10200000.000000 287 1
10250000.000000 1 42
10250000.000000 2 7
10250000.000000 3 2
10250000.000000 5 2
10250000.000000 10 1
10250000.000000 41 1
10250000.000000 192 1
10250000.000000 285 1
10300000.000000 1 50
10300000.000000 2 10
10300000.000000 4 1
10300000.000000 10 1
10300000.000000 43 1
10300000.000000 193 1
10300000.000000 280 1
10350000.000000 1 40
10350000.000000 2 6
10350000.000000 3 3
10350000.000000 4 1
10350000.000000 9 2
10350000.000000 46 1
10350000.000000 188 1
10350000.000000 283 1
10400000.000000 1 35
10400000.000000 2 5
10400000.000000 3 3
10400000.000000 4 2
10400000.000000 6 1
10400000.000000 11 1
10400000.000000 44 1
10400000.000000 193 1
10400000.000000 284 1
10450000.000000 1 46
10450000.000000 2 8
10450000.000000 3 4
10450000.000000 4 1
10450000.000000 7 1
10450000.000000 45 1
10450000.000000 189 1
10450000.000000 281 1
10500000.000000 1 45
10500000.000000 2 4
10500000.000000 3 3
10500000.000000 4 2
10500000.000000 6 1
10500000.000000 10 1
10500000.000000 13 1
10500000.000000 43 1
10500000.000000 176 1
10500000.000000 282 1
10550000.000000 1 44
10550000.000000 2 7
10550000.000000 3 1
10550000.000000 4 1
10550000.000000 9 2
10550000.000000 11 1
10550000.000000 46 1
10550000.000000 176 1
10550000.000000 284 1
10600000.000000 1 43
10600000.000000 2 9
10600000.000000 3 2
10600000.000000 4 1
10600000.000000 12 1
10600000.000000 56 1
10600000.000000 177 1
10600000.000000 284 1
10650000.000000 1 36
10650000.000000 2 11
10650000.000000 4 1
10650000.000000 5 1
10650000.000000 6 1
10650000.000000 8 1
10650000.000000 55 1
10650000.000000 177 1
10650000.000000 287 1
10700000.000000 1 34
10700000.000000 2 12
10700000.000000 3 4
10700000.000000 4 2
10700000.000000 5 1
10700000.000000 55 1
10700000.000000 175 1
10700000.000000 287 1
10750000.000000 1 33
10750000.000000 2 10
10750000.000000 3 2
10750000.000000 5 1
10750000.000000 11 1
10750000.000000 56 1
10750000.000000 181 1
10750000.000000 288 1
10800000.000000 1 34
10800000.000000 2 9
10800000.000000 3 6
10800000.000000 4 1
10800000.000000 5 1
10800000.000000 52 1
10800000.000000 184 1
10800000.000000 285 1
10850000.000000 1 36
10850000.000000 2 7
10850000.000000 3 4
10850000.000000 5 1
10850000.000000 7 1
10850000.000000 52 1
10850000.000000 187 1
10850000.000000 287 1
10900000.000000 1 40
10900000.000000 2 10
10900000.000000 3 2
10900000.000000 4 2
10900000.000000 54 1
10900000.000000 185 1
10900000.000000 287 1
10950000.000000 1 38
10950000.000000 2 8
10950000.000000 3 2
10950000.000000 4 3
10950000.000000 6 1
10950000.000000 52 1
10950000.000000 184 1
10950000.000000 286 1
11000000.000000 1 48
11000000.000000 2 3
11000000.000000 3 6
11000000.000000 57 1
11000000.000000 187 1
11000000.000000 284 1
11050000.000000 1 40
11050000.000000 2 7
11050000.000000 3 3
11050000.000000 4 3
11050000.000000 6 1
11050000.000000 52 1
11050000.000000 188 1
11050000.000000 279 1
11100000.000000 1 45
11100000.000000 2 9
11100000.000000 3 3
11100000.000000 5 1
11100000.000000 56 1
11100000.000000 187 1
11100000.000000 280 1
11150000.000000 1 42
11150000.000000 2 9
11150000.000000 3 3
11150000.000000 4 1
11150000.000000 5 1
11150000.000000 58 1
11150000.000000 183 1
11150000.000000 281 1
11200000.000000 1 40
11200000.000000 2 8
11200000.000000 3 4
11200000.000000 4 1
11200000.000000 6 1
11200000.000000 58 1
11200000.000000 183 1
11200000.000000 281 1
11250000.000000 1 42
11250000.000000 2 6
11250000.000000 3 5
11250000.000000 7 1
11250000.000000 54 1
11250000.000000 186 1
11250000.000000 284 1
11300000.000000 1 36
11300000.000000 2 4
11300000.000000 3 3
11300000.000000 4 2
11300000.000000 6 2
11300000.000000 52 1
11300000.000000 189 1
11300000.000000 286 1
11350000.000000 1 32
11350000.000000 2 7
11350000.000000 3 2
11350000.000000 4 5
11350000.000000 59 1
11350000.000000 185 1
11350000.000000 284 1
11400000.000000 1 44
11400000.000000 2 7
11400000.000000 3 4
11400000.000000 4 2
11400000.000000 54 1
11400000.000000 184 1
11400000.000000 284 1
11450000.000000 1 38
11450000.000000 2 9
11450000.000000 3 2
11450000.000000 4 1
11450000.000000 5 1
11450000.000000 58 1
11450000.000000 185 1
11450000.000000 286 1
11500000.000000 1 42
11500000.000000 2 3
11500000.000000 4 3
11500000.000000 11 1
11500000.000000 59 1
11500000.000000 185 1
11500000.000000 285 1
11550000.000000 1 36
11550000.000000 2 12
11550000.000000 3 2
11550000.000000 5 1
11550000.000000 57 1
11550000.000000 185 1
11550000.000000 287 1
11600000.000000 1 44
11600000.000000 2 9
11600000.000000 3 4
11600000.000000 5 2
11600000.000000 55 1
11600000.000000 180 1
11600000.000000 281 1
11650000.000000 1 47
11650000.000000 2 9
11650000.000000 3 2
11650000.000000 4 1
11650000.000000 57 1
11650000.000000 183 1
11650000.000000 285 1
11700000.000000 1 49
11700000.000000 2 6
11700000.000000 3 1
11700000.000000 4 1
11700000.000000 5 1
11700000.000000 58 1
11700000.000000 183 1
11700000.000000 286 1
11750000.000000 1 43
11750000.000000 2 6
11750000.000000 3 1
11750000.000000 4 1
11750000.000000 5 1
11750000.000000 60 1
11750000.000000 185 1
11750000.000000 288 1
11800000.000000 1 35
11800000.000000 2 12
11800000.000000 3 1
11800000.000000 8 1
11800000.000000 57 1
11800000.000000 187 1
11800000.000000 286 1
11850000.000000 1 54
11850000.000000 2 6
11850000.000000 3 2
11850000.000000 58 1
11850000.000000 180 1
11850000.000000 290 1
11900000.000000 1 46
11900000.000000 2 6
11900000.000000 3 4
11900000.000000 58 1
11900000.000000 179 1
11900000.000000 293 1
11950000.000000 1 44
11950000.000000 2 8
11950000.000000 3 2
11950000.000000 4 1
11950000.000000 59 1
11950000.000000 179 1
11950000.000000 292 1
12000000.000000 1 30
12000000.000000 2 6
12000000.000000 3 5
12000000.000000 4 2
12000000.000000 59 1
12000000.000000 180 1
12000000.000000 296 1
12050000.000000 1 38
12050000.000000 2 12
12050000.000000 3 1
12050000.000000 4 1
12050000.000000 5 1
12050000.000000 56 1
12050000.000000 179 1
12050000.000000 291 1
12100000.000000 1 36
12100000.000000 2 8
12100000.000000 3 2
12100000.000000 4 1
12100000.000000 7 1
12100000.000000 60 1
12100000.000000 178 1
12100000.000000 293 1
12150000.000000 1 40
12150000.000000 2 7
12150000.000000 3 2
12150000.000000 4 1
12150000.000000 59 1
12150000.000000 181 1
12150000.000000 296 1
12200000.000000 1 40
12200000.000000 2 6
12200000.000000 3 4
12200000.000000 61 1
12200000.000000 179 1
12200000.000000 296 1
12250000.000000 1 43
12250000.000000 2 6
12250000.000000 4 2
12250000.000000 61 1
12250000.000000 180 1
12250000.000000 296 1
12300000.000000 1 43
12300000.000000 2 5
12300000.000000 4 1
12300000.000000 61 1
12300000.000000 181 1
12300000.000000 301 1
12350000.000000 1 37
12350000.000000 2 7
12350000.000000 3 2
12350000.000000 62 1
12350000.000000 182 1
12350000.000000 299 1
12400000.000000 1 49
12400000.000000 2 2
12400000.000000 4 1
12400000.000000 61 1
12400000.000000 182 1
12400000.000000 300 1
12450000.000000 1 42
12450000.000000 2 4
12450000.000000 3 1
12450000.000000 4 1
12450000.000000 62 1
12450000.000000 180 1
12450000.000000 301 1
12500000.000000 1 41
12500000.000000 2 6
12500000.000000 3 2
12500000.000000 59 1
12500000.000000 181 1
12500000.000000 301 1
12550000.000000 1 31
12550000.000000 2 11
12550000.000000 3 2
12550000.000000 60 1
12550000.000000 181 1
12550000.000000 300 1
12600000.000000 1 39
12600000.000000 2 6
12600000.000000 3 2
12600000.000000 62 1
12600000.000000 183 1
12600000.000000 298 1
12650000.000000 1 45
12650000.000000 2 4
12650000.000000 4 1
12650000.000000 61 1
12650000.000000 184 1
12650000.000000 298 1
12700000.000000 1 36
12700000.000000 2 8
12700000.000000 3 1
12700000.000000 59 1
12700000.000000 187 1
12700000.000000 299 1
12750000.000000 1 41
12750000.000000 2 7
12750000.000000 3 1
12750000.000000 59 1
12750000.000000 182 1
12750000.000000 301 1
12800000.000000 1 27
12800000.000000 2 11
12800000.000000 3 3
12800000.000000 58 1
12800000.000000 185 1
12800000.000000 299 1
12850000.000000 1 38
12850000.000000 2 7
12850000.000000 3 2
12850000.000000 63 1
12850000.000000 184 1
12850000.000000 295 1
12900000.000000 1 38
12900000.000000 2 5
12900000.000000 3 3
12900000.000000 61 1
12900000.000000 184 1
12900000.000000 298 1
12950000.000000 1 42
12950000.000000 2 3
12950000.000000 3 1
12950000.000000 4 1
12950000.000000 63 1
12950000.000000 183 1
12950000.000000 299 1
13000000.000000 1 36
13000000.000000 2 6
13000000.000000 3 2
13000000.000000 63 1
13000000.000000 185 1
13000000.000000 298 1
13050000.000000 1 38
13050000.000000 2 6
13050000.000000 3 1
13050000.000000 61 1
13050000.000000 185 1
13050000.000000 301 1
13100000.000000 1 38
13100000.000000 2 4
13100000.000000 3 3
13100000.000000 60 1
13100000.000000 182 1
13100000.000000 303 1
13150000.000000 1 29
13150000.000000 2 4
13150000.000000 3 4
13150000.000000 5 1
13150000.000000 60 1
13150000.000000 184 1
13150000.000000 302 1
13200000.000000 1 34
13200000.000000 2 8
13200000.000000 4 1
13200000.000000 60 1
13200000.000000 186 1
13200000.000000 300 1
13250000.000000 1 43
13250000.000000 2 3
13250000.000000 3 2
13250000.000000 59 1
13250000.000000 186 1
13250000.000000 300 1
13300000.000000 1 43
13300000.000000 2 3
13300000.000000 3 1
13300000.000000 58 1
13300000.000000 188 1
13300000.000000 302 1
13350000.000000 1 44
13350000.000000 2 6
13350000.000000 60 1
13350000.000000 185 1
13350000.000000 299 1
13400000.000000 1 37
13400000.000000 2 5
13400000.000000 3 1
13400000.000000 60 1
13400000.000000 185 1
13400000.000000 305 1
13450000.000000 1 38
13450000.000000 2 5
13450000.000000 3 1
13450000.000000 60 1
13450000.000000 182 1
13450000.000000 307 1
13500000.000000 1 36
13500000.000000 2 8
13500000.000000 3 1
13500000.000000 57 1
13500000.000000 184 1
13500000.000000 304 1
13550000.000000 1 36
13550000.000000 2 6
13550000.000000 3 2
13550000.000000 59 1
13550000.000000 180 1
13550000.000000 307 1
13600000.000000 1 40
13600000.000000 2 7
13600000.000000 3 1
13600000.000000 59 1
13600000.000000 180 1
13600000.000000 304 1
13650000.000000 1 29
13650000.000000 2 6
13650000.000000 3 3
13650000.000000 61 1
13650000.000000 178 1
13650000.000000 311 1
13700000.000000 1 35
13700000.000000 2 9
13700000.000000 3 1
13700000.000000 58 1
13700000.000000 178 1
13700000.000000 308 1
13750000.000000 1 38
13750000.000000 2 5
13750000.000000 3 2
13750000.000000 57 1
13750000.000000 181 1
13750000.000000 308 1
13800000.000000 1 34
13800000.000000 2 7
13800000.000000 3 2
13800000.000000 59 1
13800000.000000 177 1
13800000.000000 310 1
13850000.000000 1 36
13850000.000000 2 5
13850000.000000 3 1
13850000.000000 58 1
13850000.000000 181 1
13850000.000000 312 1
13900000.000000 1 45
13900000.000000 2 6
13900000.000000 59 1
13900000.000000 176 1
13900000.000000 308 1
13950000.000000 1 41
13950000.000000 2 5
13950000.000000 4 1
13950000.000000 61 1
13950000.000000 177 1
13950000.000000 307 1
14000000.000000 1 31
14000000.000000 2 11
14000000.000000 3 2
14000000.000000 61 1
14000000.000000 175 1
14000000.000000 305 1
14050000.000000 1 39
14050000.000000 2 8
14050000.000000 3 2
14050000.000000 56 1
14050000.000000 178 1
14050000.000000 305 1
14100000.000000 1 37
14100000.000000 2 6
14100000.000000 4 2
14100000.000000 59 1
14100000.000000 179 1
14100000.000000 305 1
14150000.000000 1 35
14150000.000000 2 5
14150000.000000 3 3
14150000.000000 4 1
14150000.000000 59 1
14150000.000000 178 1
14150000.000000 305 1
14200000.000000 1 41
14200000.000000 2 6
14200000.000000 3 2
14200000.000000 4 1
14200000.000000 57 1
14200000.000000 175 1
14200000.000000 305 1
14250000.000000 1 48
14250000.000000 2 4
14250000.000000 59 1
14250000.000000 177 1
14250000.000000 308 1
14300000.000000 1 51
14300000.000000 2 2
14300000.000000 3 1
14300000.000000 57 1
14300000.000000 177 1
14300000.000000 308 1
14350000.000000 1 35
14350000.000000 2 7
14350000.000000 3 2
14350000.000000 58 1
14350000.000000 179 1
14350000.000000 308 1
14400000.000000 1 38
14400000.000000 2 5
14400000.000000 3 1
14400000.000000 59 1
14400000.000000 179 1
14400000.000000 311 1
14450000.000000 1 41
14450000.000000 2 4
14450000.000000 3 2
14450000.000000 57 1
14450000.000000 176 1
14450000.000000 312 1
14500000.000000 1 39
14500000.000000 2 6
14500000.000000 3 4
14500000.000000 51 1
14500000.000000 176 1
14500000.000000 310 1
14550000.000000 1 38
14550000.000000 2 10
14550000.000000 6 1
14550000.000000 48 1
14550000.000000 177 1
14550000.000000 311 1
14600000.000000 1 32
14600000.000000 2 6
14600000.000000 3 1
14600000.000000 56 1
14600000.000000 182 1
14600000.000000 315 1
14650000.000000 1 41
14650000.000000 2 6
14650000.000000 3 2
14650000.000000 4 1
14650000.000000 6 1
14650000.000000 40 1
14650000.000000 179 1
14650000.000000 312 1
14700000.000000 1 42
14700000.000000 2 8
14700000.000000 3 1
14700000.000000 9 1
14700000.000000 39 1
14700000.000000 178 1
14700000.000000 313 1
14750000.000000 1 47
14750000.000000 2 4
14750000.000000 8 1
14750000.000000 41 1
14750000.000000 179 1
14750000.000000 317 1
14800000.000000 1 39
14800000.000000 2 6
14800000.000000 3 1
14800000.000000 4 1
14800000.000000 42 1
14800000.000000 182 1
14800000.000000 318 1
14850000.000000 1 36
14850000.000000 2 7
14850000.000000 3 3
14850000.000000 42 1
14850000.000000 183 1
14850000.000000 316 1
14900000.000000 1 42
14900000.000000 2 8
14900000.000000 43 1
14900000.000000 182 1
14900000.000000 317 1
14950000.000000 1 44
14950000.000000 2 5
14950000.000000 3 2
14950000.000000 43 1
14950000.000000 182 1
14950000.000000 315 1
15000000.000000 1 46
15000000.000000 2 5
15000000.000000 3 1
15000000.000000 42 1
15000000.000000 182 1
15000000.000000 317 1
15050000.000000 1 38
15050000.000000 2 5
15050000.000000 48 1
15050000.000000 185 1
15050000.000000 319 1
15100000.000000 1 39
15100000.000000 2 3
15100000.000000 3 1
15100000.000000 46 1
15100000.000000 186 1
15100000.000000 320 1
15150000.000000 1 42
15150000.000000 2 3
15150000.000000 3 1
15150000.000000 48 1
15150000.000000 184 1
15150000.000000 317 1
15200000.000000 1 38
15200000.000000 2 5
15200000.000000 3 1
15200000.000000 49 1
15200000.000000 183 1
15200000.000000 317 1
15250000.000000 1 35
15250000.000000 2 4
15250000.000000 53 1
15250000.000000 186 1
15250000.000000 318 1
15300000.000000 1 40
15300000.000000 2 3
15300000.000000 51 1
15300000.000000 186 1
15300000.000000 317 1
15350000.000000 1 34
15350000.000000 2 6
15350000.000000 4 1
15350000.000000 5 1
15350000.000000 44 1
15350000.000000 187 1
15350000.000000 314 1
15400000.000000 1 31
15400000.000000 2 5
15400000.000000 3 3
15400000.000000 48 1
15400000.000000 184 1
15400000.000000 318 1
15450000.000000 1 36
15450000.000000 2 6
15450000.000000 3 1
15450000.000000 45 1
15450000.000000 185 1
15450000.000000 319 1
15500000.000000 1 28
15500000.000000 2 4
15500000.000000 3 4
15500000.000000 45 1
15500000.000000 186 1
15500000.000000 321 1
15550000.000000 1 30
15550000.000000 2 6
15550000.000000 3 1
15550000.000000 44 1
15550000.000000 187 1
15550000.000000 324 1
15600000.000000 1 24
15600000.000000 2 3
15600000.000000 3 3
15600000.000000 5 1
15600000.000000 48 1
15600000.000000 187 1
15600000.000000 321 1
15650000.000000 1 33
15650000.000000 2 3
15650000.000000 3 1
15650000.000000 4 1
15650000.000000 45 1
15650000.000000 186 1
15650000.000000 323 1
15700000.000000 1 27
15700000.000000 2 4
15700000.000000 3 2
15700000.000000 5 1
15700000.000000 44 1
15700000.000000 188 1
15700000.000000 322 1
15750000.000000 1 26
15750000.000000 2 5
15750000.000000 3 2
15750000.000000 47 1
15750000.000000 185 1
15750000.000000 326 1
15800000.000000 1 25
15800000.000000 2 7
15800000.000000 3 1
15800000.000000 47 1
15800000.000000 185 1
15800000.000000 326 1
15850000.000000 1 29
15850000.000000 2 4
15850000.000000 48 1
15850000.000000 187 1
15850000.000000 328 1
15900000.000000 1 34
15900000.000000 2 3
15900000.000000 50 1
15900000.000000 184 1
15900000.000000 326 1
15950000.000000 1 26
15950000.000000 2 4
15950000.000000 3 2
15950000.000000 4 1
15950000.000000 49 1
15950000.000000 182 1
15950000.000000 325 1
16000000.000000 1 26
16000000.000000 2 6
16000000.000000 3 2
16000000.000000 4 1
16000000.000000 5 1
16000000.000000 41 1
16000000.000000 183 1
16000000.000000 323 1
16050000.000000 1 28
16050000.000000 2 4
16050000.000000 3 3
16050000.000000 4 2
16050000.000000 39 1
16050000.000000 185 1
16050000.000000 323 1
16100000.000000 1 28
16100000.000000 2 6
16100000.000000 3 3
16100000.000000 5 1
16100000.000000 39 1
16100000.000000 183 1
16100000.000000 324 1
16150000.000000 1 36
16150000.000000 2 5
16150000.000000 3 1
16150000.000000 5 1
16150000.000000 38 1
16150000.000000 184 1
16150000.000000 324 1
16200000.000000 1 28
16200000.000000 2 4
16200000.000000 4 1
16200000.000000 6 1
16200000.000000 7 1
16200000.000000 42 1
16200000.000000 180 1
16200000.000000 325 1
16250000.000000 1 23
16250000.000000 2 9
16250000.000000 3 1
16250000.000000 4 1
16250000.000000 5 1
16250000.000000 41 1
16250000.000000 184 1
16250000.000000 322 1
16300000.000000 1 23
16300000.000000 2 5
16300000.000000 3 1
16300000.000000 4 2
16300000.000000 44 1
16300000.000000 185 1
16300000.000000 327 1
16350000.000000 1 33
16350000.000000 2 2
16350000.000000 3 1
16350000.000000 7 1
16350000.000000 42 1
16350000.000000 183 1
16350000.000000 328 1
16400000.000000 1 37
16400000.000000 2 2
16400000.000000 4 1
16400000.000000 41 1
16400000.000000 185 1
16400000.000000 329 1
16450000.000000 1 34
16450000.000000 2 5
16450000.000000 5 1
16450000.000000 40 1
16450000.000000 183 1
16450000.000000 328 1
16500000.000000 1 28
16500000.000000 2 5
16500000.000000 3 3
16500000.000000 42 1
16500000.000000 181 1
16500000.000000 330 1
16550000.000000 1 32
16550000.000000 2 7
16550000.000000 3 2
16550000.000000 39 1
16550000.000000 178 1
16550000.000000 331 1
16600000.000000 1 32
16600000.000000 2 8
16600000.000000 3 2
16600000.000000 41 1
16600000.000000 176 1
16600000.000000 329 1
16650000.000000 1 33
16650000.000000 2 5
16650000.000000 3 2
16650000.000000 38 1
16650000.000000 180 1
16650000.000000 333 1
16700000.000000 1 35
16700000.000000 2 6
16700000.000000 5 1
16700000.000000 36 1
16700000.000000 180 1
16700000.000000 332 1
16750000.000000 1 34
16750000.000000 2 4
16750000.000000 3 1
16750000.000000 4 2
16750000.000000 35 1
16750000.000000 182 1
16750000.000000 330 1
16800000.000000 1 35
16800000.000000 2 4
16800000.000000 3 1
16800000.000000 40 1
16800000.000000 181 1
16800000.000000 333 1
16850000.000000 1 39
16850000.000000 2 5
16850000.000000 3 1
16850000.000000 39 1
16850000.000000 177 1
16850000.000000 332 1
16900000.000000 1 31
16900000.000000 2 7
16900000.000000 3 2
16900000.000000 37 1
16900000.000000 180 1
16900000.000000 332 1
16950000.000000 1 38
16950000.000000 2 7
16950000.000000 3 1
16950000.000000 36 1
16950000.000000 181 1
16950000.000000 328 1
17000000.000000 1 27
17000000.000000 2 8
17000000.000000 3 1
17000000.000000 4 1
17000000.000000 36 1
17000000.000000 184 1
17000000.000000 330 1
17050000.000000 1 27
17050000.000000 2 8
17050000.000000 3 3
17050000.000000 37 1
17050000.000000 180 1
17050000.000000 331 1
17100000.000000 1 27
17100000.000000 2 8
17100000.000000 3 3
17100000.000000 39 1
17100000.000000 183 1
17100000.000000 326 1
17150000.000000 1 29
17150000.000000 2 5
17150000.000000 3 3
17150000.000000 39 1
17150000.000000 186 1
17150000.000000 327 1
17200000.000000 1 31
17200000.000000 2 7
17200000.000000 3 2
17200000.000000 40 1
17200000.000000 182 1
17200000.000000 327 1
17250000.000000 1 33
17250000.000000 2 6
17250000.000000 3 1
17250000.000000 4 1
17250000.000000 35 1
17250000.000000 186 1
17250000.000000 327 1
17300000.000000 1 30
17300000.000000 2 3
17300000.000000 3 5
17300000.000000 4 1
17300000.000000 38 1
17300000.000000 182 1
17300000.000000 325 1
17350000.000000 1 38
17350000.000000 2 4
17350000.000000 4 1
17350000.000000 42 1
17350000.000000 181 1
17350000.000000 327 1
17400000.000000 1 39
17400000.000000 2 5
17400000.000000 39 1
17400000.000000 184 1
17400000.000000 328 1
17450000.000000 1 42
17450000.000000 2 8
17450000.000000 38 1
17450000.000000 180 1
17450000.000000 324 1
17500000.000000 1 37
17500000.000000 2 8
17500000.000000 38 1
17500000.000000 179 1
17500000.000000 330 1
17550000.000000 1 34
17550000.000000 2 9
17550000.000000 3 2
17550000.000000 36 1
17550000.000000 178 1
17550000.000000 328 1
17600000.000000 1 30
17600000.000000 2 9
17600000.000000 4 2
17600000.000000 36 1
17600000.000000 178 1
17600000.000000 330 1
17650000.000000 1 37
17650000.000000 2 3
17650000.000000 3 4
17650000.000000 37 1
17650000.000000 179 1
17650000.000000 329 1
17700000.000000 1 39
17700000.000000 2 5
17700000.000000 3 1
17700000.000000 38 1
17700000.000000 181 1
17700000.000000 329 1
17750000.000000 1 31
17750000.000000 2 8
17750000.000000 39 1
17750000.000000 185 1
17750000.000000 329 1
17800000.000000 1 33
17800000.000000 2 6
17800000.000000 3 2
17800000.000000 40 1
17800000.000000 183 1
17800000.000000 326 1
17850000.000000 1 38
17850000.000000 2 7
17850000.000000 3 1
17850000.000000 38 1
17850000.000000 184 1
17850000.000000 323 1
17900000.000000 1 33
17900000.000000 2 6
17900000.000000 3 2
17900000.000000 39 1
17900000.000000 183 1
17900000.000000 327 1
17950000.000000 1 40
17950000.000000 2 5
17950000.000000 3 1
17950000.000000 36 1
17950000.000000 184 1
17950000.000000 327 1
18000000.000000 1 41
18000000.000000 2 7
18000000.000000 3 2
18000000.000000 37 1
18000000.000000 179 1
18000000.000000 323 1
18050000.000000 1 38
18050000.000000 2 7
18050000.000000 3 5
18050000.000000 34 1
18050000.000000 178 1
18050000.000000 321 1
18100000.000000 1 42
18100000.000000 2 5
18100000.000000 3 3
18100000.000000 218 1
18100000.000000 321 1
18150000.000000 1 39
18150000.000000 2 11
18150000.000000 32 1
18150000.000000 182 1
18150000.000000 325 1
18200000.000000 1 41
18200000.000000 2 9
18200000.000000 3 1
18200000.000000 4 1
18200000.000000 5 1
18200000.000000 31 1
18200000.000000 175 1
18200000.000000 323 1
18250000.000000 1 43
18250000.000000 2 10
18250000.000000 3 2
18250000.000000 5 1
18250000.000000 29 1
18250000.000000 179 1
18250000.000000 318 1
18300000.000000 1 41
18300000.000000 2 11
18300000.000000 3 3
18300000.000000 5 1
18300000.000000 25 1
18300000.000000 180 1
18300000.000000 318 1
18350000.000000 1 41
18350000.000000 2 4
18350000.000000 3 4
18350000.000000 4 1
18350000.000000 31 1
18350000.000000 180 1
18350000.000000 324 1
18400000.000000 1 41
18400000.000000 2 10
18400000.000000 3 2
18400000.000000 28 1
18400000.000000 183 1
18400000.000000 322 1
18450000.000000 1 50
18450000.000000 2 8
18450000.000000 27 1
18450000.000000 186 1
18450000.000000 321 1
18500000.000000 1 54
18500000.000000 2 9
18500000.000000 3 1
18500000.000000 4 1
18500000.000000 23 1
18500000.000000 179 1
18500000.000000 319 1
18550000.000000 1 47
18550000.000000 2 8
18550000.000000 3 4
18550000.000000 5 1
18550000.000000 27 1
18550000.000000 177 1
18550000.000000 316 1
18600000.000000 1 37
18600000.000000 2 10
18600000.000000 3 2
18600000.000000 4 2
18600000.000000 5 1
18600000.000000 26 1
18600000.000000 177 1
18600000.000000 321 1
18650000.000000 1 41
18650000.000000 2 9
18650000.000000 4 1
18650000.000000 5 1
18650000.000000 27 1
18650000.000000 181 1
18650000.000000 324 1
18700000.000000 1 43
18700000.000000 2 10
18700000.000000 3 2
18700000.000000 27 1
18700000.000000 180 1
18700000.000000 324 1
18750000.000000 1 40
18750000.000000 2 9
18750000.000000 3 1
18750000.000000 4 1
18750000.000000 28 1
18750000.000000 182 1
18750000.000000 325 1
18800000.000000 1 36
18800000.000000 2 15
18800000.000000 3 1
18800000.000000 27 1
18800000.000000 181 1
18800000.000000 323 1
18850000.000000 1 46
18850000.000000 2 7
18850000.000000 3 2
18850000.000000 5 1
18850000.000000 28 1
18850000.000000 179 1
18850000.000000 322 1
18900000.000000 1 47
18900000.000000 2 9
18900000.000000 3 1
18900000.000000 5 1
18900000.000000 24 1
18900000.000000 180 1
18900000.000000 323 1
18950000.000000 1 51
18950000.000000 2 4
18950000.000000 3 2
18950000.000000 4 1
18950000.000000 26 1
18950000.000000 178 1
18950000.000000 327 1
19000000.000000 1 41
19000000.000000 2 6
19000000.000000 3 2
19000000.000000 4 1
19000000.000000 5 1
19000000.000000 27 1
19000000.000000 183 1
19000000.000000 322 1
19050000.000000 1 32
19050000.000000 2 11
19050000.000000 3 2
19050000.000000 4 1
19050000.000000 6 1
19050000.000000 25 1
19050000.000000 177 1
19050000.000000 328 1
19100000.000000 1 42
19100000.000000 2 4
19100000.000000 3 3
19100000.000000 4 2
19100000.000000 7 1
19100000.000000 25 1
19100000.000000 176 1
19100000.000000 325 1
19150000.000000 1 33
19150000.000000 2 5
19150000.000000 3 3
19150000.000000 4 1
19150000.000000 5 1
19150000.000000 8 1
19150000.000000 28 1
19150000.000000 182 1
19150000.000000 321 1
19200000.000000 1 36
19200000.000000 2 9
19200000.000000 3 4
19200000.000000 4 2
19200000.000000 5 1
19200000.000000 27 1
19200000.000000 172 1
19200000.000000 322 1
19250000.000000 1 45
19250000.000000 2 11
19250000.000000 3 4
19250000.000000 4 1
19250000.000000 5 1
19250000.000000 22 1
19250000.000000 167 1
19250000.000000 323 1
19300000.000000 1 46
19300000.000000 2 8
19300000.000000 3 1
19300000.000000 5 1
19300000.000000 32 1
19300000.000000 175 1
19300000.000000 323 1
19350000.000000 1 41
19350000.000000 2 7
19350000.000000 3 4
19350000.000000 4 1
19350000.000000 30 1
19350000.000000 175 1
19350000.000000 324 1
19400000.000000 1 36
19400000.000000 2 5
19400000.000000 3 5
19400000.000000 32 1
19400000.000000 179 1
19400000.000000 328 1
19450000.000000 1 31
19450000.000000 2 10
19450000.000000 3 4
19450000.000000 5 1
19450000.000000 28 1
19450000.000000 175 1
19450000.000000 329 1
19500000.000000 1 38
19500000.000000 2 7
19500000.000000 3 2
19500000.000000 4 2
19500000.000000 27 1
19500000.000000 176 1
19500000.000000 331 1
19550000.000000 1 40
19550000.000000 2 7
19550000.000000 3 2
19550000.000000 4 1
19550000.000000 30 1
19550000.000000 173 1
19550000.000000 333 1
19600000.000000 1 45
19600000.000000 2 6
19600000.000000 3 3
19600000.000000 4 1
19600000.000000 25 1
19600000.000000 170 1
19600000.000000 335 1
19650000.000000 1 34
19650000.000000 2 9
19650000.000000 4 2
19650000.000000 27 1
19650000.000000 173 1
19650000.000000 340 1
19700000.000000 1 30
19700000.000000 2 11
19700000.000000 3 5
19700000.000000 31 1
19700000.000000 174 1
19700000.000000 328 1
19750000.000000 1 37
19750000.000000 2 7
19750000.000000 3 1
19750000.000000 4 4
19750000.000000 30 1
19750000.000000 173 1
19750000.000000 327 1
19800000.000000 1 41
19800000.000000 2 10
19800000.000000 3 2
19800000.000000 4 1
19800000.000000 25 1
19800000.000000 173 1
19800000.000000 331 1
19850000.000000 1 27
19850000.000000 2 10
19850000.000000 3 2
19850000.000000 4 1
19850000.000000 27 1
19850000.000000 175 1
19850000.000000 341 1
19900000.000000 1 34
19900000.000000 2 12
19900000.000000 3 2
19900000.000000 4 1
19900000.000000 25 1
19900000.000000 172 1
19900000.000000 335 1
19950000.000000 1 34
19950000.000000 2 9
19950000.000000 3 5
19950000.000000 25 1
19950000.000000 170 1
19950000.000000 338 1
20000000.000000 1 40
20000000.000000 2 11
20000000.000000 30 1
20000000.000000 170 1
20000000.000000 338 1
