# time largest_cluster_rg
50000.000000 42.4893994440
100000.000000 29.4305880078
150000.000000 37.4775639459
200000.000000 37.0736641853
250000.000000 28.0734985486
300000.000000 27.9778178980
350000.000000 25.5948574452
400000.000000 27.6512526587
450000.000000 27.8089298976
500000.000000 28.4697393955
550000.000000 39.7662280795
600000.000000 39.2613748443
650000.000000 39.1690847829
700000.000000 28.4258977172
750000.000000 21.2473723406
800000.000000 42.5461475376
850000.000000 21.0287597767
900000.000000 22.4935042803
950000.000000 19.5590883063
1000000.000000 23.4912946135
1050000.000000 18.9342216551
1100000.000000 18.8571530407
1150000.000000 18.6497383252
1200000.000000 17.7406120997
1250000.000000 18.0094509986
1300000.000000 18.0409995975
1350000.000000 18.1165594110
1400000.000000 18.2541960234
1450000.000000 18.2331378549
1500000.000000 21.1013310851
1550000.000000 17.3289330294
1600000.000000 17.5018299486
1650000.000000 20.2031632694
1700000.000000 17.2633145773
1750000.000000 16.7140965827
1800000.000000 16.9259656815
1850000.000000 17.9795190070
1900000.000000 16.3474412944
1950000.000000 16.8875369113
2000000.000000 15.4227942137
2050000.000000 15.7523617753
2100000.000000 23.8554956003
2150000.000000 14.9792964198
2200000.000000 14.7685277803
2250000.000000 15.0440767960
2300000.000000 14.8981651496
2350000.000000 14.8474294007
2400000.000000 14.9507761932
2450000.000000 15.1929221472
2500000.000000 14.8674596640
2550000.000000 17.0043527283
2600000.000000 14.5006279391
2650000.000000 13.9445304130
2700000.000000 13.8735920990
2750000.000000 14.7957275006
2800000.000000 13.6986552484
2850000.000000 13.7807683112
2900000.000000 13.9430203141
2950000.000000 14.0475094129
3000000.000000 13.7878984166
3050000.000000 13.9637813368
3100000.000000 13.5154067673
3150000.000000 13.5879667122
3200000.000000 13.0102506934
3250000.000000 12.9757546278
3300000.000000 12.5478613617
3350000.000000 12.4788997049
3400000.000000 12.6997775371
3450000.000000 12.5948878427
3500000.000000 12.7113288297
3550000.000000 13.0446099182
3600000.000000 13.3095511176
3650000.000000 13.0017061183
3700000.000000 18.7068757212
3750000.000000 20.3534357179
3800000.000000 13.1912010593
3850000.000000 12.8959188966
3900000.000000 13.0360029554
3950000.000000 20.0710034041
4000000.000000 19.9109133083
4050000.000000 13.2914985616
4100000.000000 21.1766181819
4150000.000000 21.6420289739
4200000.000000 12.4920379834
4250000.000000 12.5817443104
4300000.000000 12.6884348022
4350000.000000 12.2276688218
4400000.000000 12.6548507204
4450000.000000 12.3574979355
4500000.000000 12.5280222749
4550000.000000 12.3880357063
4600000.000000 12.6751689088
4650000.000000 12.7464726806
4700000.000000 12.4460272925
4750000.000000 12.2286148843
4800000.000000 12.5919609885
4850000.000000 12.2853356869
4900000.000000 12.1142567663
4950000.000000 12.1727603150
5000000.000000 12.0595015959
5050000.000000 11.9212491025
5100000.000000 12.1371017861
5150000.000000 11.7649192417
5200000.000000 11.7793152075
5250000.000000 11.7457819635
5300000.000000 11.7716463908
5350000.000000 12.1184340104
5400000.000000 11.8154317886
5450000.000000 12.1986994128
5500000.000000 12.1090595790
5550000.000000 11.9318377283
5600000.000000 12.0581282030
5650000.000000 12.2371427802
5700000.000000 11.8312707194
5750000.000000 11.9153253912
5800000.000000 11.7629029665
5850000.000000 11.9229901119
5900000.000000 12.2897618776
5950000.000000 12.3114614772
6000000.000000 12.4801574151
6050000.000000 12.0883136209
6100000.000000 12.1547712003
6150000.000000 18.8931827753
6200000.000000 11.9948891187
6250000.000000 12.2877848892
6300000.000000 19.3957876133
6350000.000000 14.1154861340
6400000.000000 13.3155159368
6450000.000000 19.6040358570
6500000.000000 12.0188535316
6550000.000000 12.0584126538
6600000.000000 12.0458160000
6650000.000000 11.9374300457
6700000.000000 11.9258899567
6750000.000000 12.2344742147
6800000.000000 11.9740356657
6850000.000000 11.8851486744
6900000.000000 12.3487581441
6950000.000000 12.3703698738
7000000.000000 12.4009796653
7050000.000000 12.1954221474
7100000.000000 12.2479239925
7150000.000000 12.2339127604
7200000.000000 12.2246315986
7250000.000000 12.5494329316
7300000.000000 12.6047516313
7350000.000000 12.4940781675
7400000.000000 18.2971323252
7450000.000000 12.2237158659
7500000.000000 12.4502225741
7550000.000000 12.5030954844
7600000.000000 12.6126549237
7650000.000000 12.9404243459
7700000.000000 12.4830632823
7750000.000000 12.4885133926
7800000.000000 12.4705592168
7850000.000000 18.0387448553
7900000.000000 12.3952233030
7950000.000000 18.3151621525
8000000.000000 12.4854463557
8050000.000000 12.1613768102
8100000.000000 12.3351919897
8150000.000000 12.5157102661
8200000.000000 12.2965164220
8250000.000000 12.3992801724
8300000.000000 12.3170329484
8350000.000000 12.5125435362
8400000.000000 12.3959952083
8450000.000000 12.0657219414
8500000.000000 12.1321910792
8550000.000000 12.1209223507
8600000.000000 12.2453366552
8650000.000000 12.1608475297
8700000.000000 12.2713281776
8750000.000000 12.6687160603
8800000.000000 12.7785633164
8850000.000000 12.6609153518
8900000.000000 12.2406271284
8950000.000000 12.1378418037
9000000.000000 12.0944944539
9050000.000000 12.4267516559
9100000.000000 12.3318786378
9150000.000000 12.1424760331
9200000.000000 18.9184769377
9250000.000000 12.2523591545
9300000.000000 12.5274311980
9350000.000000 12.5004999547
9400000.000000 19.1121579460
9450000.000000 12.4153355958
9500000.000000 12.9093876231
9550000.000000 12.5033703869
9600000.000000 12.5977516213
9650000.000000 12.3924042887
9700000.000000 13.1768748121
9750000.000000 12.7776794293
9800000.000000 13.0302164199
9850000.000000 12.7440985648
9900000.000000 12.6814574328
9950000.000000 12.9859609503
10000000.000000 12.8848672878
10050000.000000 12.8754787802
10100000.000000 12.5946767646
10150000.000000 12.4070910252
10200000.000000 12.4020484761
10250000.000000 12.4492099818
10300000.000000 12.2396192230
10350000.000000 12.2494120114
10400000.000000 12.3957687233
10450000.000000 12.3492793435
10500000.000000 12.2621726266
10550000.000000 12.4628069299
10600000.000000 12.5173090920
10650000.000000 12.5683792031
10700000.000000 12.2787953051
10750000.000000 12.3705924716
10800000.000000 12.2898899400
10850000.000000 12.4374377952
10900000.000000 12.3651827924
10950000.000000 12.2566093019
11000000.000000 12.6050812630
11050000.000000 12.1612856062
11100000.000000 12.3115172900
11150000.000000 12.1675477562
11200000.000000 12.2274744391
11250000.000000 12.6441182704
11300000.000000 12.6017334265
11350000.000000 12.6057531510
11400000.000000 12.8032850404
11450000.000000 12.7808810663
11500000.000000 12.8966150679
11550000.000000 13.4608534866
11600000.000000 12.6792741970
11650000.000000 12.5170892494
11700000.000000 12.3798029329
11750000.000000 12.3944470741
11800000.000000 12.4044968735
11850000.000000 12.5431354148
11900000.000000 12.6094015402
11950000.000000 12.7613110051
12000000.000000 12.7651419912
12050000.000000 12.4896794166
12100000.000000 12.4200456382
12150000.000000 12.3017128265
12200000.000000 12.5242458491
12250000.000000 12.8182018756
12300000.000000 13.0271839764
12350000.000000 13.0931481074
12400000.000000 12.7669059516
12450000.000000 12.8497502668
12500000.000000 12.9462372795
12550000.000000 12.9646109308
12600000.000000 12.5737752667
12650000.000000 12.9728711928
12700000.000000 12.6296120451
12750000.000000 12.9009002592
12800000.000000 12.6016442422
12850000.000000 12.6149147596
12900000.000000 12.6918973077
12950000.000000 12.8315608999
13000000.000000 12.8984123729
13050000.000000 12.8030225768
13100000.000000 12.8958029752
13150000.000000 12.7775076308
13200000.000000 12.7094706913
13250000.000000 12.6746054885
13300000.000000 12.9328578501
13350000.000000 12.7393989281
13400000.000000 12.9398553071
13450000.000000 12.8690723477
13500000.000000 12.7732055469
13550000.000000 12.9377236747
13600000.000000 12.4782174939
13650000.000000 12.8569931002
13700000.000000 12.5739933508
13750000.000000 12.5706725416
13800000.000000 12.8071080865
13850000.000000 12.9207703143
13900000.000000 12.6158390556
13950000.000000 12.7338290456
14000000.000000 12.9761089374
14050000.000000 13.0371557666
14100000.000000 13.0025758637
14150000.000000 12.8558213916
14200000.000000 12.7309988929
14250000.000000 12.8032506706
14300000.000000 12.7324247155
14350000.000000 12.5308005533
14400000.000000 12.5387137978
14450000.000000 12.6568463007
14500000.000000 12.9210515988
14550000.000000 12.8151310322
14600000.000000 12.7652428200
14650000.000000 12.8416387523
14700000.000000 12.8721653059
14750000.000000 12.9111645125
14800000.000000 13.2205802649
14850000.000000 12.9953793092
14900000.000000 13.0188485693
14950000.000000 12.9353171198
15000000.000000 13.0731897052
15050000.000000 12.9286999417
15100000.000000 12.8533217049
15150000.000000 12.9615234192
15200000.000000 12.7574927505
15250000.000000 12.8816632688
15300000.000000 12.8285193355
15350000.000000 12.8597504113
15400000.000000 13.0230256960
15450000.000000 12.9723760237
15500000.000000 12.7314996261
15550000.000000 13.1896993866
15600000.000000 13.1625476487
15650000.000000 12.7600564114
15700000.000000 12.7691937128
15750000.000000 12.7391517437
15800000.000000 12.9204837916
15850000.000000 12.9723193902
15900000.000000 12.6560902274
15950000.000000 13.0329992590
16000000.000000 12.8408243615
16050000.000000 12.9587100276
16100000.000000 12.7479796924
16150000.000000 12.5106719817
16200000.000000 12.6470320463
16250000.000000 12.8389527146
16300000.000000 13.3249245213
16350000.000000 12.8454059709
16400000.000000 13.1484643572
16450000.000000 12.9451694231
16500000.000000 12.9378152168
16550000.000000 12.9696997764
16600000.000000 12.8413487155
16650000.000000 12.8778972536
16700000.000000 12.8850771846
16750000.000000 12.6339228873
16800000.000000 12.7996052559
16850000.000000 12.7368326037
16900000.000000 12.7030290966
16950000.000000 12.7398436604
17000000.000000 12.9644873289
17050000.000000 13.0385057864
17100000.000000 13.0818493799
17150000.000000 13.1047240290
17200000.000000 13.2319715266
17250000.000000 13.1016363237
17300000.000000 13.0154958286
17350000.000000 13.1113127064
17400000.000000 13.1356737194
17450000.000000 13.0023725394
17500000.000000 13.3506761736
17550000.000000 13.2357456901
17600000.000000 13.5626330990
17650000.000000 13.2394441945
17700000.000000 13.5194525891
17750000.000000 13.3444674556
17800000.000000 13.1060409345
17850000.000000 12.9017930863
17900000.000000 13.2745218528
17950000.000000 13.1828277403
18000000.000000 13.1726782442
18050000.000000 13.3381215732
18100000.000000 13.5112969117
18150000.000000 13.4959103636
18200000.000000 13.3288525813
18250000.000000 12.9166578810
18300000.000000 13.2303033727
18350000.000000 13.9254508418
18400000.000000 13.5094245961
18450000.000000 13.2924757555
18500000.000000 13.2080495099
18550000.000000 12.9690159651
18600000.000000 13.1700510970
18650000.000000 13.5113274078
18700000.000000 13.4351379865
18750000.000000 13.2948918866
18800000.000000 13.0687900655
18850000.000000 13.2192544058
18900000.000000 13.0578009885
18950000.000000 13.4846568551
19000000.000000 12.9371840078
19050000.000000 13.2291476611
19100000.000000 13.2363114207
19150000.000000 12.7707701298
19200000.000000 13.0243892824
19250000.000000 13.2301468298
19300000.000000 13.0736329624
19350000.000000 13.0091703401
19400000.000000 13.1832089925
19450000.000000 13.3563926557
19500000.000000 13.1195595308
19550000.000000 13.1316241522
19600000.000000 13.1566514612
19650000.000000 13.2411030202
19700000.000000 13.0020749144
19750000.000000 13.1199525076
19800000.000000 13.1261465559
19850000.000000 13.5242084135
19900000.000000 13.0966844320
19950000.000000 13.1787956408
20000000.000000 13.1409408924
