# time largest_cluster_rg
50000.000000 29.4595336272
100000.000000 32.1892076000
150000.000000 29.1368249694
200000.000000 34.2094560424
250000.000000 20.8163603461
300000.000000 20.5155664784
350000.000000 26.1686059877
400000.000000 20.4895446480
450000.000000 28.4911994876
500000.000000 20.8748312084
550000.000000 26.7242726371
600000.000000 26.5287277305
650000.000000 35.4347561649
700000.000000 23.7216382822
750000.000000 26.9196056802
800000.000000 25.9019648667
850000.000000 25.2465256242
900000.000000 26.4001255637
950000.000000 35.1556948673
1000000.000000 27.0276044824
1050000.000000 20.4392785275
1100000.000000 16.9867504120
1150000.000000 16.8838511424
1200000.000000 17.8292931841
1250000.000000 17.1958096350
1300000.000000 17.2973685368
1350000.000000 30.7822999748
1400000.000000 16.5981417483
1450000.000000 16.6499643348
1500000.000000 21.7368482254
1550000.000000 17.3503196615
1600000.000000 13.7890004881
1650000.000000 15.4598711360
1700000.000000 13.5289829404
1750000.000000 17.2077331502
1800000.000000 13.7710858597
1850000.000000 14.4830554036
1900000.000000 16.3216050322
1950000.000000 22.2996219522
2000000.000000 22.6385700770
2050000.000000 26.5265464033
2100000.000000 20.2894401687
2150000.000000 26.8538801740
2200000.000000 13.6448817476
2250000.000000 14.4277757540
2300000.000000 22.2627963421
2350000.000000 41.9412906856
2400000.000000 12.8583226974
2450000.000000 20.4723725888
2500000.000000 20.2554091218
2550000.000000 20.3933487514
2600000.000000 34.5967347780
2650000.000000 25.3024826173
2700000.000000 21.3477306717
2750000.000000 28.3227416307
2800000.000000 31.0421549351
2850000.000000 26.1670588915
2900000.000000 26.9698830485
2950000.000000 25.0784577011
3000000.000000 29.0668440202
3050000.000000 28.0138639490
3100000.000000 29.7963781857
3150000.000000 31.3421160875
3200000.000000 27.0441413000
3250000.000000 24.0609761876
3300000.000000 29.7842194969
3350000.000000 28.5042031848
3400000.000000 23.0380944566
3450000.000000 23.0572427171
3500000.000000 23.6262066147
3550000.000000 23.7232721675
3600000.000000 34.0855346099
3650000.000000 22.6348246396
3700000.000000 25.6365051141
3750000.000000 30.2406299267
3800000.000000 22.2461350366
3850000.000000 14.3216398237
3900000.000000 28.9064236765
3950000.000000 22.1325016011
4000000.000000 21.6548813250
4050000.000000 21.7585503648
4100000.000000 21.9715798804
4150000.000000 34.5317139430
4200000.000000 30.2371246722
4250000.000000 21.5692507056
4300000.000000 23.1493191481
4350000.000000 25.1218717192
4400000.000000 21.5559200752
4450000.000000 21.0539681096
4500000.000000 56.2719789180
4550000.000000 29.6653061424
4600000.000000 31.6339891628
4650000.000000 22.5101952789
4700000.000000 31.2932390821
4750000.000000 24.2707061628
4800000.000000 25.7358082700
4850000.000000 24.4434858239
4900000.000000 20.7143720366
4950000.000000 26.7703183634
5000000.000000 20.6409835364
5050000.000000 29.5185257454
5100000.000000 22.8397114386
5150000.000000 21.9699152623
5200000.000000 26.8766508217
5250000.000000 24.9861666993
5300000.000000 21.4212307364
5350000.000000 20.3259236570
5400000.000000 25.1108710763
5450000.000000 23.9561495175
5500000.000000 23.9348847735
5550000.000000 27.7092445608
5600000.000000 20.9552921571
5650000.000000 22.8424097143
5700000.000000 20.5133236471
5750000.000000 28.0262060932
5800000.000000 21.2357069769
5850000.000000 24.3003480011
5900000.000000 24.1850449631
5950000.000000 19.4380738067
6000000.000000 20.6926307427
6050000.000000 21.7443131812
6100000.000000 20.4009861863
6150000.000000 25.5613487869
6200000.000000 37.2885907156
6250000.000000 24.3652884078
6300000.000000 22.9898049899
6350000.000000 20.9404717784
6400000.000000 24.3704365441
6450000.000000 25.2539093103
6500000.000000 23.7285443877
6550000.000000 22.4428202123
6600000.000000 31.0825904339
6650000.000000 22.6805079341
6700000.000000 23.7741402350
6750000.000000 23.6159341202
6800000.000000 23.0062000964
6850000.000000 24.6125522895
6900000.000000 27.1638793439
6950000.000000 27.4549537725
7000000.000000 22.4063885340
7050000.000000 22.4253330439
7100000.000000 24.7130085996
7150000.000000 24.7047983579
7200000.000000 25.7264447106
7250000.000000 23.6197771732
7300000.000000 34.7625738187
7350000.000000 21.7145497073
7400000.000000 20.2946561111
7450000.000000 18.5928432988
7500000.000000 21.3411530630
7550000.000000 19.8405968797
7600000.000000 20.5211515744
7650000.000000 20.4146346915
7700000.000000 25.9837252730
7750000.000000 26.1382676429
7800000.000000 25.6896875026
7850000.000000 22.9240193041
7900000.000000 21.0558766368
7950000.000000 22.0462857336
8000000.000000 25.4694403734
8050000.000000 19.7977842299
8100000.000000 26.8216837112
8150000.000000 27.0449121796
8200000.000000 22.8551503955
8250000.000000 24.9994167576
8300000.000000 20.1489156836
8350000.000000 22.8166890454
8400000.000000 21.4318776446
8450000.000000 20.5489165472
8500000.000000 24.2399795288
8550000.000000 22.2014491917
8600000.000000 21.6167921180
8650000.000000 21.4974062568
8700000.000000 22.3285072906
8750000.000000 22.8658274266
8800000.000000 21.6990964204
8850000.000000 21.7605617364
8900000.000000 26.0181834862
8950000.000000 20.5606350323
9000000.000000 22.4974777859
9050000.000000 26.3132706524
9100000.000000 25.4081052940
9150000.000000 20.3664035107
9200000.000000 22.0279973686
9250000.000000 18.4267534421
9300000.000000 23.6817511675
9350000.000000 21.9577885519
9400000.000000 22.4235579758
9450000.000000 25.6282683438
9500000.000000 21.8136844683
9550000.000000 22.4326158110
9600000.000000 25.6531875455
9650000.000000 22.6091891326
9700000.000000 27.4042513871
9750000.000000 20.7204886009
9800000.000000 22.1314983966
9850000.000000 23.3544607639
9900000.000000 24.1543008552
9950000.000000 22.2080476695
10000000.000000 20.3693280539
10050000.000000 21.5047086242
10100000.000000 22.4130825975
10150000.000000 20.8421085428
10200000.000000 23.8310585364
10250000.000000 21.2070256384
10300000.000000 22.3552782020
10350000.000000 21.8778818350
10400000.000000 25.4564078061
10450000.000000 21.8859708912
10500000.000000 25.9409842392
10550000.000000 19.3243768660
10600000.000000 21.4941482478
10650000.000000 21.2982155472
10700000.000000 20.9989343578
10750000.000000 31.1087701232
10800000.000000 37.5029768868
10850000.000000 30.9173001134
10900000.000000 20.7820300602
10950000.000000 22.5759490903
11000000.000000 21.9127030994
11050000.000000 23.8560584018
11100000.000000 21.8899161563
11150000.000000 22.6439021493
11200000.000000 27.2856854260
11250000.000000 24.2391319461
11300000.000000 25.8069289072
11350000.000000 22.1552380788
11400000.000000 25.9748865327
11450000.000000 19.6455558927
11500000.000000 25.2416468966
11550000.000000 23.5228930303
11600000.000000 22.4556212758
11650000.000000 20.7961113342
11700000.000000 27.5807338626
11750000.000000 26.8356095496
11800000.000000 28.5701612580
11850000.000000 24.0232101620
11900000.000000 21.4320856215
11950000.000000 24.1243153517
12000000.000000 23.9244615811
12050000.000000 24.4327459370
12100000.000000 21.5926260874
12150000.000000 21.6939047301
12200000.000000 22.0111296287
12250000.000000 24.9845444978
12300000.000000 24.7008952970
12350000.000000 19.9085026493
12400000.000000 21.2964382550
12450000.000000 26.8641605504
12500000.000000 21.0632930119
12550000.000000 24.3021447883
12600000.000000 24.0414059755
12650000.000000 25.2228086809
12700000.000000 22.4380669434
12750000.000000 21.2197903274
12800000.000000 23.8922322459
12850000.000000 28.0283477753
12900000.000000 26.2906016446
12950000.000000 25.0535153050
13000000.000000 24.1729493791
13050000.000000 36.5288475653
13100000.000000 25.0289730907
13150000.000000 43.3850844937
13200000.000000 23.2766606520
13250000.000000 25.3390395015
13300000.000000 20.7939365339
13350000.000000 26.5335363649
13400000.000000 22.2177454882
13450000.000000 35.2266973208
13500000.000000 35.1016376157
13550000.000000 36.1362758107
13600000.000000 30.4546221120
13650000.000000 26.6530073393
13700000.000000 31.6858068247
13750000.000000 31.2539609867
13800000.000000 28.3919843208
13850000.000000 23.2074849890
13900000.000000 29.6680481441
13950000.000000 35.5233662267
14000000.000000 29.1278323800
14050000.000000 20.8840450582
14100000.000000 27.4290684254
14150000.000000 34.7155126110
14200000.000000 31.0016782435
14250000.000000 34.0655323909
14300000.000000 31.7913655711
14350000.000000 22.5468108177
14400000.000000 26.4016385921
14450000.000000 34.6629697287
14500000.000000 26.4670040349
14550000.000000 29.2482700127
14600000.000000 23.7862066946
14650000.000000 18.5103810101
14700000.000000 24.7584141658
14750000.000000 24.9943340022
14800000.000000 25.1416785759
14850000.000000 23.1028294501
14900000.000000 24.8928608396
14950000.000000 21.7757939995
15000000.000000 25.5986557700
15050000.000000 23.3412889998
15100000.000000 21.4354929540
15150000.000000 22.3204084912
15200000.000000 27.4547696997
15250000.000000 25.3552435258
15300000.000000 33.2791850942
15350000.000000 25.3955563551
15400000.000000 20.6011675597
15450000.000000 24.5789759437
15500000.000000 30.1384409122
15550000.000000 22.4539373723
15600000.000000 24.4183135889
15650000.000000 25.4560862008
15700000.000000 23.6381282929
15750000.000000 20.6376878477
15800000.000000 27.9293055330
15850000.000000 31.2878687143
15900000.000000 25.2777598062
15950000.000000 25.0632264116
16000000.000000 23.3811548902
16050000.000000 31.9109710497
16100000.000000 23.4353759111
16150000.000000 32.9699452935
16200000.000000 27.1041737261
16250000.000000 35.0856928647
16300000.000000 24.3328129559
16350000.000000 27.2866023394
16400000.000000 27.9341401958
16450000.000000 25.6335323595
16500000.000000 28.3509733514
16550000.000000 30.1392274277
16600000.000000 33.5846016822
16650000.000000 28.2141060624
16700000.000000 28.5171080093
16750000.000000 24.2855982085
16800000.000000 27.9584897283
16850000.000000 29.6075618815
16900000.000000 24.6116934022
16950000.000000 22.9540315803
17000000.000000 36.3966169862
17050000.000000 23.2982268276
17100000.000000 33.0257612243
17150000.000000 27.0473523678
17200000.000000 27.3908646555
17250000.000000 21.2211875539
17300000.000000 32.5358805294
17350000.000000 24.4090130856
17400000.000000 22.6472779937
17450000.000000 24.1333940302
17500000.000000 22.4674429521
17550000.000000 26.8981597879
17600000.000000 29.9116593568
17650000.000000 23.4667496855
17700000.000000 23.8017696515
17750000.000000 23.4369520065
17800000.000000 25.6291971816
17850000.000000 27.4217634096
17900000.000000 24.6390072084
17950000.000000 29.4949178497
18000000.000000 41.8605354007
18050000.000000 31.2691016003
18100000.000000 32.5523507624
18150000.000000 30.1044577530
18200000.000000 43.3330861078
18250000.000000 26.0664883988
18300000.000000 23.8261655518
18350000.000000 36.0655637602
18400000.000000 27.6216378123
18450000.000000 31.9171469166
18500000.000000 32.8065982745
18550000.000000 27.5073426222
18600000.000000 28.9589504704
18650000.000000 23.1235746423
18700000.000000 42.9909815328
18750000.000000 26.4097789496
18800000.000000 26.7313063593
18850000.000000 24.2147374978
18900000.000000 21.0359912258
18950000.000000 29.1521091076
19000000.000000 21.1171875367
19050000.000000 25.1830364074
19100000.000000 30.9054112937
19150000.000000 27.4814866198
19200000.000000 30.4826660688
19250000.000000 24.3275696206
19300000.000000 24.0814604228
19350000.000000 24.5276103509
19400000.000000 35.7277098079
19450000.000000 40.0689904674
19500000.000000 23.5085125201
19550000.000000 35.0473457907
19600000.000000 32.0230898095
19650000.000000 28.6698511984
19700000.000000 26.3916378246
19750000.000000 21.2429036535
19800000.000000 27.3301264961
19850000.000000 29.0317897260
19900000.000000 28.1912996904
19950000.000000 27.6043095898
20000000.000000 19.2801849002
