# cluster_size probability
1.000000000000000000e+00 7.346388875523264250e-01
2.000000000000000000e+00 1.336669393254101834e-01
3.000000000000000000e+00 3.868546408122022773e-02
4.000000000000000000e+00 1.390559591974209648e-02
5.000000000000000000e+00 6.351344849155560190e-03
6.000000000000000000e+00 2.405812442861954368e-03
7.000000000000000000e+00 1.251022470288216427e-03
8.000000000000000000e+00 5.773949862868690787e-04
9.000000000000000000e+00 7.698599817158254021e-04
1.000000000000000000e+01 5.292787374296299436e-04
1.100000000000000000e+01 5.292787374296299436e-04
1.200000000000000000e+01 1.924649954289563505e-04
1.300000000000000000e+01 4.811624885723908763e-05
1.400000000000000000e+01 9.623249771447817526e-05
1.500000000000000000e+01 1.924649954289563505e-04
1.600000000000000000e+01 1.443487465717172697e-04
1.700000000000000000e+01 1.443487465717172697e-04
1.800000000000000000e+01 1.924649954289563505e-04
1.900000000000000000e+01 3.368137420006736202e-04
2.000000000000000000e+01 9.623249771447817526e-05
2.100000000000000000e+01 4.811624885723908763e-05
2.200000000000000000e+01 9.623249771447817526e-05
2.300000000000000000e+01 1.443487465717172697e-04
2.400000000000000000e+01 1.924649954289563505e-04
2.500000000000000000e+01 4.330462397151517819e-04
2.600000000000000000e+01 4.330462397151517819e-04
2.700000000000000000e+01 7.217437328585863754e-04
2.800000000000000000e+01 4.811624885723909169e-04
2.900000000000000000e+01 9.623249771447817526e-05
3.000000000000000000e+01 2.886974931434345393e-04
3.100000000000000000e+01 2.405812442861954585e-04
3.200000000000000000e+01 1.924649954289563505e-04
3.300000000000000000e+01 4.811624885723908763e-05
3.400000000000000000e+01 9.623249771447817526e-05
3.500000000000000000e+01 1.443487465717172697e-04
3.600000000000000000e+01 3.368137420006736202e-04
3.700000000000000000e+01 4.330462397151517819e-04
3.800000000000000000e+01 5.773949862868690787e-04
3.900000000000000000e+01 6.736274840013472404e-04
4.000000000000000000e+01 6.255112351441082137e-04
4.100000000000000000e+01 5.773949862868690787e-04
4.200000000000000000e+01 1.010441226002020861e-03
4.300000000000000000e+01 5.773949862868690787e-04
4.400000000000000000e+01 6.736274840013472404e-04
4.500000000000000000e+01 4.330462397151517819e-04
4.600000000000000000e+01 5.773949862868690787e-04
4.700000000000000000e+01 5.292787374296299436e-04
4.800000000000000000e+01 8.179762305730645371e-04
4.900000000000000000e+01 1.010441226002020861e-03
5.000000000000000000e+01 3.849299908579127010e-04
5.100000000000000000e+01 5.773949862868690787e-04
5.200000000000000000e+01 6.736274840013472404e-04
5.300000000000000000e+01 6.255112351441082137e-04
5.400000000000000000e+01 1.443487465717172751e-03
5.500000000000000000e+01 1.347254968002694481e-03
5.600000000000000000e+01 1.347254968002694481e-03
5.700000000000000000e+01 1.106673723716499131e-03
5.800000000000000000e+01 1.347254968002694481e-03
5.900000000000000000e+01 1.202906221430977184e-03
6.000000000000000000e+01 8.179762305730645371e-04
6.100000000000000000e+01 9.623249771447818339e-04
6.200000000000000000e+01 7.698599817158254021e-04
6.300000000000000000e+01 4.811624885723909169e-04
6.400000000000000000e+01 2.405812442861954585e-04
6.500000000000000000e+01 2.886974931434345393e-04
6.600000000000000000e+01 2.405812442861954585e-04
6.700000000000000000e+01 4.811624885723908763e-05
6.800000000000000000e+01 4.811624885723908763e-05
6.900000000000000000e+01 1.924649954289563505e-04
7.000000000000000000e+01 9.623249771447817526e-05
7.100000000000000000e+01 9.623249771447817526e-05
7.200000000000000000e+01 4.811624885723908763e-05
1.060000000000000000e+02 4.811624885723908763e-05
1.160000000000000000e+02 4.811624885723908763e-05
1.270000000000000000e+02 4.811624885723908763e-05
1.400000000000000000e+02 4.811624885723908763e-05
1.410000000000000000e+02 4.811624885723908763e-05
1.420000000000000000e+02 9.623249771447817526e-05
1.430000000000000000e+02 1.443487465717172697e-04
1.440000000000000000e+02 1.443487465717172697e-04
1.450000000000000000e+02 2.405812442861954585e-04
1.460000000000000000e+02 3.368137420006736202e-04
1.470000000000000000e+02 2.405812442861954585e-04
1.480000000000000000e+02 1.924649954289563505e-04
1.490000000000000000e+02 2.886974931434345393e-04
1.500000000000000000e+02 1.924649954289563505e-04
1.510000000000000000e+02 3.849299908579127010e-04
1.520000000000000000e+02 8.660924794303035638e-04
1.530000000000000000e+02 7.698599817158254021e-04
1.540000000000000000e+02 7.217437328585863754e-04
1.550000000000000000e+02 3.849299908579127010e-04
1.560000000000000000e+02 4.811624885723909169e-04
1.570000000000000000e+02 5.292787374296299436e-04
1.580000000000000000e+02 4.330462397151517819e-04
1.590000000000000000e+02 3.849299908579127010e-04
1.600000000000000000e+02 1.924649954289563505e-04
1.610000000000000000e+02 4.811624885723908763e-05
1.620000000000000000e+02 1.924649954289563505e-04
1.630000000000000000e+02 2.405812442861954585e-04
1.640000000000000000e+02 4.811624885723908763e-05
1.650000000000000000e+02 4.811624885723908763e-05
1.670000000000000000e+02 9.623249771447817526e-05
1.680000000000000000e+02 1.443487465717172697e-04
1.700000000000000000e+02 2.405812442861954585e-04
1.710000000000000000e+02 2.405812442861954585e-04
1.720000000000000000e+02 1.443487465717172697e-04
1.730000000000000000e+02 1.924649954289563505e-04
1.740000000000000000e+02 4.811624885723908763e-05
1.750000000000000000e+02 3.849299908579127010e-04
1.760000000000000000e+02 3.849299908579127010e-04
1.770000000000000000e+02 5.292787374296299436e-04
1.780000000000000000e+02 5.292787374296299436e-04
1.790000000000000000e+02 7.698599817158254021e-04
1.800000000000000000e+02 8.179762305730645371e-04
1.810000000000000000e+02 6.736274840013472404e-04
1.820000000000000000e+02 8.179762305730645371e-04
1.830000000000000000e+02 8.179762305730645371e-04
1.840000000000000000e+02 8.179762305730645371e-04
1.850000000000000000e+02 9.142087282875426988e-04
1.860000000000000000e+02 5.773949862868690787e-04
1.870000000000000000e+02 4.811624885723909169e-04
1.880000000000000000e+02 2.405812442861954585e-04
1.890000000000000000e+02 9.623249771447817526e-05
1.900000000000000000e+02 1.443487465717172697e-04
1.910000000000000000e+02 4.811624885723908763e-05
1.920000000000000000e+02 1.443487465717172697e-04
1.930000000000000000e+02 2.886974931434345393e-04
1.950000000000000000e+02 1.443487465717172697e-04
1.960000000000000000e+02 1.443487465717172697e-04
1.970000000000000000e+02 4.811624885723908763e-05
2.050000000000000000e+02 4.811624885723908763e-05
2.060000000000000000e+02 4.811624885723908763e-05
2.120000000000000000e+02 4.811624885723908763e-05
2.130000000000000000e+02 4.811624885723908763e-05
2.150000000000000000e+02 4.811624885723908763e-05
2.180000000000000000e+02 9.623249771447817526e-05
2.200000000000000000e+02 4.811624885723908763e-05
2.420000000000000000e+02 4.811624885723908763e-05
2.430000000000000000e+02 4.811624885723908763e-05
2.440000000000000000e+02 4.811624885723908763e-05
2.450000000000000000e+02 9.623249771447817526e-05
2.510000000000000000e+02 4.811624885723908763e-05
2.560000000000000000e+02 4.811624885723908763e-05
2.570000000000000000e+02 9.623249771447817526e-05
2.580000000000000000e+02 2.405812442861954585e-04
2.590000000000000000e+02 1.924649954289563505e-04
2.600000000000000000e+02 3.368137420006736202e-04
2.610000000000000000e+02 4.330462397151517819e-04
2.620000000000000000e+02 5.773949862868690787e-04
2.630000000000000000e+02 4.811624885723909169e-04
2.640000000000000000e+02 1.924649954289563505e-04
2.650000000000000000e+02 5.773949862868690787e-04
2.660000000000000000e+02 3.368137420006736202e-04
2.670000000000000000e+02 2.886974931434345393e-04
2.680000000000000000e+02 3.849299908579127010e-04
2.690000000000000000e+02 4.811624885723909169e-04
2.700000000000000000e+02 1.924649954289563505e-04
2.710000000000000000e+02 1.443487465717172697e-04
2.720000000000000000e+02 1.443487465717172697e-04
2.740000000000000000e+02 4.811624885723908763e-05
2.750000000000000000e+02 9.623249771447817526e-05
2.760000000000000000e+02 4.811624885723908763e-05
2.770000000000000000e+02 9.623249771447817526e-05
2.780000000000000000e+02 1.924649954289563505e-04
2.790000000000000000e+02 7.217437328585863754e-04
2.800000000000000000e+02 2.405812442861954585e-04
2.810000000000000000e+02 5.292787374296299436e-04
2.820000000000000000e+02 3.368137420006736202e-04
2.830000000000000000e+02 2.886974931434345393e-04
2.840000000000000000e+02 6.255112351441082137e-04
2.850000000000000000e+02 2.886974931434345393e-04
2.860000000000000000e+02 4.330462397151517819e-04
2.870000000000000000e+02 3.849299908579127010e-04
2.880000000000000000e+02 1.443487465717172697e-04
2.900000000000000000e+02 9.623249771447817526e-05
2.910000000000000000e+02 4.811624885723908763e-05
2.920000000000000000e+02 4.811624885723908763e-05
2.930000000000000000e+02 9.623249771447817526e-05
2.950000000000000000e+02 4.811624885723908763e-05
2.960000000000000000e+02 1.924649954289563505e-04
2.980000000000000000e+02 1.924649954289563505e-04
2.990000000000000000e+02 2.405812442861954585e-04
3.000000000000000000e+02 1.924649954289563505e-04
3.010000000000000000e+02 2.405812442861954585e-04
3.020000000000000000e+02 9.623249771447817526e-05
3.030000000000000000e+02 4.811624885723908763e-05
3.040000000000000000e+02 1.443487465717172697e-04
3.050000000000000000e+02 2.886974931434345393e-04
3.070000000000000000e+02 1.924649954289563505e-04
3.080000000000000000e+02 3.368137420006736202e-04
3.090000000000000000e+02 4.811624885723908763e-05
3.100000000000000000e+02 9.623249771447817526e-05
3.110000000000000000e+02 1.443487465717172697e-04
3.120000000000000000e+02 1.924649954289563505e-04
3.130000000000000000e+02 4.811624885723908763e-05
3.140000000000000000e+02 4.811624885723908763e-05
3.150000000000000000e+02 9.623249771447817526e-05
3.160000000000000000e+02 9.623249771447817526e-05
3.170000000000000000e+02 2.886974931434345393e-04
3.180000000000000000e+02 2.405812442861954585e-04
3.190000000000000000e+02 1.924649954289563505e-04
3.200000000000000000e+02 4.811624885723908763e-05
3.210000000000000000e+02 3.368137420006736202e-04
3.220000000000000000e+02 3.368137420006736202e-04
3.230000000000000000e+02 4.811624885723909169e-04
3.240000000000000000e+02 3.849299908579127010e-04
3.250000000000000000e+02 3.849299908579127010e-04
3.260000000000000000e+02 2.405812442861954585e-04
3.270000000000000000e+02 4.330462397151517819e-04
3.280000000000000000e+02 5.292787374296299436e-04
3.290000000000000000e+02 3.368137420006736202e-04
3.300000000000000000e+02 2.886974931434345393e-04
3.310000000000000000e+02 1.924649954289563505e-04
3.320000000000000000e+02 2.405812442861954585e-04
3.330000000000000000e+02 1.443487465717172697e-04
3.340000000000000000e+02 9.623249771447817526e-05
3.350000000000000000e+02 9.623249771447817526e-05
3.360000000000000000e+02 4.811624885723908763e-05
3.370000000000000000e+02 4.811624885723908763e-05
3.380000000000000000e+02 9.623249771447817526e-05
3.400000000000000000e+02 9.623249771447817526e-05
3.410000000000000000e+02 4.811624885723908763e-05
3.510000000000000000e+02 4.811624885723908763e-05
3.740000000000000000e+02 4.811624885723908763e-05
4.010000000000000000e+02 4.811624885723908763e-05
4.100000000000000000e+02 4.811624885723908763e-05
4.520000000000000000e+02 4.811624885723908763e-05
5.190000000000000000e+02 4.811624885723908763e-05
5.310000000000000000e+02 4.811624885723908763e-05
5.820000000000000000e+02 4.811624885723908763e-05
