# time largest_cluster_rg
50000.000000 9.8571308714
100000.000000 9.8663608428
150000.000000 10.1502268595
200000.000000 10.2350696895
250000.000000 10.3202233371
300000.000000 10.7189045697
350000.000000 10.9205712657
400000.000000 10.8341464665
450000.000000 10.6932696771
500000.000000 10.5083936077
550000.000000 10.4229313307
600000.000000 10.4628036464
650000.000000 10.2491335541
700000.000000 10.7505826707
750000.000000 10.9371771398
800000.000000 10.8343340295
850000.000000 10.8441709891
900000.000000 10.5083640788
950000.000000 10.6779017787
1000000.000000 10.8931132763
1050000.000000 10.9425970448
1100000.000000 10.8228878601
1150000.000000 10.7744664947
1200000.000000 10.5100800927
1250000.000000 10.8121757700
1300000.000000 10.6873023377
1350000.000000 10.3096637155
1400000.000000 10.5148193034
1450000.000000 10.7252353478
1500000.000000 10.8702048539
1550000.000000 10.9883789066
1600000.000000 11.3147812900
1650000.000000 11.6464794621
1700000.000000 11.7818043341
1750000.000000 11.4123715106
1800000.000000 11.3436637307
1850000.000000 11.3408619121
1900000.000000 11.4167095038
1950000.000000 11.6163519546
2000000.000000 11.3991020157
2050000.000000 11.2052028834
2100000.000000 11.1521028181
2150000.000000 11.0600215632
2200000.000000 10.7025158947
2250000.000000 10.5798488688
2300000.000000 10.5273914529
2350000.000000 10.9365712177
2400000.000000 11.0468749317
2450000.000000 10.9412045312
2500000.000000 10.8891310055
2550000.000000 11.2518839950
2600000.000000 10.9661303935
2650000.000000 10.9012444437
2700000.000000 11.0503855663
2750000.000000 10.9894731697
2800000.000000 11.7594239252
2850000.000000 11.4548522311
2900000.000000 11.0494946810
2950000.000000 11.4735234731
3000000.000000 11.3061699375
3050000.000000 10.9071890745
3100000.000000 10.8492683899
3150000.000000 10.7727453984
3200000.000000 10.8711435308
3250000.000000 10.8823355007
3300000.000000 10.4483882701
3350000.000000 10.6519381864
3400000.000000 10.9208073971
3450000.000000 10.8469955624
3500000.000000 10.8864541112
3550000.000000 11.0574703872
3600000.000000 11.1160714631
3650000.000000 10.7370862917
3700000.000000 11.6325765875
3750000.000000 11.0159776863
3800000.000000 10.7474015755
3850000.000000 11.0429981196
3900000.000000 11.0144167841
3950000.000000 10.7316139052
4000000.000000 10.6807144255
4050000.000000 10.3627007207
4100000.000000 10.3647682343
4150000.000000 10.3518979573
4200000.000000 10.3919485109
4250000.000000 10.4197397399
4300000.000000 10.7078298219
4350000.000000 10.6089380131
4400000.000000 10.5725693332
4450000.000000 10.5966553507
4500000.000000 11.0128535673
4550000.000000 12.0367479139
4600000.000000 11.8904030797
4650000.000000 11.0515573484
4700000.000000 10.9807628797
4750000.000000 10.7428685883
4800000.000000 10.6576933269
4850000.000000 10.7263069354
4900000.000000 11.1947631477
4950000.000000 11.2772322784
5000000.000000 11.1156107882
5050000.000000 11.0613659096
5100000.000000 11.2682817806
5150000.000000 11.6962696239
5200000.000000 11.1075437243
5250000.000000 11.3581534617
5300000.000000 11.4698838333
5350000.000000 11.6640242859
5400000.000000 11.4193161046
5450000.000000 11.6460933261
5500000.000000 11.7371759291
5550000.000000 11.9559779361
5600000.000000 12.3871031721
5650000.000000 12.3337723872
5700000.000000 12.3230202984
5750000.000000 12.1627550396
5800000.000000 12.3907139262
5850000.000000 12.4029270799
5900000.000000 12.8701136022
5950000.000000 12.5987291719
6000000.000000 12.9696601224
6050000.000000 15.8748077867
6100000.000000 12.5687942396
6150000.000000 13.8657088584
6200000.000000 12.4832336233
6250000.000000 12.2913955589
6300000.000000 12.3284106848
6350000.000000 12.6483839492
6400000.000000 12.5877130424
6450000.000000 12.4305020690
6500000.000000 12.3395112618
6550000.000000 12.5419202974
6600000.000000 12.7147729887
6650000.000000 12.6053419412
6700000.000000 12.2249526788
6750000.000000 12.6871750060
6800000.000000 13.1435823108
6850000.000000 13.0327534600
6900000.000000 13.1266621552
6950000.000000 14.9263702736
7000000.000000 13.3455646074
7050000.000000 12.8788718620
7100000.000000 13.1617459624
7150000.000000 13.1788860993
7200000.000000 13.3808636157
7250000.000000 14.3027836752
7300000.000000 13.4059439839
7350000.000000 13.3009869209
7400000.000000 13.1183992201
7450000.000000 13.3546833919
7500000.000000 13.2752036998
7550000.000000 13.1615616290
7600000.000000 13.3059851557
7650000.000000 13.2930852551
7700000.000000 13.1933385909
7750000.000000 13.0774771392
7800000.000000 13.1609931793
7850000.000000 13.5769468183
7900000.000000 12.9176866224
7950000.000000 12.9372166207
8000000.000000 12.8214048985
8050000.000000 12.9771368217
8100000.000000 13.4751991183
8150000.000000 12.9342843657
8200000.000000 12.8543744086
8250000.000000 12.8503957648
8300000.000000 12.9484504154
8350000.000000 12.5196379004
8400000.000000 12.5889316986
8450000.000000 12.5109952828
8500000.000000 12.0736665480
8550000.000000 12.1981813904
8600000.000000 12.3639926337
8650000.000000 12.7424230808
8700000.000000 12.0293691772
8750000.000000 12.0209034342
8800000.000000 12.3183433175
8850000.000000 12.4090887109
8900000.000000 12.5365767249
8950000.000000 12.4952458525
9000000.000000 12.3805374794
9050000.000000 12.0817697943
9100000.000000 12.4295474846
9150000.000000 12.0662185399
9200000.000000 12.1921806750
9250000.000000 12.5791035359
9300000.000000 13.4188449912
9350000.000000 13.6080883976
9400000.000000 13.2039549714
9450000.000000 13.3726399445
9500000.000000 12.9246092114
9550000.000000 12.6172646229
9600000.000000 12.8297226627
9650000.000000 12.7068834886
9700000.000000 13.0609070797
9750000.000000 13.1607277899
9800000.000000 13.0451923633
9850000.000000 13.4852963100
9900000.000000 13.5215655013
9950000.000000 13.5855358780
10000000.000000 13.2653543941
10050000.000000 13.3871878972
10100000.000000 13.4724632956
10150000.000000 13.4697371309
10200000.000000 14.5617569284
10250000.000000 14.0039651108
10300000.000000 13.6780755015
10350000.000000 13.3569875603
10400000.000000 13.1549739304
10450000.000000 13.6706391898
10500000.000000 13.1903384234
10550000.000000 13.1605145234
10600000.000000 13.4202702939
10650000.000000 13.2456167073
10700000.000000 13.7395297182
10750000.000000 14.5088817714
10800000.000000 13.7742998657
10850000.000000 13.8221046523
10900000.000000 13.7855599973
10950000.000000 13.8659336740
11000000.000000 13.5049548096
11050000.000000 13.8128750587
11100000.000000 13.8396723541
11150000.000000 13.5182634807
11200000.000000 14.4879989641
11250000.000000 13.9892962905
11300000.000000 13.6249003767
11350000.000000 13.6914699495
11400000.000000 13.4024168238
11450000.000000 13.5638995395
11500000.000000 13.4377782637
11550000.000000 13.4009885793
11600000.000000 12.8054362583
11650000.000000 12.9555563649
11700000.000000 13.0075406150
11750000.000000 13.3004300233
11800000.000000 13.8638898568
11850000.000000 13.1934934669
11900000.000000 13.0529608072
11950000.000000 12.8352518857
12000000.000000 13.6977350480
12050000.000000 13.8666374909
12100000.000000 13.4306952971
12150000.000000 13.1362698238
12200000.000000 13.2615072370
12250000.000000 13.7520836547
12300000.000000 13.3296344028
12350000.000000 13.5987870098
12400000.000000 13.8276656214
12450000.000000 13.6817616951
12500000.000000 13.3882668297
12550000.000000 13.4154349063
12600000.000000 13.3833817128
12650000.000000 13.3184747693
12700000.000000 12.9107184673
12750000.000000 16.7011027838
12800000.000000 13.2487308716
12850000.000000 13.3515662981
12900000.000000 13.1960278893
12950000.000000 13.8598663096
13000000.000000 13.9451672631
13050000.000000 13.9722447787
13100000.000000 13.9573440439
13150000.000000 13.9351815513
13200000.000000 14.0948450018
13250000.000000 14.9204051796
13300000.000000 13.8017108846
13350000.000000 14.4753219249
13400000.000000 14.4668138110
13450000.000000 14.3785730929
13500000.000000 14.7976410558
13550000.000000 14.7730699391
13600000.000000 14.9765716300
13650000.000000 14.9306093825
13700000.000000 14.4644255781
13750000.000000 14.4766060185
13800000.000000 15.0249334239
13850000.000000 14.8016101889
13900000.000000 14.4752846877
13950000.000000 14.1820453207
14000000.000000 14.1351966180
14050000.000000 13.8703040986
14100000.000000 13.6887574988
14150000.000000 14.3108733637
14200000.000000 14.0170662244
14250000.000000 13.7816632819
14300000.000000 13.6279664632
14350000.000000 13.7042901676
14400000.000000 13.8441331898
14450000.000000 13.8566286096
14500000.000000 13.8455368262
14550000.000000 16.3296978371
14600000.000000 14.7212085451
14650000.000000 14.3877553487
14700000.000000 14.0436677380
14750000.000000 14.3889658487
14800000.000000 14.5963628584
14850000.000000 14.3706730538
14900000.000000 14.1313420845
14950000.000000 13.9600791143
15000000.000000 14.3913940427
15050000.000000 14.5415549548
15100000.000000 14.6325047067
15150000.000000 14.6652611303
15200000.000000 14.5704136218
15250000.000000 14.6296303617
15300000.000000 14.0315570571
15350000.000000 14.3480336198
15400000.000000 14.2052051518
15450000.000000 13.6868833026
15500000.000000 13.5210141230
15550000.000000 13.6923395207
15600000.000000 14.0041412055
15650000.000000 13.6069959449
15700000.000000 13.5318994980
15750000.000000 13.5285012236
15800000.000000 13.7949078513
15850000.000000 13.7407263257
15900000.000000 14.5795908622
15950000.000000 14.5417762798
16000000.000000 14.1198477941
16050000.000000 14.5620614065
16100000.000000 14.2543531898
16150000.000000 14.2952668254
16200000.000000 14.2067224005
16250000.000000 14.3714280086
16300000.000000 14.9152144214
16350000.000000 15.2586514721
16400000.000000 15.3603894445
16450000.000000 15.2111178968
16500000.000000 15.3671487988
16550000.000000 15.5774023892
16600000.000000 15.4930381264
16650000.000000 15.4070589385
16700000.000000 15.5268431223
16750000.000000 15.3721184002
16800000.000000 14.6878376758
16850000.000000 15.0921930279
16900000.000000 14.7346830227
16950000.000000 15.0862348211
17000000.000000 15.3159987376
17050000.000000 15.9020113351
17100000.000000 15.8171473693
17150000.000000 14.8893399089
17200000.000000 14.9965246790
17250000.000000 14.9442678898
17300000.000000 14.7401675391
17350000.000000 14.8924016545
17400000.000000 15.8512313550
17450000.000000 15.3790450205
17500000.000000 15.4860082330
17550000.000000 15.7663582897
17600000.000000 15.3646012094
17650000.000000 15.2958473321
17700000.000000 15.3991008209
17750000.000000 15.5772020995
17800000.000000 15.3491278599
17850000.000000 15.1436244115
17900000.000000 15.3171702173
17950000.000000 17.5490817568
18000000.000000 15.5120565643
18050000.000000 15.7648502508
18100000.000000 16.7457025194
18150000.000000 15.6555569064
18200000.000000 15.4609331826
18250000.000000 15.6344756938
18300000.000000 15.5177498840
18350000.000000 16.2050967577
18400000.000000 15.9029593264
18450000.000000 15.8614081493
18500000.000000 16.4149709384
18550000.000000 15.3707859013
18600000.000000 15.1673403248
18650000.000000 15.5464427249
18700000.000000 15.5919655495
18750000.000000 15.9724503019
18800000.000000 15.8593530065
18850000.000000 17.2788568363
18900000.000000 15.6795925647
18950000.000000 16.6640834582
19000000.000000 16.6685415723
19050000.000000 16.8177292292
19100000.000000 15.6433573433
19150000.000000 15.7255889391
19200000.000000 15.5697680052
19250000.000000 15.5319878746
19300000.000000 15.7990030737
19350000.000000 15.8803084873
19400000.000000 15.8360835424
19450000.000000 17.7473573160
19500000.000000 16.7942383963
19550000.000000 15.6464465618
19600000.000000 16.4058916870
19650000.000000 16.7746616341
19700000.000000 17.1196346346
19750000.000000 15.5388440001
19800000.000000 21.6653643298
19850000.000000 17.6556545406
19900000.000000 17.1207444434
19950000.000000 15.7943063524
20000000.000000 16.6702296481
