# time cluster_size count
50000.000000 600 1
100000.000000 600 1
150000.000000 1 3
150000.000000 597 1
200000.000000 1 8
200000.000000 592 1
250000.000000 1 6
250000.000000 2 1
250000.000000 592 1
300000.000000 1 11
300000.000000 589 1
350000.000000 1 9
350000.000000 2 1
350000.000000 589 1
400000.000000 1 12
400000.000000 2 1
400000.000000 586 1
450000.000000 1 12
450000.000000 2 1
450000.000000 586 1
500000.000000 1 15
500000.000000 585 1
550000.000000 1 11
550000.000000 589 1
600000.000000 1 10
600000.000000 590 1
650000.000000 1 10
650000.000000 590 1
700000.000000 1 13
700000.000000 2 1
700000.000000 3 1
700000.000000 582 1
750000.000000 1 9
750000.000000 2 2
750000.000000 587 1
800000.000000 1 12
800000.000000 2 1
800000.000000 586 1
850000.000000 1 13
850000.000000 587 1
900000.000000 1 10
900000.000000 590 1
950000.000000 1 11
950000.000000 589 1
1000000.000000 1 11
1000000.000000 589 1
1050000.000000 1 11
1050000.000000 589 1
1100000.000000 1 13
1100000.000000 2 1
1100000.000000 585 1
1150000.000000 1 15
1150000.000000 585 1
1200000.000000 1 13
1200000.000000 2 1
1200000.000000 585 1
1250000.000000 1 14
1250000.000000 586 1
1300000.000000 1 15
1300000.000000 2 2
1300000.000000 581 1
1350000.000000 1 15
1350000.000000 2 1
1350000.000000 583 1
1400000.000000 1 15
1400000.000000 2 1
1400000.000000 583 1
1450000.000000 1 15
1450000.000000 585 1
1500000.000000 1 15
1500000.000000 2 1
1500000.000000 583 1
1550000.000000 1 16
1550000.000000 2 2
1550000.000000 580 1
1600000.000000 1 15
1600000.000000 2 3
1600000.000000 579 1
1650000.000000 1 17
1650000.000000 2 1
1650000.000000 581 1
1700000.000000 1 20
1700000.000000 2 1
1700000.000000 578 1
1750000.000000 1 16
1750000.000000 2 3
1750000.000000 578 1
1800000.000000 1 21
1800000.000000 2 2
1800000.000000 575 1
1850000.000000 1 24
1850000.000000 2 1
1850000.000000 574 1
1900000.000000 1 19
1900000.000000 2 1
1900000.000000 4 1
1900000.000000 575 1
1950000.000000 1 26
1950000.000000 3 1
1950000.000000 571 1
2000000.000000 1 20
2000000.000000 2 1
2000000.000000 3 1
2000000.000000 575 1
2050000.000000 1 18
2050000.000000 582 1
2100000.000000 1 13
2100000.000000 2 3
2100000.000000 3 1
2100000.000000 578 1
2150000.000000 1 16
2150000.000000 2 2
2150000.000000 580 1
2200000.000000 1 18
2200000.000000 2 2
2200000.000000 3 1
2200000.000000 575 1
2250000.000000 1 17
2250000.000000 2 3
2250000.000000 577 1
2300000.000000 1 18
2300000.000000 2 2
2300000.000000 578 1
2350000.000000 1 16
2350000.000000 2 1
2350000.000000 582 1
2400000.000000 1 14
2400000.000000 2 1
2400000.000000 584 1
2450000.000000 1 19
2450000.000000 581 1
2500000.000000 1 17
2500000.000000 2 1
2500000.000000 581 1
2550000.000000 1 15
2550000.000000 2 3
2550000.000000 579 1
2600000.000000 1 20
2600000.000000 2 1
2600000.000000 578 1
2650000.000000 1 20
2650000.000000 2 1
2650000.000000 578 1
2700000.000000 1 22
2700000.000000 2 2
2700000.000000 574 1
2750000.000000 1 19
2750000.000000 2 1
2750000.000000 3 1
2750000.000000 576 1
2800000.000000 1 23
2800000.000000 2 3
2800000.000000 571 1
2850000.000000 1 20
2850000.000000 2 1
2850000.000000 578 1
2900000.000000 1 23
2900000.000000 2 1
2900000.000000 575 1
2950000.000000 1 21
2950000.000000 2 2
2950000.000000 575 1
3000000.000000 1 23
3000000.000000 2 3
3000000.000000 571 1
3050000.000000 1 21
3050000.000000 2 3
3050000.000000 573 1
3100000.000000 1 24
3100000.000000 2 1
3100000.000000 574 1
3150000.000000 1 16
3150000.000000 2 4
3150000.000000 576 1
3200000.000000 1 19
3200000.000000 2 4
3200000.000000 573 1
3250000.000000 1 26
3250000.000000 2 1
3250000.000000 572 1
3300000.000000 1 24
3300000.000000 2 1
3300000.000000 574 1
3350000.000000 1 15
3350000.000000 2 5
3350000.000000 3 1
3350000.000000 572 1
3400000.000000 1 19
3400000.000000 2 4
3400000.000000 573 1
3450000.000000 1 19
3450000.000000 2 3
3450000.000000 575 1
3500000.000000 1 19
3500000.000000 2 2
3500000.000000 577 1
3550000.000000 1 20
3550000.000000 2 3
3550000.000000 574 1
3600000.000000 1 24
3600000.000000 2 2
3600000.000000 572 1
3650000.000000 1 24
3650000.000000 576 1
3700000.000000 1 19
3700000.000000 2 3
3700000.000000 575 1
3750000.000000 1 26
3750000.000000 574 1
3800000.000000 1 21
3800000.000000 2 2
3800000.000000 3 1
3800000.000000 572 1
3850000.000000 1 26
3850000.000000 574 1
3900000.000000 1 26
3900000.000000 2 1
3900000.000000 572 1
3950000.000000 1 23
3950000.000000 2 4
3950000.000000 569 1
4000000.000000 1 18
4000000.000000 2 5
4000000.000000 3 1
4000000.000000 569 1
4050000.000000 1 22
4050000.000000 2 2
4050000.000000 3 1
4050000.000000 571 1
4100000.000000 1 25
4100000.000000 2 2
4100000.000000 3 1
4100000.000000 568 1
4150000.000000 1 20
4150000.000000 2 2
4150000.000000 3 1
4150000.000000 573 1
4200000.000000 1 20
4200000.000000 2 3
4200000.000000 3 1
4200000.000000 571 1
4250000.000000 1 23
4250000.000000 2 1
4250000.000000 575 1
4300000.000000 1 25
4300000.000000 2 2
4300000.000000 3 1
4300000.000000 568 1
4350000.000000 1 23
4350000.000000 2 5
4350000.000000 567 1
4400000.000000 1 27
4400000.000000 2 3
4400000.000000 567 1
4450000.000000 1 25
4450000.000000 2 4
4450000.000000 567 1
4500000.000000 1 22
4500000.000000 2 3
4500000.000000 3 1
4500000.000000 569 1
4550000.000000 1 15
4550000.000000 2 5
4550000.000000 3 1
4550000.000000 572 1
4600000.000000 1 14
4600000.000000 2 3
4600000.000000 3 3
4600000.000000 571 1
4650000.000000 1 22
4650000.000000 2 3
4650000.000000 3 1
4650000.000000 569 1
4700000.000000 1 26
4700000.000000 2 1
4700000.000000 3 1
4700000.000000 569 1
4750000.000000 1 23
4750000.000000 2 1
4750000.000000 3 1
4750000.000000 4 1
4750000.000000 568 1
4800000.000000 1 18
4800000.000000 2 4
4800000.000000 3 1
4800000.000000 571 1
4850000.000000 1 23
4850000.000000 2 2
4850000.000000 3 1
4850000.000000 570 1
4900000.000000 1 19
4900000.000000 2 2
4900000.000000 3 2
4900000.000000 571 1
4950000.000000 1 24
4950000.000000 2 2
4950000.000000 4 1
4950000.000000 568 1
5000000.000000 1 22
5000000.000000 2 3
5000000.000000 572 1
5050000.000000 1 23
5050000.000000 2 2
5050000.000000 573 1
5100000.000000 1 18
5100000.000000 2 3
5100000.000000 576 1
5150000.000000 1 22
5150000.000000 2 2
5150000.000000 574 1
5200000.000000 1 24
5200000.000000 2 1
5200000.000000 574 1
5250000.000000 1 17
5250000.000000 2 2
5250000.000000 579 1
5300000.000000 1 20
5300000.000000 2 2
5300000.000000 576 1
5350000.000000 1 23
5350000.000000 577 1
5400000.000000 1 21
5400000.000000 2 2
5400000.000000 575 1
5450000.000000 1 18
5450000.000000 2 2
5450000.000000 578 1
5500000.000000 1 13
5500000.000000 2 5
5500000.000000 577 1
5550000.000000 1 19
5550000.000000 2 1
5550000.000000 579 1
5600000.000000 1 12
5600000.000000 2 3
5600000.000000 582 1
5650000.000000 1 17
5650000.000000 2 3
5650000.000000 577 1
5700000.000000 1 19
5700000.000000 2 2
5700000.000000 577 1
5750000.000000 1 19
5750000.000000 2 2
5750000.000000 577 1
5800000.000000 1 22
5800000.000000 2 1
5800000.000000 576 1
5850000.000000 1 19
5850000.000000 2 3
5850000.000000 575 1
5900000.000000 1 25
5900000.000000 2 1
5900000.000000 573 1
5950000.000000 1 19
5950000.000000 2 1
5950000.000000 579 1
6000000.000000 1 19
6000000.000000 2 2
6000000.000000 577 1
6050000.000000 1 14
6050000.000000 2 2
6050000.000000 582 1
6100000.000000 1 14
6100000.000000 2 1
6100000.000000 584 1
6150000.000000 1 17
6150000.000000 2 1
6150000.000000 581 1
6200000.000000 1 16
6200000.000000 584 1
6250000.000000 1 16
6250000.000000 584 1
6300000.000000 1 16
6300000.000000 2 1
6300000.000000 582 1
6350000.000000 1 18
6350000.000000 582 1
6400000.000000 1 19
6400000.000000 581 1
6450000.000000 1 18
6450000.000000 2 1
6450000.000000 580 1
6500000.000000 1 18
6500000.000000 582 1
6550000.000000 1 18
6550000.000000 2 1
6550000.000000 580 1
6600000.000000 1 15
6600000.000000 585 1
6650000.000000 1 16
6650000.000000 584 1
6700000.000000 1 18
6700000.000000 582 1
6750000.000000 1 14
6750000.000000 2 1
6750000.000000 584 1
6800000.000000 1 19
6800000.000000 581 1
6850000.000000 1 14
6850000.000000 2 1
6850000.000000 584 1
6900000.000000 1 13
6900000.000000 2 1
6900000.000000 585 1
6950000.000000 1 11
6950000.000000 2 1
6950000.000000 4 1
6950000.000000 583 1
7000000.000000 1 14
7000000.000000 2 2
7000000.000000 582 1
7050000.000000 1 10
7050000.000000 4 1
7050000.000000 586 1
7100000.000000 1 13
7100000.000000 2 2
7100000.000000 583 1
7150000.000000 1 16
7150000.000000 584 1
7200000.000000 1 22
7200000.000000 578 1
7250000.000000 1 19
7250000.000000 4 1
7250000.000000 577 1
7300000.000000 1 22
7300000.000000 2 1
7300000.000000 576 1
7350000.000000 1 22
7350000.000000 2 1
7350000.000000 576 1
7400000.000000 1 20
7400000.000000 2 1
7400000.000000 578 1
7450000.000000 1 16
7450000.000000 2 1
7450000.000000 582 1
7500000.000000 1 14
7500000.000000 2 3
7500000.000000 3 1
7500000.000000 577 1
7550000.000000 1 16
7550000.000000 2 3
7550000.000000 578 1
7600000.000000 1 19
7600000.000000 2 1
7600000.000000 579 1
7650000.000000 1 20
7650000.000000 2 1
7650000.000000 578 1
7700000.000000 1 16
7700000.000000 2 2
7700000.000000 580 1
7750000.000000 1 20
7750000.000000 2 1
7750000.000000 578 1
7800000.000000 1 21
7800000.000000 2 1
7800000.000000 577 1
7850000.000000 1 18
7850000.000000 2 2
7850000.000000 578 1
7900000.000000 1 21
7900000.000000 2 1
7900000.000000 577 1
7950000.000000 1 23
7950000.000000 2 1
7950000.000000 575 1
8000000.000000 1 26
8000000.000000 2 1
8000000.000000 572 1
8050000.000000 1 21
8050000.000000 2 2
8050000.000000 575 1
8100000.000000 1 24
8100000.000000 2 1
8100000.000000 3 1
8100000.000000 571 1
8150000.000000 1 23
8150000.000000 3 1
8150000.000000 574 1
8200000.000000 1 16
8200000.000000 2 4
8200000.000000 576 1
8250000.000000 1 18
8250000.000000 2 2
8250000.000000 578 1
8300000.000000 1 17
8300000.000000 2 2
8300000.000000 3 1
8300000.000000 576 1
8350000.000000 1 16
8350000.000000 2 4
8350000.000000 3 1
8350000.000000 573 1
8400000.000000 1 19
8400000.000000 2 3
8400000.000000 3 1
8400000.000000 572 1
8450000.000000 1 16
8450000.000000 2 2
8450000.000000 580 1
8500000.000000 1 17
8500000.000000 2 3
8500000.000000 577 1
8550000.000000 1 20
8550000.000000 2 1
8550000.000000 578 1
8600000.000000 1 12
8600000.000000 2 2
8600000.000000 4 1
8600000.000000 580 1
8650000.000000 1 19
8650000.000000 2 1
8650000.000000 4 1
8650000.000000 575 1
8700000.000000 1 19
8700000.000000 2 1
8700000.000000 579 1
8750000.000000 1 20
8750000.000000 2 2
8750000.000000 576 1
8800000.000000 1 18
8800000.000000 2 2
8800000.000000 578 1
8850000.000000 1 20
8850000.000000 2 1
8850000.000000 578 1
8900000.000000 1 22
8900000.000000 2 1
8900000.000000 4 1
8900000.000000 572 1
8950000.000000 1 26
8950000.000000 2 2
8950000.000000 570 1
9000000.000000 1 24
9000000.000000 3 1
9000000.000000 573 1
9050000.000000 1 24
9050000.000000 2 2
9050000.000000 572 1
9100000.000000 1 21
9100000.000000 2 1
9100000.000000 577 1
9150000.000000 1 22
9150000.000000 2 2
9150000.000000 574 1
9200000.000000 1 24
9200000.000000 2 1
9200000.000000 574 1
9250000.000000 1 20
9250000.000000 2 1
9250000.000000 578 1
9300000.000000 1 18
9300000.000000 2 2
9300000.000000 578 1
9350000.000000 1 17
9350000.000000 583 1
9400000.000000 1 18
9400000.000000 582 1
9450000.000000 1 16
9450000.000000 584 1
9500000.000000 1 17
9500000.000000 2 1
9500000.000000 3 1
9500000.000000 578 1
9550000.000000 1 15
9550000.000000 2 1
9550000.000000 3 1
9550000.000000 580 1
9600000.000000 1 19
9600000.000000 581 1
9650000.000000 1 18
9650000.000000 2 1
9650000.000000 4 1
9650000.000000 576 1
9700000.000000 1 21
9700000.000000 2 1
9700000.000000 577 1
9750000.000000 1 21
9750000.000000 579 1
9800000.000000 1 20
9800000.000000 580 1
9850000.000000 1 19
9850000.000000 2 1
9850000.000000 579 1
9900000.000000 1 17
9900000.000000 2 3
9900000.000000 577 1
9950000.000000 1 18
9950000.000000 2 3
9950000.000000 576 1
10000000.000000 1 24
10000000.000000 2 1
10000000.000000 574 1
10050000.000000 1 21
10050000.000000 2 1
10050000.000000 577 1
10100000.000000 1 21
10100000.000000 2 1
10100000.000000 577 1
10150000.000000 1 21
10150000.000000 2 2
10150000.000000 575 1
10200000.000000 1 21
10200000.000000 2 1
10200000.000000 577 1
10250000.000000 1 22
10250000.000000 2 2
10250000.000000 574 1
10300000.000000 1 23
10300000.000000 2 1
10300000.000000 575 1
10350000.000000 1 19
10350000.000000 2 3
10350000.000000 575 1
10400000.000000 1 21
10400000.000000 2 2
10400000.000000 575 1
10450000.000000 1 20
10450000.000000 2 1
10450000.000000 3 1
10450000.000000 575 1
10500000.000000 1 15
10500000.000000 2 2
10500000.000000 3 1
10500000.000000 578 1
10550000.000000 1 21
10550000.000000 2 2
10550000.000000 575 1
10600000.000000 1 17
10600000.000000 2 1
10600000.000000 3 1
10600000.000000 4 1
10600000.000000 574 1
10650000.000000 1 19
10650000.000000 2 4
10650000.000000 3 1
10650000.000000 570 1
10700000.000000 1 18
10700000.000000 2 2
10700000.000000 578 1
10750000.000000 1 22
10750000.000000 2 1
10750000.000000 576 1
10800000.000000 1 16
10800000.000000 2 3
10800000.000000 578 1
10850000.000000 1 21
10850000.000000 2 1
10850000.000000 577 1
10900000.000000 1 20
10900000.000000 2 1
10900000.000000 578 1
10950000.000000 1 18
10950000.000000 2 1
10950000.000000 580 1
11000000.000000 1 17
11000000.000000 2 2
11000000.000000 579 1
11050000.000000 1 20
11050000.000000 580 1
11100000.000000 1 20
11100000.000000 580 1
11150000.000000 1 19
11150000.000000 2 2
11150000.000000 577 1
11200000.000000 1 23
11200000.000000 2 2
11200000.000000 573 1
11250000.000000 1 15
11250000.000000 2 1
11250000.000000 3 1
11250000.000000 580 1
11300000.000000 1 16
11300000.000000 3 1
11300000.000000 581 1
11350000.000000 1 17
11350000.000000 2 1
11350000.000000 581 1
11400000.000000 1 27
11400000.000000 573 1
11450000.000000 1 21
11450000.000000 2 1
11450000.000000 577 1
11500000.000000 1 18
11500000.000000 2 2
11500000.000000 3 1
11500000.000000 575 1
11550000.000000 1 15
11550000.000000 2 3
11550000.000000 579 1
11600000.000000 1 16
11600000.000000 2 3
11600000.000000 578 1
11650000.000000 1 16
11650000.000000 2 4
11650000.000000 576 1
11700000.000000 1 21
11700000.000000 2 2
11700000.000000 575 1
11750000.000000 1 22
11750000.000000 2 2
11750000.000000 574 1
11800000.000000 1 20
11800000.000000 2 2
11800000.000000 576 1
11850000.000000 1 17
11850000.000000 2 1
11850000.000000 3 1
11850000.000000 578 1
11900000.000000 1 17
11900000.000000 2 2
11900000.000000 579 1
11950000.000000 1 20
11950000.000000 2 1
11950000.000000 578 1
12000000.000000 1 21
12000000.000000 579 1
12050000.000000 1 19
12050000.000000 2 1
12050000.000000 579 1
12100000.000000 1 20
12100000.000000 2 2
12100000.000000 576 1
12150000.000000 1 18
12150000.000000 2 1
12150000.000000 580 1
12200000.000000 1 20
12200000.000000 580 1
12250000.000000 1 20
12250000.000000 2 3
12250000.000000 574 1
12300000.000000 1 16
12300000.000000 2 2
12300000.000000 580 1
12350000.000000 1 14
12350000.000000 2 2
12350000.000000 582 1
12400000.000000 1 16
12400000.000000 2 1
12400000.000000 3 1
12400000.000000 579 1
12450000.000000 1 14
12450000.000000 2 3
12450000.000000 3 1
12450000.000000 577 1
12500000.000000 1 15
12500000.000000 2 2
12500000.000000 3 1
12500000.000000 578 1
12550000.000000 1 16
12550000.000000 3 1
12550000.000000 581 1
12600000.000000 1 10
12600000.000000 2 3
12600000.000000 3 1
12600000.000000 581 1
12650000.000000 1 15
12650000.000000 2 4
12650000.000000 577 1
12700000.000000 1 19
12700000.000000 581 1
12750000.000000 1 22
12750000.000000 578 1
12800000.000000 1 16
12800000.000000 2 1
12800000.000000 582 1
12850000.000000 1 20
12850000.000000 580 1
12900000.000000 1 18
12900000.000000 2 1
12900000.000000 580 1
12950000.000000 1 18
12950000.000000 582 1
13000000.000000 1 19
13000000.000000 2 1
13000000.000000 579 1
13050000.000000 1 14
13050000.000000 2 2
13050000.000000 582 1
13100000.000000 1 16
13100000.000000 584 1
13150000.000000 1 16
13150000.000000 2 1
13150000.000000 582 1
13200000.000000 1 15
13200000.000000 585 1
13250000.000000 1 11
13250000.000000 589 1
13300000.000000 1 10
13300000.000000 590 1
13350000.000000 1 14
13350000.000000 586 1
13400000.000000 1 13
13400000.000000 2 1
13400000.000000 585 1
13450000.000000 1 12
13450000.000000 2 3
13450000.000000 582 1
13500000.000000 1 13
13500000.000000 587 1
13550000.000000 1 11
13550000.000000 2 1
13550000.000000 587 1
13600000.000000 1 13
13600000.000000 2 1
13600000.000000 585 1
13650000.000000 1 16
13650000.000000 2 1
13650000.000000 582 1
13700000.000000 1 15
13700000.000000 2 1
13700000.000000 583 1
13750000.000000 1 15
13750000.000000 2 2
13750000.000000 581 1
13800000.000000 1 8
13800000.000000 2 3
13800000.000000 586 1
13850000.000000 1 12
13850000.000000 2 2
13850000.000000 584 1
13900000.000000 1 16
13900000.000000 2 1
13900000.000000 582 1
13950000.000000 1 15
13950000.000000 2 1
13950000.000000 583 1
14000000.000000 1 18
14000000.000000 582 1
14050000.000000 1 13
14050000.000000 2 2
14050000.000000 3 1
14050000.000000 580 1
14100000.000000 1 18
14100000.000000 2 1
14100000.000000 580 1
14150000.000000 1 20
14150000.000000 2 1
14150000.000000 578 1
14200000.000000 1 16
14200000.000000 2 1
14200000.000000 582 1
14250000.000000 1 20
14250000.000000 2 1
14250000.000000 578 1
14300000.000000 1 20
14300000.000000 2 2
14300000.000000 3 1
14300000.000000 573 1
14350000.000000 1 17
14350000.000000 2 4
14350000.000000 575 1
14400000.000000 1 22
14400000.000000 2 1
14400000.000000 576 1
14450000.000000 1 20
14450000.000000 2 2
14450000.000000 576 1
14500000.000000 1 20
14500000.000000 2 1
14500000.000000 578 1
14550000.000000 1 18
14550000.000000 2 2
14550000.000000 578 1
14600000.000000 1 17
14600000.000000 2 2
14600000.000000 3 1
14600000.000000 576 1
14650000.000000 1 17
14650000.000000 2 1
14650000.000000 581 1
14700000.000000 1 17
14700000.000000 2 3
14700000.000000 577 1
14750000.000000 1 20
14750000.000000 2 3
14750000.000000 574 1
14800000.000000 1 22
14800000.000000 578 1
14850000.000000 1 22
14850000.000000 2 3
14850000.000000 572 1
14900000.000000 1 21
14900000.000000 2 1
14900000.000000 3 1
14900000.000000 574 1
14950000.000000 1 18
14950000.000000 2 4
14950000.000000 3 1
14950000.000000 571 1
15000000.000000 1 20
15000000.000000 2 2
15000000.000000 576 1
15050000.000000 1 25
15050000.000000 2 1
15050000.000000 573 1
15100000.000000 1 25
15100000.000000 2 1
15100000.000000 573 1
15150000.000000 1 25
15150000.000000 2 2
15150000.000000 571 1
15200000.000000 1 23
15200000.000000 2 1
15200000.000000 575 1
15250000.000000 1 21
15250000.000000 2 2
15250000.000000 575 1
15300000.000000 1 25
15300000.000000 2 2
15300000.000000 571 1
15350000.000000 1 19
15350000.000000 2 2
15350000.000000 3 1
15350000.000000 574 1
15400000.000000 1 21
15400000.000000 2 3
15400000.000000 573 1
15450000.000000 1 19
15450000.000000 2 3
15450000.000000 3 1
15450000.000000 572 1
15500000.000000 1 25
15500000.000000 2 2
15500000.000000 571 1
15550000.000000 1 20
15550000.000000 2 4
15550000.000000 572 1
15600000.000000 1 25
15600000.000000 2 1
15600000.000000 573 1
15650000.000000 1 22
15650000.000000 2 4
15650000.000000 570 1
15700000.000000 1 23
15700000.000000 2 2
15700000.000000 573 1
15750000.000000 1 23
15750000.000000 2 2
15750000.000000 573 1
15800000.000000 1 22
15800000.000000 2 1
15800000.000000 576 1
15850000.000000 1 20
15850000.000000 2 1
15850000.000000 578 1
15900000.000000 1 21
15900000.000000 2 2
15900000.000000 575 1
15950000.000000 1 22
15950000.000000 2 2
15950000.000000 574 1
16000000.000000 1 21
16000000.000000 2 2
16000000.000000 575 1
16050000.000000 1 20
16050000.000000 2 1
16050000.000000 578 1
16100000.000000 1 22
16100000.000000 2 2
16100000.000000 574 1
16150000.000000 1 24
16150000.000000 2 2
16150000.000000 572 1
16200000.000000 1 20
16200000.000000 2 2
16200000.000000 4 1
16200000.000000 572 1
16250000.000000 1 21
16250000.000000 2 3
16250000.000000 573 1
16300000.000000 1 22
16300000.000000 2 5
16300000.000000 3 1
16300000.000000 565 1
16350000.000000 1 23
16350000.000000 2 3
16350000.000000 571 1
16400000.000000 1 26
16400000.000000 3 1
16400000.000000 571 1
16450000.000000 1 21
16450000.000000 2 3
16450000.000000 573 1
16500000.000000 1 18
16500000.000000 2 4
16500000.000000 574 1
16550000.000000 1 21
16550000.000000 2 1
16550000.000000 577 1
16600000.000000 1 18
16600000.000000 2 1
16600000.000000 580 1
16650000.000000 1 16
16650000.000000 2 4
16650000.000000 576 1
16700000.000000 1 17
16700000.000000 2 1
16700000.000000 3 1
16700000.000000 578 1
16750000.000000 1 23
16750000.000000 2 1
16750000.000000 575 1
16800000.000000 1 16
16800000.000000 2 1
16800000.000000 582 1
16850000.000000 1 14
16850000.000000 2 2
16850000.000000 582 1
16900000.000000 1 17
16900000.000000 2 1
16900000.000000 4 1
16900000.000000 577 1
16950000.000000 1 20
16950000.000000 580 1
17000000.000000 1 19
17000000.000000 2 2
17000000.000000 577 1
17050000.000000 1 19
17050000.000000 2 1
17050000.000000 579 1
17100000.000000 1 14
17100000.000000 2 1
17100000.000000 584 1
17150000.000000 1 13
17150000.000000 2 1
17150000.000000 585 1
17200000.000000 1 12
17200000.000000 2 1
17200000.000000 586 1
17250000.000000 1 13
17250000.000000 2 1
17250000.000000 585 1
17300000.000000 1 16
17300000.000000 2 1
17300000.000000 582 1
17350000.000000 1 15
17350000.000000 585 1
17400000.000000 1 17
17400000.000000 583 1
17450000.000000 1 14
17450000.000000 2 1
17450000.000000 584 1
17500000.000000 1 15
17500000.000000 2 1
17500000.000000 583 1
17550000.000000 1 14
17550000.000000 2 1
17550000.000000 584 1
17600000.000000 1 16
17600000.000000 584 1
17650000.000000 1 23
17650000.000000 2 1
17650000.000000 575 1
17700000.000000 1 17
17700000.000000 583 1
17750000.000000 1 15
17750000.000000 2 1
17750000.000000 583 1
17800000.000000 1 16
17800000.000000 2 2
17800000.000000 580 1
17850000.000000 1 17
17850000.000000 2 1
17850000.000000 581 1
17900000.000000 1 21
17900000.000000 579 1
17950000.000000 1 13
17950000.000000 2 3
17950000.000000 581 1
18000000.000000 1 16
18000000.000000 584 1
18050000.000000 1 17
18050000.000000 583 1
18100000.000000 1 17
18100000.000000 583 1
18150000.000000 1 14
18150000.000000 2 2
18150000.000000 582 1
18200000.000000 1 16
18200000.000000 2 1
18200000.000000 582 1
18250000.000000 1 20
18250000.000000 580 1
18300000.000000 1 15
18300000.000000 2 2
18300000.000000 3 1
18300000.000000 578 1
18350000.000000 1 17
18350000.000000 3 1
18350000.000000 580 1
18400000.000000 1 16
18400000.000000 2 1
18400000.000000 3 1
18400000.000000 579 1
18450000.000000 1 20
18450000.000000 2 1
18450000.000000 578 1
18500000.000000 1 22
18500000.000000 4 1
18500000.000000 574 1
18550000.000000 1 18
18550000.000000 2 1
18550000.000000 4 1
18550000.000000 576 1
18600000.000000 1 14
18600000.000000 2 3
18600000.000000 4 1
18600000.000000 576 1
18650000.000000 1 24
18650000.000000 3 1
18650000.000000 573 1
18700000.000000 1 25
18700000.000000 2 1
18700000.000000 3 1
18700000.000000 570 1
18750000.000000 1 25
18750000.000000 2 1
18750000.000000 573 1
18800000.000000 1 25
18800000.000000 2 1
18800000.000000 573 1
18850000.000000 1 26
18850000.000000 2 1
18850000.000000 572 1
18900000.000000 1 19
18900000.000000 2 6
18900000.000000 569 1
18950000.000000 1 21
18950000.000000 2 1
18950000.000000 3 2
18950000.000000 571 1
19000000.000000 1 26
19000000.000000 2 2
19000000.000000 3 1
19000000.000000 567 1
19050000.000000 1 27
19050000.000000 2 2
19050000.000000 569 1
19100000.000000 1 24
19100000.000000 2 2
19100000.000000 572 1
19150000.000000 1 29
19150000.000000 2 2
19150000.000000 567 1
19200000.000000 1 31
19200000.000000 2 1
19200000.000000 567 1
19250000.000000 1 22
19250000.000000 2 3
19250000.000000 572 1
19300000.000000 1 23
19300000.000000 2 1
19300000.000000 575 1
19350000.000000 1 25
19350000.000000 2 2
19350000.000000 571 1
19400000.000000 1 22
19400000.000000 2 2
19400000.000000 3 1
19400000.000000 571 1
19450000.000000 1 21
19450000.000000 3 3
19450000.000000 570 1
19500000.000000 1 22
19500000.000000 2 2
19500000.000000 3 1
19500000.000000 571 1
19550000.000000 1 21
19550000.000000 2 2
19550000.000000 3 1
19550000.000000 572 1
19600000.000000 1 16
19600000.000000 2 2
19600000.000000 3 1
19600000.000000 4 1
19600000.000000 573 1
19650000.000000 1 16
19650000.000000 2 3
19650000.000000 4 1
19650000.000000 574 1
19700000.000000 1 15
19700000.000000 2 6
19700000.000000 573 1
19750000.000000 1 23
19750000.000000 2 2
19750000.000000 3 1
19750000.000000 570 1
19800000.000000 1 23
19800000.000000 2 3
19800000.000000 571 1
19850000.000000 1 25
19850000.000000 2 1
19850000.000000 573 1
19900000.000000 1 20
19900000.000000 2 3
19900000.000000 574 1
19950000.000000 1 27
19950000.000000 2 3
19950000.000000 567 1
20000000.000000 1 19
20000000.000000 2 3
20000000.000000 575 1
