# time mean_cluster_size
50000.000000 300.0000000000
100000.000000 300.0000000000
150000.000000 150.0000000000
200000.000000 85.7142857143
250000.000000 85.7142857143
300000.000000 66.6666666667
350000.000000 85.7142857143
400000.000000 50.0000000000
450000.000000 75.0000000000
500000.000000 66.6666666667
550000.000000 120.0000000000
600000.000000 85.7142857143
650000.000000 54.5454545455
700000.000000 50.0000000000
750000.000000 66.6666666667
800000.000000 75.0000000000
850000.000000 75.0000000000
900000.000000 66.6666666667
950000.000000 75.0000000000
1000000.000000 60.0000000000
1050000.000000 54.5454545455
1100000.000000 60.0000000000
1150000.000000 50.0000000000
1200000.000000 75.0000000000
1250000.000000 60.0000000000
1300000.000000 42.8571428571
1350000.000000 60.0000000000
1400000.000000 66.6666666667
1450000.000000 60.0000000000
1500000.000000 66.6666666667
1550000.000000 50.0000000000
1600000.000000 35.2941176471
1650000.000000 42.8571428571
1700000.000000 35.2941176471
1750000.000000 37.5000000000
1800000.000000 40.0000000000
1850000.000000 28.5714285714
1900000.000000 28.5714285714
1950000.000000 30.0000000000
2000000.000000 26.0869565217
2050000.000000 33.3333333333
2100000.000000 37.5000000000
2150000.000000 35.2941176471
2200000.000000 26.0869565217
2250000.000000 37.5000000000
2300000.000000 35.2941176471
2350000.000000 33.3333333333
2400000.000000 40.0000000000
2450000.000000 37.5000000000
2500000.000000 35.2941176471
2550000.000000 42.8571428571
2600000.000000 40.0000000000
2650000.000000 40.0000000000
2700000.000000 46.1538461538
2750000.000000 37.5000000000
2800000.000000 46.1538461538
2850000.000000 54.5454545455
2900000.000000 37.5000000000
2950000.000000 37.5000000000
3000000.000000 33.3333333333
3050000.000000 40.0000000000
3100000.000000 35.2941176471
3150000.000000 42.8571428571
3200000.000000 35.2941176471
3250000.000000 46.1538461538
3300000.000000 42.8571428571
3350000.000000 42.8571428571
3400000.000000 28.5714285714
3450000.000000 37.5000000000
3500000.000000 35.2941176471
3550000.000000 35.2941176471
3600000.000000 31.5789473684
3650000.000000 30.0000000000
3700000.000000 33.3333333333
3750000.000000 30.0000000000
3800000.000000 33.3333333333
3850000.000000 28.5714285714
3900000.000000 33.3333333333
3950000.000000 37.5000000000
4000000.000000 33.3333333333
4050000.000000 30.0000000000
4100000.000000 33.3333333333
4150000.000000 31.5789473684
4200000.000000 28.5714285714
4250000.000000 30.0000000000
4300000.000000 27.2727272727
4350000.000000 30.0000000000
4400000.000000 30.0000000000
4450000.000000 35.2941176471
4500000.000000 40.0000000000
4550000.000000 31.5789473684
4600000.000000 37.5000000000
4650000.000000 28.5714285714
4700000.000000 26.0869565217
4750000.000000 27.2727272727
4800000.000000 30.0000000000
4850000.000000 30.0000000000
4900000.000000 30.0000000000
4950000.000000 33.3333333333
5000000.000000 28.5714285714
5050000.000000 33.3333333333
5100000.000000 31.5789473684
5150000.000000 42.8571428571
5200000.000000 31.5789473684
5250000.000000 42.8571428571
5300000.000000 33.3333333333
5350000.000000 40.0000000000
5400000.000000 46.1538461538
5450000.000000 46.1538461538
5500000.000000 46.1538461538
5550000.000000 35.2941176471
5600000.000000 33.3333333333
5650000.000000 33.3333333333
5700000.000000 33.3333333333
5750000.000000 28.5714285714
5800000.000000 33.3333333333
5850000.000000 28.5714285714
5900000.000000 30.0000000000
5950000.000000 27.2727272727
6000000.000000 31.5789473684
6050000.000000 30.0000000000
6100000.000000 28.5714285714
6150000.000000 35.2941176471
6200000.000000 30.0000000000
6250000.000000 31.5789473684
6300000.000000 26.0869565217
6350000.000000 28.5714285714
6400000.000000 31.5789473684
6450000.000000 30.0000000000
6500000.000000 37.5000000000
6550000.000000 28.5714285714
6600000.000000 27.2727272727
6650000.000000 26.0869565217
6700000.000000 24.0000000000
6750000.000000 24.0000000000
6800000.000000 26.0869565217
6850000.000000 24.0000000000
6900000.000000 27.2727272727
6950000.000000 25.0000000000
7000000.000000 27.2727272727
7050000.000000 28.5714285714
7100000.000000 24.0000000000
7150000.000000 26.0869565217
7200000.000000 27.2727272727
7250000.000000 25.0000000000
7300000.000000 25.0000000000
7350000.000000 30.0000000000
7400000.000000 26.0869565217
7450000.000000 24.0000000000
7500000.000000 27.2727272727
7550000.000000 28.5714285714
7600000.000000 23.0769230769
7650000.000000 21.4285714286
7700000.000000 25.0000000000
7750000.000000 26.0869565217
7800000.000000 25.0000000000
7850000.000000 21.4285714286
7900000.000000 26.0869565217
7950000.000000 27.2727272727
8000000.000000 30.0000000000
8050000.000000 28.5714285714
8100000.000000 27.2727272727
8150000.000000 27.2727272727
8200000.000000 28.5714285714
8250000.000000 24.0000000000
8300000.000000 24.0000000000
8350000.000000 27.2727272727
8400000.000000 28.5714285714
8450000.000000 28.5714285714
8500000.000000 28.5714285714
8550000.000000 23.0769230769
8600000.000000 25.0000000000
8650000.000000 22.2222222222
8700000.000000 23.0769230769
8750000.000000 25.0000000000
8800000.000000 25.0000000000
8850000.000000 22.2222222222
8900000.000000 25.0000000000
8950000.000000 25.0000000000
9000000.000000 24.0000000000
9050000.000000 24.0000000000
9100000.000000 30.0000000000
9150000.000000 25.0000000000
9200000.000000 24.0000000000
9250000.000000 26.0869565217
9300000.000000 27.2727272727
9350000.000000 19.3548387097
9400000.000000 23.0769230769
9450000.000000 19.3548387097
9500000.000000 22.2222222222
9550000.000000 26.0869565217
9600000.000000 31.5789473684
9650000.000000 25.0000000000
9700000.000000 28.5714285714
9750000.000000 26.0869565217
9800000.000000 25.0000000000
9850000.000000 25.0000000000
9900000.000000 26.0869565217
9950000.000000 25.0000000000
10000000.000000 27.2727272727
10050000.000000 22.2222222222
10100000.000000 25.0000000000
10150000.000000 25.0000000000
10200000.000000 27.2727272727
10250000.000000 24.0000000000
10300000.000000 30.0000000000
10350000.000000 28.5714285714
10400000.000000 27.2727272727
10450000.000000 28.5714285714
10500000.000000 28.5714285714
10550000.000000 26.0869565217
10600000.000000 31.5789473684
10650000.000000 37.5000000000
10700000.000000 31.5789473684
10750000.000000 33.3333333333
10800000.000000 28.5714285714
10850000.000000 33.3333333333
10900000.000000 27.2727272727
10950000.000000 27.2727272727
11000000.000000 31.5789473684
11050000.000000 24.0000000000
11100000.000000 30.0000000000
11150000.000000 25.0000000000
11200000.000000 30.0000000000
11250000.000000 26.0869565217
11300000.000000 26.0869565217
11350000.000000 27.2727272727
11400000.000000 24.0000000000
11450000.000000 27.2727272727
11500000.000000 28.5714285714
11550000.000000 26.0869565217
11600000.000000 27.2727272727
11650000.000000 26.0869565217
11700000.000000 27.2727272727
11750000.000000 25.0000000000
11800000.000000 26.0869565217
11850000.000000 31.5789473684
11900000.000000 26.0869565217
11950000.000000 33.3333333333
12000000.000000 28.5714285714
12050000.000000 35.2941176471
12100000.000000 28.5714285714
12150000.000000 30.0000000000
12200000.000000 26.0869565217
12250000.000000 30.0000000000
12300000.000000 33.3333333333
12350000.000000 31.5789473684
12400000.000000 35.2941176471
12450000.000000 31.5789473684
12500000.000000 33.3333333333
12550000.000000 37.5000000000
12600000.000000 37.5000000000
12650000.000000 28.5714285714
12700000.000000 27.2727272727
12750000.000000 31.5789473684
12800000.000000 37.5000000000
12850000.000000 33.3333333333
12900000.000000 30.0000000000
12950000.000000 35.2941176471
13000000.000000 31.5789473684
13050000.000000 28.5714285714
13100000.000000 35.2941176471
13150000.000000 31.5789473684
13200000.000000 25.0000000000
13250000.000000 30.0000000000
13300000.000000 27.2727272727
13350000.000000 33.3333333333
13400000.000000 27.2727272727
13450000.000000 30.0000000000
13500000.000000 31.5789473684
13550000.000000 27.2727272727
13600000.000000 33.3333333333
13650000.000000 33.3333333333
13700000.000000 37.5000000000
13750000.000000 35.2941176471
13800000.000000 42.8571428571
13850000.000000 42.8571428571
13900000.000000 35.2941176471
13950000.000000 37.5000000000
14000000.000000 35.2941176471
14050000.000000 37.5000000000
14100000.000000 31.5789473684
14150000.000000 35.2941176471
14200000.000000 31.5789473684
14250000.000000 23.0769230769
14300000.000000 24.0000000000
14350000.000000 28.5714285714
14400000.000000 28.5714285714
14450000.000000 30.0000000000
14500000.000000 26.0869565217
14550000.000000 31.5789473684
14600000.000000 30.0000000000
14650000.000000 26.0869565217
14700000.000000 27.2727272727
14750000.000000 31.5789473684
14800000.000000 37.5000000000
14850000.000000 37.5000000000
14900000.000000 31.5789473684
14950000.000000 33.3333333333
15000000.000000 40.0000000000
15050000.000000 28.5714285714
15100000.000000 30.0000000000
15150000.000000 33.3333333333
15200000.000000 26.0869565217
15250000.000000 33.3333333333
15300000.000000 42.8571428571
15350000.000000 31.5789473684
15400000.000000 22.2222222222
15450000.000000 25.0000000000
15500000.000000 27.2727272727
15550000.000000 26.0869565217
15600000.000000 25.0000000000
15650000.000000 23.0769230769
15700000.000000 22.2222222222
15750000.000000 25.0000000000
15800000.000000 25.0000000000
15850000.000000 24.0000000000
15900000.000000 26.0869565217
15950000.000000 31.5789473684
16000000.000000 31.5789473684
16050000.000000 23.0769230769
16100000.000000 26.0869565217
16150000.000000 33.3333333333
16200000.000000 31.5789473684
16250000.000000 25.0000000000
16300000.000000 25.0000000000
16350000.000000 26.0869565217
16400000.000000 24.0000000000
16450000.000000 28.5714285714
16500000.000000 30.0000000000
16550000.000000 30.0000000000
16600000.000000 27.2727272727
16650000.000000 28.5714285714
16700000.000000 30.0000000000
16750000.000000 30.0000000000
16800000.000000 28.5714285714
16850000.000000 28.5714285714
16900000.000000 27.2727272727
16950000.000000 26.0869565217
17000000.000000 28.5714285714
17050000.000000 27.2727272727
17100000.000000 31.5789473684
17150000.000000 27.2727272727
17200000.000000 31.5789473684
17250000.000000 31.5789473684
17300000.000000 50.0000000000
17350000.000000 37.5000000000
17400000.000000 33.3333333333
17450000.000000 37.5000000000
17500000.000000 54.5454545455
17550000.000000 35.2941176471
17600000.000000 37.5000000000
17650000.000000 40.0000000000
17700000.000000 42.8571428571
17750000.000000 40.0000000000
17800000.000000 35.2941176471
17850000.000000 46.1538461538
17900000.000000 46.1538461538
17950000.000000 37.5000000000
18000000.000000 54.5454545455
18050000.000000 26.0869565217
18100000.000000 27.2727272727
18150000.000000 28.5714285714
18200000.000000 30.0000000000
18250000.000000 40.0000000000
18300000.000000 33.3333333333
18350000.000000 27.2727272727
18400000.000000 30.0000000000
18450000.000000 28.5714285714
18500000.000000 30.0000000000
18550000.000000 27.2727272727
18600000.000000 28.5714285714
18650000.000000 30.0000000000
18700000.000000 24.0000000000
18750000.000000 22.2222222222
18800000.000000 21.4285714286
18850000.000000 23.0769230769
18900000.000000 21.4285714286
18950000.000000 23.0769230769
19000000.000000 20.6896551724
19050000.000000 20.6896551724
19100000.000000 24.0000000000
19150000.000000 23.0769230769
19200000.000000 22.2222222222
19250000.000000 26.0869565217
19300000.000000 26.0869565217
19350000.000000 28.5714285714
19400000.000000 26.0869565217
19450000.000000 25.0000000000
19500000.000000 28.5714285714
19550000.000000 26.0869565217
19600000.000000 28.5714285714
19650000.000000 28.5714285714
19700000.000000 27.2727272727
19750000.000000 26.0869565217
19800000.000000 30.0000000000
19850000.000000 28.5714285714
19900000.000000 28.5714285714
19950000.000000 30.0000000000
20000000.000000 30.0000000000
