# time_ps largest_cluster_rg_nm
50000.000000 0.2789022990
100000.000000 0.2716868794
150000.000000 0.2605576887
200000.000000 0.2765161016
250000.000000 0.2729172865
300000.000000 0.2760475150
350000.000000 0.2642136260
400000.000000 0.2544055564
450000.000000 0.2629616123
500000.000000 0.2898590956
550000.000000 0.2778957004
600000.000000 0.2917660021
650000.000000 0.2742560433
700000.000000 0.2710890269
750000.000000 0.2755771108
800000.000000 0.2634119717
850000.000000 0.2669458419
900000.000000 0.2683835074
950000.000000 0.2550269768
1000000.000000 0.2655350123
1050000.000000 0.2683680867
1100000.000000 0.2606095864
1150000.000000 0.2586321549
1200000.000000 0.2631550001
1250000.000000 0.2574775240
1300000.000000 0.2648931225
1350000.000000 0.2598602298
1400000.000000 0.2597326584
1450000.000000 0.2812918367
1500000.000000 0.2785128127
1550000.000000 0.2556922439
1600000.000000 0.2783065158
1650000.000000 0.2715596576
1700000.000000 0.2768041949
1750000.000000 0.2650853698
1800000.000000 0.2629800242
1850000.000000 0.2623479971
1900000.000000 0.2677749199
1950000.000000 0.2697872719
2000000.000000 0.2643370108
2050000.000000 0.2610207246
2100000.000000 0.2669640706
2150000.000000 0.2665537820
2200000.000000 0.2464724482
2250000.000000 0.2561080266
2300000.000000 0.2644459891
2350000.000000 0.2758589482
2400000.000000 0.2850086954
2450000.000000 0.2667228889
2500000.000000 0.2654040987
2550000.000000 0.2742042325
2600000.000000 0.2586906098
2650000.000000 0.2825749354
2700000.000000 0.2610588541
2750000.000000 0.2755391927
2800000.000000 0.2701360882
2850000.000000 0.2734619983
2900000.000000 0.2725840184
2950000.000000 0.2699008889
3000000.000000 0.2713379356
3050000.000000 0.2621343300
3100000.000000 0.2758982533
3150000.000000 0.2857492305
3200000.000000 0.2690374685
3250000.000000 0.2759185363
3300000.000000 0.2789381680
3350000.000000 0.2639470129
3400000.000000 0.2775899160
3450000.000000 0.2699349679
3500000.000000 0.2730137735
3550000.000000 0.2569863381
3600000.000000 0.2574748209
3650000.000000 0.2653881722
3700000.000000 0.2711379603
3750000.000000 0.2616828349
3800000.000000 0.2720367478
3850000.000000 0.2588437901
3900000.000000 0.2686056207
3950000.000000 0.2578120981
4000000.000000 0.2862270412
4050000.000000 0.2646304536
4100000.000000 0.2670665223
4150000.000000 0.2628124891
4200000.000000 0.2830199243
4250000.000000 0.2667252030
4300000.000000 0.2594103246
4350000.000000 0.2928412990
4400000.000000 0.3037279219
4450000.000000 0.2807442525
4500000.000000 0.2826792325
4550000.000000 0.2893870492
4600000.000000 0.2973590909
4650000.000000 0.2850385289
4700000.000000 0.2877082198
4750000.000000 0.2814131192
4800000.000000 0.2831736775
4850000.000000 0.2737631693
4900000.000000 0.2683398983
4950000.000000 0.2893614450
5000000.000000 0.2879348194
5050000.000000 0.2851177773
5100000.000000 0.2830862282
5150000.000000 0.2678617169
5200000.000000 0.2800147871
5250000.000000 0.2763572398
5300000.000000 0.2820603177
5350000.000000 0.2726512160
5400000.000000 0.2875260185
5450000.000000 0.2857892555
5500000.000000 0.2692105837
5550000.000000 0.2735479409
5600000.000000 0.2704064989
5650000.000000 0.2813498674
5700000.000000 0.2716931476
5750000.000000 0.2746827206
5800000.000000 0.2833173229
5850000.000000 0.2856020382
5900000.000000 0.2956256085
5950000.000000 0.2952854165
6000000.000000 0.2957359889
6050000.000000 0.2919233506
6100000.000000 0.2889564286
6150000.000000 0.2759528737
6200000.000000 0.2790607346
6250000.000000 0.2789534709
6300000.000000 0.2800601545
6350000.000000 0.2734574148
6400000.000000 0.2893454414
6450000.000000 0.2885142807
6500000.000000 0.2738203213
6550000.000000 0.2890782145
6600000.000000 0.2891250675
6650000.000000 0.2852426084
6700000.000000 0.3022099295
6750000.000000 0.2939779775
6800000.000000 0.2952169626
6850000.000000 0.2897986532
6900000.000000 0.2784202568
6950000.000000 0.2890137469
7000000.000000 0.3026020348
7050000.000000 0.2875076622
7100000.000000 0.2833449500
7150000.000000 0.2980337164
7200000.000000 0.2817715665
7250000.000000 0.3048315304
7300000.000000 0.2860837124
7350000.000000 0.2973013531
7400000.000000 0.2798301977
7450000.000000 0.2992354977
7500000.000000 0.2866409985
7550000.000000 0.2778334165
7600000.000000 0.2878482447
7650000.000000 0.2947612389
7700000.000000 0.2917863075
7750000.000000 0.3053357608
7800000.000000 0.2813465840
7850000.000000 0.2889435188
7900000.000000 0.2888526070
7950000.000000 0.2953424219
8000000.000000 0.2947257341
8050000.000000 0.3036221918
8100000.000000 0.2977943265
8150000.000000 0.3066349101
8200000.000000 0.2996156776
8250000.000000 0.3031431218
8300000.000000 0.2925077051
8350000.000000 0.2981463697
8400000.000000 0.2849047036
8450000.000000 0.2976968101
8500000.000000 0.2790839679
8550000.000000 0.2955757538
8600000.000000 0.2819853281
8650000.000000 0.2896079953
8700000.000000 0.2987032012
8750000.000000 0.2848387044
8800000.000000 0.2793567906
8850000.000000 0.3056993132
8900000.000000 0.2908338250
8950000.000000 0.3006377203
9000000.000000 0.3070683986
9050000.000000 0.3025741233
9100000.000000 0.3072625084
9150000.000000 0.3030108876
9200000.000000 0.3059403923
9250000.000000 0.2864551107
9300000.000000 0.3093507158
9350000.000000 0.2939554765
9400000.000000 0.2995818589
9450000.000000 0.3011038887
9500000.000000 0.3090648841
9550000.000000 0.3039830135
9600000.000000 0.3078752997
9650000.000000 0.2997430134
9700000.000000 0.2918333382
9750000.000000 0.2962803811
9800000.000000 0.2839682093
9850000.000000 0.3047936299
9900000.000000 0.3253994019
9950000.000000 0.3204579878
10000000.000000 0.3040153902
10050000.000000 0.3056940002
10100000.000000 0.3033077175
10150000.000000 0.3070022835
10200000.000000 0.2989563672
10250000.000000 0.3023949429
10300000.000000 0.3012485395
10350000.000000 0.2935362142
10400000.000000 0.3024165348
10450000.000000 0.2978389857
10500000.000000 0.3013147243
10550000.000000 0.3057048719
10600000.000000 0.3083422636
10650000.000000 0.3039638060
10700000.000000 0.2914178097
10750000.000000 0.3014354119
10800000.000000 0.3255325255
10850000.000000 0.2822433908
10900000.000000 0.2882354417
10950000.000000 0.2944735282
11000000.000000 0.0681242459
11050000.000000 0.3032608555
11100000.000000 0.2905798851
11150000.000000 0.3040870538
11200000.000000 0.2986743404
11250000.000000 0.3033649131
11300000.000000 0.2998581236
11350000.000000 0.2949843896
11400000.000000 0.3006154336
11450000.000000 0.2856377847
11500000.000000 0.3010975099
11550000.000000 0.2863785009
11600000.000000 0.2927947567
11650000.000000 0.3136201983
11700000.000000 0.2999408466
11750000.000000 0.2871868427
11800000.000000 0.3069585210
11850000.000000 0.3081710293
11900000.000000 0.3161755520
11950000.000000 0.2992468675
12000000.000000 0.3117370431
12050000.000000 0.3031451172
12100000.000000 0.3106749769
12150000.000000 0.2949497585
12200000.000000 0.2986985995
12250000.000000 0.3104750243
12300000.000000 0.3106948842
12350000.000000 0.3027219253
12400000.000000 0.3041067187
12450000.000000 0.2962999390
12500000.000000 0.3029645470
12550000.000000 0.3076495927
12600000.000000 0.3154115856
12650000.000000 0.3161878010
12700000.000000 0.2949779614
12750000.000000 0.3064938372
12800000.000000 0.3136908464
12850000.000000 0.3078172349
12900000.000000 0.3230847225
12950000.000000 0.2971172455
13000000.000000 0.3082191637
13050000.000000 0.3025567357
13100000.000000 0.3156430852
13150000.000000 0.3215594005
13200000.000000 0.3045117255
13250000.000000 0.3039001745
13300000.000000 0.3009748792
13350000.000000 0.3154799324
13400000.000000 0.3194731719
13450000.000000 0.3150328168
13500000.000000 0.3020591354
13550000.000000 0.3015409861
13600000.000000 0.3112467931
13650000.000000 0.3158771947
13700000.000000 0.2960031076
13750000.000000 0.2985501451
13800000.000000 0.3020898911
13850000.000000 0.2982205594
13900000.000000 0.3009425617
13950000.000000 0.2964518958
14000000.000000 0.3115371760
14050000.000000 0.3137004481
14100000.000000 0.2998613039
14150000.000000 0.3077272880
14200000.000000 0.3163245777
14250000.000000 0.3276725928
14300000.000000 0.3177165941
14350000.000000 0.3008925397
14400000.000000 0.2937070452
14450000.000000 0.2795404845
14500000.000000 0.2888343521
14550000.000000 0.3027806550
14600000.000000 0.3125395600
14650000.000000 0.2962987798
14700000.000000 0.2916462127
14750000.000000 0.3021812589
14800000.000000 0.3190724479
14850000.000000 0.2956655669
14900000.000000 0.2966026861
14950000.000000 0.3014208762
15000000.000000 0.2938098463
15050000.000000 0.2885144343
15100000.000000 0.3020039918
15150000.000000 0.2997907756
15200000.000000 0.3162966561
15250000.000000 0.2998118184
15300000.000000 0.3105552241
15350000.000000 0.2938391898
15400000.000000 0.2952545102
15450000.000000 0.2987074992
15500000.000000 0.3032236307
15550000.000000 0.2877624254
15600000.000000 0.2947630452
15650000.000000 0.2979915378
15700000.000000 0.3101109457
15750000.000000 0.3212676899
15800000.000000 0.3052535443
15850000.000000 0.3073466148
15900000.000000 0.2942246208
15950000.000000 0.3028319199
16000000.000000 0.2937019437
16050000.000000 0.2897103948
16100000.000000 0.3020879607
16150000.000000 0.3081872633
16200000.000000 0.3108365567
16250000.000000 0.3213421005
16300000.000000 0.3127882338
16350000.000000 0.3113968196
16400000.000000 0.2982710118
16450000.000000 0.2987729383
16500000.000000 0.3064789092
16550000.000000 0.3146971033
16600000.000000 0.3223941213
16650000.000000 0.3158391100
16700000.000000 0.3126108515
16750000.000000 0.3141224295
16800000.000000 0.3211788412
16850000.000000 0.3072267133
16900000.000000 0.3049970109
16950000.000000 0.3042193724
17000000.000000 0.3024354844
17050000.000000 0.3202139986
17100000.000000 0.2952617511
17150000.000000 0.3223558755
17200000.000000 0.3308640355
17250000.000000 0.3234577385
17300000.000000 0.3179234512
17350000.000000 0.3203690757
17400000.000000 0.3181150900
17450000.000000 0.2923807749
17500000.000000 0.2902857097
17550000.000000 0.3031757201
17600000.000000 0.3131742450
17650000.000000 0.3111743050
17700000.000000 0.3088970377
17750000.000000 0.3040185215
17800000.000000 0.2936546422
17850000.000000 0.3083844276
17900000.000000 0.3106716034
17950000.000000 0.2932917860
18000000.000000 0.2911549194
18050000.000000 0.3115971920
18100000.000000 0.3015845148
18150000.000000 0.2862405272
18200000.000000 0.2868769426
18250000.000000 0.3042302817
18300000.000000 0.2897679060
18350000.000000 0.2966015993
18400000.000000 0.3015640213
18450000.000000 0.2921301877
18500000.000000 0.3081619559
18550000.000000 0.2878986715
18600000.000000 0.2953404867
18650000.000000 0.2912677439
18700000.000000 0.2947419804
18750000.000000 0.2957277787
18800000.000000 0.2958825907
18850000.000000 0.3097432273
18900000.000000 0.3130179813
18950000.000000 0.2979779674
19000000.000000 0.2889097760
19050000.000000 0.2982481613
19100000.000000 0.2885171082
19150000.000000 0.2946309271
19200000.000000 0.2867654310
19250000.000000 0.3086135177
19300000.000000 0.3028454410
19350000.000000 0.2946423061
19400000.000000 0.3070617899
19450000.000000 0.3137697008
19500000.000000 0.3073532701
19550000.000000 0.2921565799
19600000.000000 0.2934040630
19650000.000000 0.3093542676
19700000.000000 0.3099357792
19750000.000000 0.3031403132
19800000.000000 0.2983040052
19850000.000000 0.2992584283
19900000.000000 0.2991817936
19950000.000000 0.2927363512
20000000.000000 0.2945053863
