# time_ps  contacts_rectype3  contacts_rectype4  wall_dist_rectype3_Ang  wall_dist_rectype4_Ang  same_cluster
50000.000000  2  2  33.002602  33.020905  1
100000.000000  1  1  33.006104  33.034805  1
150000.000000  2  2  32.956604  32.951401  1
200000.000000  2  2  32.971802  32.979401  1
250000.000000  2  2  32.982300  32.982498  1
300000.000000  2  2  32.955505  32.982605  1
350000.000000  2  2  32.986801  32.990601  1
400000.000000  2  2  33.050201  32.992096  1
450000.000000  2  2  32.994003  32.986694  1
500000.000000  2  2  32.991402  32.945099  1
550000.000000  2  2  33.033905  32.984200  1
600000.000000  2  2  32.982498  33.002502  1
650000.000000  1  2  32.967400  33.002998  1
700000.000000  2  2  32.976898  33.016098  1
750000.000000  2  2  32.992599  32.980499  1
800000.000000  2  2  32.969002  32.977402  1
850000.000000  2  2  33.007797  32.986694  1
900000.000000  2  2  33.007004  32.997101  1
950000.000000  2  2  32.967697  32.966797  1
1000000.000000  2  2  32.971298  33.011703  1
1050000.000000  2  2  33.009201  33.003098  1
1100000.000000  2  2  33.004196  33.021500  1
1150000.000000  2  2  33.000900  32.995804  1
1200000.000000  2  2  33.010399  33.013702  1
1250000.000000  2  2  32.989700  33.028099  1
1300000.000000  2  2  33.040199  33.040298  1
1350000.000000  2  2  32.964600  33.007004  1
1400000.000000  2  2  32.978806  33.023399  1
1450000.000000  2  2  32.961502  33.014404  1
1500000.000000  2  2  32.983200  33.030197  1
1550000.000000  2  2  32.976105  33.023201  1
1600000.000000  2  2  32.998199  32.968399  1
1650000.000000  2  2  32.971199  32.996704  1
1700000.000000  2  2  33.018295  32.971603  1
1750000.000000  2  2  32.998703  32.962097  1
1800000.000000  2  2  32.982399  32.960205  1
1850000.000000  2  2  32.989502  32.990501  1
1900000.000000  2  2  33.018997  33.019897  1
1950000.000000  2  2  33.008202  32.954895  1
2000000.000000  2  2  32.983002  33.003700  1
2050000.000000  2  2  32.984802  33.039902  1
2100000.000000  2  2  32.954605  32.961304  1
2150000.000000  2  2  33.027100  33.049698  1
2200000.000000  2  2  33.030304  32.981995  1
2250000.000000  2  2  33.034897  33.029701  1
2300000.000000  2  2  32.927704  33.016602  1
2350000.000000  2  2  32.955597  32.944595  1
2400000.000000  2  1  32.944901  33.024597  1
2450000.000000  2  2  33.032394  33.003502  1
2500000.000000  2  2  33.057800  32.973999  1
2550000.000000  2  2  33.036201  33.036804  1
2600000.000000  2  2  33.007004  32.973999  1
2650000.000000  2  2  33.030304  33.021500  1
2700000.000000  2  2  32.998901  32.984802  1
2750000.000000  2  2  33.006699  32.988297  1
2800000.000000  2  2  32.976700  32.971802  1
2850000.000000  2  2  32.973999  32.984406  1
2900000.000000  2  2  33.003899  32.985397  1
2950000.000000  2  2  32.964005  32.949699  1
3000000.000000  2  2  33.029999  32.996101  1
3050000.000000  2  2  33.001297  33.011795  1
3100000.000000  2  2  33.007599  32.986099  1
3150000.000000  2  2  32.986603  32.974197  1
3200000.000000  2  2  33.022598  33.017700  1
3250000.000000  1  2  32.985901  32.995605  1
3300000.000000  2  2  32.974899  32.985703  1
3350000.000000  2  2  33.045898  33.000198  1
3400000.000000  2  2  32.978401  32.923401  1
3450000.000000  2  2  32.990402  32.987701  1
3500000.000000  2  2  32.984299  33.016205  1
3550000.000000  2  2  33.000000  32.993301  1
3600000.000000  1  1  32.999298  32.967697  1
3650000.000000  2  2  32.988495  33.018906  1
3700000.000000  2  2  32.973900  32.981094  1
3750000.000000  2  2  32.989395  32.998398  1
3800000.000000  2  2  32.965500  32.966904  1
3850000.000000  2  2  32.969696  33.000504  1
3900000.000000  2  2  33.031403  32.984497  1
3950000.000000  2  2  33.019798  32.983101  1
4000000.000000  2  2  32.963104  33.013100  1
4050000.000000  2  2  33.015999  33.014297  1
4100000.000000  2  2  32.948700  33.000000  1
4150000.000000  2  2  33.035995  33.015999  1
4200000.000000  2  2  32.969299  32.980301  1
4250000.000000  2  2  32.990097  33.027802  1
4300000.000000  2  2  32.981903  33.044899  1
4350000.000000  2  2  32.989197  32.958199  1
4400000.000000  2  2  33.044899  33.027000  1
4450000.000000  2  2  32.992096  33.012100  1
4500000.000000  2  2  33.012695  32.978104  1
4550000.000000  2  2  33.018799  32.960701  1
4600000.000000  2  2  32.956200  32.986496  1
4650000.000000  2  2  32.995804  32.986801  1
4700000.000000  2  2  32.979401  32.955902  1
4750000.000000  2  2  33.035599  33.025299  1
4800000.000000  2  2  33.037003  32.982803  1
4850000.000000  2  2  32.944901  33.031700  1
4900000.000000  2  2  32.936905  33.017799  1
4950000.000000  2  2  33.017899  32.967300  1
5000000.000000  2  2  32.983299  32.956802  1
5050000.000000  2  2  32.970100  33.007706  1
5100000.000000  2  1  32.991196  32.973206  1
5150000.000000  2  2  32.962799  32.962799  1
5200000.000000  2  2  33.004799  32.991501  1
5250000.000000  2  2  32.982605  33.005905  1
5300000.000000  2  2  32.944901  33.021103  1
5350000.000000  2  2  32.954498  33.016602  1
5400000.000000  2  2  32.960098  32.987999  1
5450000.000000  2  2  32.993805  32.972000  1
5500000.000000  2  1  32.973602  32.995201  1
5550000.000000  2  2  32.989700  32.969803  1
5600000.000000  2  2  33.008301  32.981003  1
5650000.000000  2  2  32.954399  33.013397  1
5700000.000000  2  2  32.934204  32.958900  1
5750000.000000  2  2  32.976395  32.992004  1
5800000.000000  2  2  32.966499  33.002502  1
5850000.000000  2  2  32.994095  32.951797  1
5900000.000000  2  2  32.943901  33.049194  1
5950000.000000  2  1  32.937897  33.010101  1
6000000.000000  2  2  32.970200  32.956902  1
6050000.000000  2  2  33.010895  32.916801  1
6100000.000000  1  1  32.999298  33.019600  1
6150000.000000  1  2  32.993195  33.024796  1
6200000.000000  2  1  32.974701  32.966400  1
6250000.000000  2  2  33.001205  32.936501  1
6300000.000000  1  2  32.990402  32.962997  1
6350000.000000  2  2  33.019196  33.004799  1
6400000.000000  2  2  32.987099  32.963196  1
6450000.000000  2  2  33.011299  32.986900  1
6500000.000000  1  2  33.011795  33.003700  1
6550000.000000  2  2  33.021194  32.971199  1
6600000.000000  2  2  33.014297  32.995895  1
6650000.000000  1  1  32.979401  32.992401  1
6700000.000000  1  0  32.991798  32.967804  1
6750000.000000  2  2  32.966301  32.934700  1
6800000.000000  1  2  32.991104  32.985199  1
6850000.000000  2  2  33.028305  33.008698  1
6900000.000000  2  2  33.013000  32.997002  1
6950000.000000  2  2  32.984901  32.975700  1
7000000.000000  1  1  32.990997  33.004700  1
7050000.000000  2  1  32.967896  33.002998  1
7100000.000000  2  2  32.996902  32.943901  1
7150000.000000  2  2  33.044601  32.987396  1
7200000.000000  2  2  33.005295  32.954697  1
7250000.000000  2  2  33.040604  33.037201  1
7300000.000000  2  2  33.018997  33.001801  1
7350000.000000  2  2  32.950600  32.993500  1
7400000.000000  2  2  33.024300  33.016098  1
7450000.000000  2  2  33.006897  32.973900  1
7500000.000000  2  2  32.999802  32.974998  1
7550000.000000  1  2  32.956100  32.989197  1
7600000.000000  2  2  32.971199  32.996399  1
7650000.000000  2  2  32.983505  33.002106  1
7700000.000000  2  2  32.978401  32.959198  1
7750000.000000  2  1  32.998901  33.019699  1
7800000.000000  2  2  32.965599  32.964294  1
7850000.000000  2  2  32.979698  32.994301  1
7900000.000000  2  2  32.987305  32.984604  1
7950000.000000  2  2  32.964798  32.979797  1
8000000.000000  2  2  33.004898  33.046402  1
8050000.000000  2  1  33.015305  32.966797  1
8100000.000000  2  2  32.987099  32.997894  1
8150000.000000  2  2  32.992599  32.982697  1
8200000.000000  2  1  32.994499  33.014900  1
8250000.000000  2  2  33.020996  33.016403  1
8300000.000000  2  2  32.974098  32.962601  1
8350000.000000  2  1  33.001701  32.975403  1
8400000.000000  1  2  33.010803  33.021301  1
8450000.000000  2  2  32.973495  33.028595  1
8500000.000000  2  2  33.005501  33.006195  1
8550000.000000  2  2  32.972900  32.964401  1
8600000.000000  2  2  32.959900  32.949295  1
8650000.000000  2  2  33.005905  32.955902  1
8700000.000000  2  1  32.946999  33.004601  1
8750000.000000  2  2  33.002304  32.972305  1
8800000.000000  2  2  32.977005  32.951904  1
8850000.000000  2  1  32.953995  33.038399  1
8900000.000000  2  2  33.035400  33.041801  1
8950000.000000  2  2  33.031898  32.997604  1
9000000.000000  1  1  33.000397  32.987701  1
9050000.000000  2  1  32.975204  32.964500  1
9100000.000000  2  2  32.966095  32.976601  1
9150000.000000  2  2  33.029701  33.048203  1
9200000.000000  2  2  32.966499  33.035904  1
9250000.000000  1  1  32.954895  32.983505  1
9300000.000000  2  1  32.985298  33.031998  1
9350000.000000  2  2  33.036301  32.964005  1
9400000.000000  2  2  32.992096  32.965805  1
9450000.000000  2  2  32.986298  32.975098  1
9500000.000000  2  1  33.008301  32.960403  1
9550000.000000  2  2  33.030899  33.045799  1
9600000.000000  2  2  32.964600  33.032898  1
9650000.000000  2  2  32.978195  32.980202  1
9700000.000000  2  2  33.000000  33.053101  1
9750000.000000  1  2  32.999100  33.031700  1
9800000.000000  2  2  33.009995  33.013397  1
9850000.000000  2  1  33.020905  33.008301  1
9900000.000000  2  2  33.007500  32.991104  1
9950000.000000  2  2  32.991501  33.013504  1
10000000.000000  2  2  33.009300  32.941696  1
10050000.000000  1  2  33.005997  32.986298  1
10100000.000000  1  2  32.989304  33.060898  1
10150000.000000  2  2  33.040901  32.978600  1
10200000.000000  2  2  33.016296  32.970795  1
10250000.000000  2  2  33.008896  33.009995  1
10300000.000000  2  2  33.007599  32.997604  1
10350000.000000  2  2  33.030701  32.982895  1
10400000.000000  1  1  33.000504  33.035797  1
10450000.000000  1  0  32.962997  32.968597  1
10500000.000000  2  2  32.956604  33.003403  1
10550000.000000  1  2  32.974998  32.945206  1
10600000.000000  1  2  32.977005  32.941299  1
10650000.000000  2  2  32.975700  32.957199  1
10700000.000000  2  2  32.986603  32.987503  1
10750000.000000  2  2  32.973404  32.987099  1
10800000.000000  2  2  33.020699  33.042404  1
10850000.000000  2  2  32.927795  32.975899  1
10900000.000000  2  2  33.010696  32.977798  1
10950000.000000  2  2  32.968102  32.971695  1
11000000.000000  0  0  33.035400  32.937302  1
11050000.000000  2  2  33.005905  32.980301  1
11100000.000000  2  2  33.030502  32.970901  1
11150000.000000  2  2  32.980804  32.938499  1
11200000.000000  2  1  33.008301  32.961197  1
11250000.000000  2  2  32.975204  32.977905  1
11300000.000000  2  2  33.018997  33.014702  1
11350000.000000  2  2  32.966095  33.018402  1
11400000.000000  2  2  32.953201  32.988297  1
11450000.000000  2  2  33.033997  32.937302  1
11500000.000000  2  2  32.977699  33.001404  1
11550000.000000  2  2  33.015900  33.051895  1
11600000.000000  2  2  32.974602  33.020996  1
11650000.000000  2  2  32.946701  32.974701  1
11700000.000000  2  2  33.007301  33.000198  1
11750000.000000  2  2  32.987000  32.973701  1
11800000.000000  2  2  32.961395  32.988495  1
11850000.000000  0  2  33.005096  33.013306  1
11900000.000000  2  2  32.984802  32.988403  1
11950000.000000  2  2  33.010399  32.980598  1
12000000.000000  2  2  32.977097  33.043701  1
12050000.000000  2  2  32.973801  32.955002  1
12100000.000000  2  2  33.023697  33.036598  1
12150000.000000  2  2  32.996597  32.960800  1
12200000.000000  2  2  33.022202  33.010895  1
12250000.000000  2  2  32.972801  32.970398  1
12300000.000000  1  1  32.969002  33.016800  1
12350000.000000  2  2  33.027100  33.007706  1
12400000.000000  2  1  32.991402  32.968903  1
12450000.000000  2  2  32.966705  32.990005  1
12500000.000000  2  2  32.930901  32.968102  1
12550000.000000  2  1  32.962402  32.975296  1
12600000.000000  2  2  32.992203  32.960205  1
12650000.000000  2  2  32.990799  33.003998  1
12700000.000000  2  2  32.997803  32.986603  1
12750000.000000  2  2  32.968300  32.991302  1
12800000.000000  2  2  33.042603  32.949005  1
12850000.000000  2  2  32.987999  32.990501  1
12900000.000000  2  2  32.983002  33.018402  1
12950000.000000  2  2  33.025299  32.985504  1
13000000.000000  2  2  32.989304  32.941299  1
13050000.000000  2  2  33.039505  32.998703  1
13100000.000000  2  2  32.977203  32.968300  1
13150000.000000  2  2  33.000305  32.968597  1
13200000.000000  2  2  32.948196  32.969604  1
13250000.000000  2  2  33.004799  32.987801  1
13300000.000000  2  2  33.059097  32.980202  1
13350000.000000  1  2  32.963303  33.004799  1
13400000.000000  2  2  32.964203  32.992905  1
13450000.000000  2  2  33.025604  33.007500  1
13500000.000000  2  2  32.964798  32.999405  1
13550000.000000  2  2  32.970398  32.957504  1
13600000.000000  2  2  32.976196  33.011398  1
13650000.000000  2  2  32.964401  33.011398  1
13700000.000000  2  2  33.021301  32.976501  1
13750000.000000  1  2  32.992905  33.003601  1
13800000.000000  2  2  32.960495  32.996597  1
13850000.000000  1  2  32.971901  32.950699  1
13900000.000000  1  2  32.994301  32.982399  1
13950000.000000  2  2  33.010300  32.989601  1
14000000.000000  2  2  32.990601  33.014000  1
14050000.000000  2  2  33.055695  32.894798  1
14100000.000000  2  2  32.991699  33.000504  1
14150000.000000  2  2  32.986900  32.991898  1
14200000.000000  1  2  33.013397  33.003403  1
14250000.000000  2  2  32.977203  32.964203  1
14300000.000000  2  2  33.007202  32.962799  1
14350000.000000  2  2  33.025002  32.966599  1
14400000.000000  2  2  32.966499  32.967606  1
14450000.000000  2  2  32.937195  32.958603  1
14500000.000000  2  2  32.983704  32.995804  1
14550000.000000  2  2  32.952103  32.986198  1
14600000.000000  2  1  32.975800  33.004395  1
14650000.000000  2  2  32.968002  32.975700  1
14700000.000000  2  2  32.993698  33.034103  1
14750000.000000  2  2  32.992798  32.956200  1
14800000.000000  2  2  32.971298  32.980698  1
14850000.000000  2  2  32.984299  33.044899  1
14900000.000000  2  1  33.018799  32.972305  1
14950000.000000  2  2  32.965897  32.949799  1
15000000.000000  2  2  32.961800  32.968796  1
15050000.000000  1  2  32.972198  32.986603  1
15100000.000000  2  2  32.993599  32.983704  1
15150000.000000  2  1  32.940796  32.976501  1
15200000.000000  2  1  32.968201  32.978302  1
15250000.000000  2  2  32.993401  33.032600  1
15300000.000000  1  1  33.000999  33.046005  1
15350000.000000  2  1  33.000000  32.985802  1
15400000.000000  2  2  32.994705  32.936401  1
15450000.000000  1  1  32.972801  33.001099  1
15500000.000000  2  2  33.020401  33.033699  1
15550000.000000  2  2  32.969200  32.964996  1
15600000.000000  2  2  32.998795  32.976105  1
15650000.000000  2  1  32.982498  33.018097  1
15700000.000000  0  2  33.004501  33.020905  1
15750000.000000  2  2  32.976395  32.983597  1
15800000.000000  2  2  32.982895  33.022903  1
15850000.000000  2  2  33.006302  32.976898  1
15900000.000000  2  2  32.968498  32.997101  1
15950000.000000  1  2  32.956902  32.952599  1
16000000.000000  2  2  33.027298  32.972595  1
16050000.000000  2  1  33.012604  32.967201  1
16100000.000000  2  2  33.012100  32.973099  1
16150000.000000  2  1  33.017197  33.035500  1
16200000.000000  2  2  32.937897  32.973602  1
16250000.000000  1  1  33.056000  33.030106  1
16300000.000000  1  1  33.005997  33.017303  1
16350000.000000  2  2  32.950699  33.013702  1
16400000.000000  2  2  33.010201  32.992203  1
16450000.000000  2  2  33.016899  33.016899  1
16500000.000000  2  2  32.968498  32.988800  1
16550000.000000  2  2  32.999100  32.979202  1
16600000.000000  2  2  32.952805  32.963501  1
16650000.000000  2  2  33.039398  32.997604  1
16700000.000000  2  2  32.992798  33.010300  1
16750000.000000  2  2  32.950500  32.964600  1
16800000.000000  2  1  33.015594  33.028198  1
16850000.000000  2  2  33.004601  33.006104  1
16900000.000000  2  2  33.003403  32.973404  1
16950000.000000  2  2  33.000000  32.999298  1
17000000.000000  2  2  33.031403  32.989395  1
17050000.000000  1  2  32.954697  32.985199  1
17100000.000000  2  2  32.997299  32.974396  1
17150000.000000  2  2  32.985001  32.941895  1
17200000.000000  2  2  32.942902  33.024101  1
17250000.000000  1  1  32.992401  33.016098  1
17300000.000000  1  2  33.020798  33.018097  1
17350000.000000  2  1  33.015594  32.952301  1
17400000.000000  1  1  33.039398  32.962700  1
17450000.000000  2  2  32.978302  32.968399  1
17500000.000000  2  1  33.016296  33.010696  1
17550000.000000  2  2  32.958801  32.986298  1
17600000.000000  2  2  33.024902  33.014702  1
17650000.000000  2  2  33.026901  33.039101  1
17700000.000000  2  2  32.989395  32.987396  1
17750000.000000  2  2  32.964699  32.985397  1
17800000.000000  1  2  33.002197  32.958496  1
17850000.000000  1  2  33.021194  32.993896  1
17900000.000000  2  1  33.043999  32.973999  1
17950000.000000  1  2  32.983505  33.000595  1
18000000.000000  2  2  32.968498  32.979904  1
18050000.000000  1  2  32.993896  33.007202  1
18100000.000000  2  2  32.951904  32.976501  1
18150000.000000  2  2  32.975204  32.962898  1
18200000.000000  2  2  32.992905  33.003601  1
18250000.000000  2  2  32.938301  32.988297  1
18300000.000000  2  2  33.000305  33.000099  1
18350000.000000  2  2  33.000305  33.042999  1
18400000.000000  2  2  33.002502  32.968399  1
18450000.000000  2  1  33.002396  32.982498  1
18500000.000000  2  2  33.005005  32.961197  1
18550000.000000  2  2  33.003098  33.007706  1
18600000.000000  2  2  33.023102  32.968102  1
18650000.000000  2  2  32.982101  32.946602  1
18700000.000000  1  1  33.001099  32.986198  1
18750000.000000  2  2  32.979500  32.956100  1
18800000.000000  2  2  33.001801  32.967896  1
18850000.000000  2  2  33.007706  32.956406  1
18900000.000000  2  2  33.007095  33.000702  1
18950000.000000  2  2  32.899399  33.043999  1
19000000.000000  2  2  33.046204  33.013802  1
19050000.000000  2  2  32.985397  32.991104  1
19100000.000000  2  2  32.990700  32.962097  1
19150000.000000  2  1  33.019104  32.989700  1
19200000.000000  1  1  33.042999  32.999298  1
19250000.000000  2  2  32.955597  32.980301  1
19300000.000000  2  2  32.996002  32.946503  1
19350000.000000  2  2  32.942200  33.000504  1
19400000.000000  1  2  32.966599  33.006897  1
19450000.000000  2  2  33.005005  32.990601  1
19500000.000000  2  2  32.983704  32.987099  1
19550000.000000  2  2  32.982498  32.968597  1
19600000.000000  1  1  32.971298  33.008499  1
19650000.000000  2  2  32.925201  33.003799  1
19700000.000000  0  2  32.995300  32.905396  1
19750000.000000  2  2  32.972000  32.919098  1
19800000.000000  2  2  32.988602  32.986099  1
19850000.000000  2  2  32.993301  32.996300  1
19900000.000000  2  2  32.993805  33.012901  1
19950000.000000  2  2  32.985504  32.961800  1
20000000.000000  2  2  32.994499  32.995102  1
