# time cluster_size count
50000.000000 600 1
100000.000000 1 7
100000.000000 593 1
150000.000000 1 10
150000.000000 2 1
150000.000000 588 1
200000.000000 1 24
200000.000000 576 1
250000.000000 1 16
250000.000000 2 4
250000.000000 576 1
300000.000000 1 14
300000.000000 2 2
300000.000000 582 1
350000.000000 1 18
350000.000000 10 1
350000.000000 572 1
400000.000000 1 15
400000.000000 2 3
400000.000000 7 1
400000.000000 572 1
450000.000000 1 15
450000.000000 2 3
450000.000000 579 1
500000.000000 1 20
500000.000000 2 3
500000.000000 3 1
500000.000000 571 1
550000.000000 1 18
550000.000000 2 5
550000.000000 3 1
550000.000000 569 1
600000.000000 1 23
600000.000000 2 5
600000.000000 3 2
600000.000000 561 1
650000.000000 1 25
650000.000000 2 6
650000.000000 563 1
700000.000000 1 24
700000.000000 2 4
700000.000000 3 2
700000.000000 4 1
700000.000000 6 1
700000.000000 552 1
750000.000000 1 25
750000.000000 2 5
750000.000000 3 1
750000.000000 5 1
750000.000000 557 1
800000.000000 1 27
800000.000000 2 6
800000.000000 3 2
800000.000000 9 1
800000.000000 546 1
850000.000000 1 29
850000.000000 2 7
850000.000000 3 1
850000.000000 4 1
850000.000000 6 1
850000.000000 544 1
900000.000000 1 31
900000.000000 2 2
900000.000000 565 1
950000.000000 1 34
950000.000000 2 7
950000.000000 3 1
950000.000000 6 2
950000.000000 537 1
1000000.000000 1 40
1000000.000000 2 6
1000000.000000 3 1
1000000.000000 4 1
1000000.000000 541 1
1050000.000000 1 38
1050000.000000 2 6
1050000.000000 3 2
1050000.000000 544 1
1100000.000000 1 33
1100000.000000 2 7
1100000.000000 3 3
1100000.000000 544 1
1150000.000000 1 35
1150000.000000 2 6
1150000.000000 3 4
1150000.000000 4 1
1150000.000000 537 1
1200000.000000 1 32
1200000.000000 2 7
1200000.000000 3 2
1200000.000000 7 1
1200000.000000 541 1
1250000.000000 1 37
1250000.000000 2 8
1250000.000000 3 2
1250000.000000 4 1
1250000.000000 6 1
1250000.000000 531 1
1300000.000000 1 39
1300000.000000 2 6
1300000.000000 3 2
1300000.000000 4 1
1300000.000000 5 2
1300000.000000 20 1
1300000.000000 509 1
1350000.000000 1 46
1350000.000000 2 3
1350000.000000 3 2
1350000.000000 4 1
1350000.000000 8 1
1350000.000000 18 1
1350000.000000 512 1
1400000.000000 1 32
1400000.000000 2 10
1400000.000000 3 4
1400000.000000 6 1
1400000.000000 21 1
1400000.000000 213 1
1400000.000000 296 1
1450000.000000 1 41
1450000.000000 2 9
1450000.000000 3 3
1450000.000000 4 1
1450000.000000 5 1
1450000.000000 24 1
1450000.000000 214 1
1450000.000000 285 1
1500000.000000 1 40
1500000.000000 2 8
1500000.000000 3 4
1500000.000000 4 1
1500000.000000 7 1
1500000.000000 213 1
1500000.000000 308 1
1550000.000000 1 35
1550000.000000 2 7
1550000.000000 3 4
1550000.000000 4 2
1550000.000000 531 1
1600000.000000 1 38
1600000.000000 2 9
1600000.000000 3 3
1600000.000000 4 1
1600000.000000 531 1
1650000.000000 1 48
1650000.000000 2 7
1650000.000000 3 2
1650000.000000 4 1
1650000.000000 528 1
1700000.000000 1 43
1700000.000000 2 10
1700000.000000 3 1
1700000.000000 5 1
1700000.000000 209 1
1700000.000000 320 1
1750000.000000 1 44
1750000.000000 2 4
1750000.000000 3 2
1750000.000000 4 1
1750000.000000 214 1
1750000.000000 324 1
1800000.000000 1 35
1800000.000000 2 4
1800000.000000 3 3
1800000.000000 4 1
1800000.000000 5 1
1800000.000000 6 1
1800000.000000 8 1
1800000.000000 525 1
1850000.000000 1 49
1850000.000000 2 4
1850000.000000 3 2
1850000.000000 4 3
1850000.000000 5 1
1850000.000000 520 1
1900000.000000 1 36
1900000.000000 2 10
1900000.000000 3 2
1900000.000000 6 1
1900000.000000 224 1
1900000.000000 308 1
1950000.000000 1 47
1950000.000000 2 6
1950000.000000 3 1
1950000.000000 5 1
1950000.000000 12 1
1950000.000000 521 1
2000000.000000 1 36
2000000.000000 2 11
2000000.000000 3 4
2000000.000000 12 1
2000000.000000 225 1
2000000.000000 293 1
2050000.000000 1 51
2050000.000000 2 8
2050000.000000 11 1
2050000.000000 227 1
2050000.000000 295 1
2100000.000000 1 39
2100000.000000 2 5
2100000.000000 3 4
2100000.000000 232 1
2100000.000000 307 1
2150000.000000 1 32
2150000.000000 2 5
2150000.000000 3 3
2150000.000000 4 2
2150000.000000 5 1
2150000.000000 232 1
2150000.000000 304 1
2200000.000000 1 36
2200000.000000 2 8
2200000.000000 3 4
2200000.000000 235 1
2200000.000000 301 1
2250000.000000 1 42
2250000.000000 2 10
2250000.000000 3 3
2250000.000000 5 1
2250000.000000 231 1
2250000.000000 293 1
2300000.000000 1 41
2300000.000000 2 8
2300000.000000 3 2
2300000.000000 4 1
2300000.000000 234 1
2300000.000000 299 1
2350000.000000 1 45
2350000.000000 2 8
2350000.000000 3 1
2350000.000000 5 1
2350000.000000 236 1
2350000.000000 295 1
2400000.000000 1 47
2400000.000000 2 8
2400000.000000 3 2
2400000.000000 531 1
2450000.000000 1 49
2450000.000000 2 4
2450000.000000 3 3
2450000.000000 231 1
2450000.000000 303 1
2500000.000000 1 42
2500000.000000 2 10
2500000.000000 3 2
2500000.000000 235 1
2500000.000000 297 1
2550000.000000 1 40
2550000.000000 2 10
2550000.000000 3 5
2550000.000000 234 1
2550000.000000 291 1
2600000.000000 1 49
2600000.000000 2 6
2600000.000000 3 3
2600000.000000 4 1
2600000.000000 234 1
2600000.000000 292 1
2650000.000000 1 57
2650000.000000 2 9
2650000.000000 3 2
2650000.000000 4 1
2650000.000000 228 1
2650000.000000 287 1
2700000.000000 1 49
2700000.000000 2 8
2700000.000000 3 5
2700000.000000 231 1
2700000.000000 289 1
2750000.000000 1 51
2750000.000000 2 10
2750000.000000 3 2
2750000.000000 4 1
2750000.000000 231 1
2750000.000000 288 1
2800000.000000 1 56
2800000.000000 2 8
2800000.000000 3 2
2800000.000000 4 1
2800000.000000 231 1
2800000.000000 287 1
2850000.000000 1 39
2850000.000000 2 5
2850000.000000 3 5
2850000.000000 4 2
2850000.000000 5 1
2850000.000000 237 1
2850000.000000 286 1
2900000.000000 1 44
2900000.000000 2 6
2900000.000000 3 3
2900000.000000 4 2
2900000.000000 5 1
2900000.000000 235 1
2900000.000000 287 1
2950000.000000 1 46
2950000.000000 2 7
2950000.000000 3 1
2950000.000000 4 2
2950000.000000 238 1
2950000.000000 291 1
3000000.000000 1 42
3000000.000000 2 7
3000000.000000 3 3
3000000.000000 5 1
3000000.000000 7 1
3000000.000000 237 1
3000000.000000 286 1
3050000.000000 1 41
3050000.000000 2 6
3050000.000000 3 3
3050000.000000 4 3
3050000.000000 6 1
3050000.000000 235 1
3050000.000000 285 1
3100000.000000 1 38
3100000.000000 2 10
3100000.000000 3 2
3100000.000000 5 1
3100000.000000 6 1
3100000.000000 236 1
3100000.000000 289 1
3150000.000000 1 47
3150000.000000 2 5
3150000.000000 3 4
3150000.000000 4 3
3150000.000000 8 1
3150000.000000 227 1
3150000.000000 284 1
3200000.000000 1 44
3200000.000000 2 5
3200000.000000 3 3
3200000.000000 4 3
3200000.000000 9 1
3200000.000000 231 1
3200000.000000 285 1
3250000.000000 1 59
3250000.000000 2 6
3250000.000000 3 1
3250000.000000 4 1
3250000.000000 10 1
3250000.000000 231 1
3250000.000000 281 1
3300000.000000 1 46
3300000.000000 2 7
3300000.000000 3 7
3300000.000000 9 1
3300000.000000 227 1
3300000.000000 283 1
3350000.000000 1 43
3350000.000000 2 6
3350000.000000 3 2
3350000.000000 4 3
3350000.000000 7 1
3350000.000000 231 1
3350000.000000 289 1
3400000.000000 1 53
3400000.000000 2 5
3400000.000000 4 3
3400000.000000 7 1
3400000.000000 518 1
3450000.000000 1 44
3450000.000000 2 5
3450000.000000 3 2
3450000.000000 5 2
3450000.000000 530 1
3500000.000000 1 32
3500000.000000 2 11
3500000.000000 3 4
3500000.000000 5 1
3500000.000000 7 1
3500000.000000 102 1
3500000.000000 133 1
3500000.000000 287 1
3550000.000000 1 40
3550000.000000 2 8
3550000.000000 3 6
3550000.000000 4 2
3550000.000000 233 1
3550000.000000 285 1
3600000.000000 1 41
3600000.000000 2 6
3600000.000000 3 3
3600000.000000 4 1
3600000.000000 6 1
3600000.000000 7 1
3600000.000000 236 1
3600000.000000 285 1
3650000.000000 1 44
3650000.000000 2 8
3650000.000000 3 1
3650000.000000 4 1
3650000.000000 5 2
3650000.000000 233 1
3650000.000000 290 1
3700000.000000 1 57
3700000.000000 2 6
3700000.000000 3 2
3700000.000000 4 2
3700000.000000 230 1
3700000.000000 287 1
3750000.000000 1 46
3750000.000000 2 14
3750000.000000 3 2
3750000.000000 4 1
3750000.000000 231 1
3750000.000000 285 1
3800000.000000 1 39
3800000.000000 2 13
3800000.000000 3 3
3800000.000000 4 1
3800000.000000 6 1
3800000.000000 233 1
3800000.000000 283 1
3850000.000000 1 44
3850000.000000 2 7
3850000.000000 3 6
3850000.000000 5 1
3850000.000000 235 1
3850000.000000 284 1
3900000.000000 1 40
3900000.000000 2 7
3900000.000000 3 2
3900000.000000 4 2
3900000.000000 5 1
3900000.000000 232 1
3900000.000000 295 1
3950000.000000 1 43
3950000.000000 2 9
3950000.000000 3 4
3950000.000000 4 1
3950000.000000 232 1
3950000.000000 291 1
4000000.000000 1 49
4000000.000000 2 3
4000000.000000 3 4
4000000.000000 240 1
4000000.000000 293 1
4050000.000000 1 43
4050000.000000 2 13
4050000.000000 239 1
4050000.000000 292 1
4100000.000000 1 41
4100000.000000 2 9
4100000.000000 3 3
4100000.000000 4 1
4100000.000000 235 1
4100000.000000 293 1
4150000.000000 1 46
4150000.000000 2 9
4150000.000000 3 3
4150000.000000 4 1
4150000.000000 5 1
4150000.000000 235 1
4150000.000000 283 1
4200000.000000 1 43
4200000.000000 2 9
4200000.000000 3 3
4200000.000000 4 1
4200000.000000 239 1
4200000.000000 287 1
4250000.000000 1 41
4250000.000000 2 10
4250000.000000 3 4
4250000.000000 4 1
4250000.000000 239 1
4250000.000000 284 1
4300000.000000 1 47
4300000.000000 2 10
4300000.000000 3 1
4300000.000000 243 1
4300000.000000 287 1
4350000.000000 1 48
4350000.000000 2 6
4350000.000000 3 2
4350000.000000 14 1
4350000.000000 233 1
4350000.000000 287 1
4400000.000000 1 42
4400000.000000 2 11
4400000.000000 3 1
4400000.000000 247 1
4400000.000000 286 1
4450000.000000 1 36
4450000.000000 2 9
4450000.000000 3 4
4450000.000000 4 2
4450000.000000 245 1
4450000.000000 281 1
4500000.000000 1 53
4500000.000000 2 5
4500000.000000 3 2
4500000.000000 4 1
4500000.000000 5 1
4500000.000000 243 1
4500000.000000 279 1
4550000.000000 1 50
4550000.000000 2 6
4550000.000000 3 2
4550000.000000 4 1
4550000.000000 6 1
4550000.000000 245 1
4550000.000000 277 1
4600000.000000 1 41
4600000.000000 2 11
4600000.000000 3 1
4600000.000000 4 2
4600000.000000 5 1
4600000.000000 244 1
4600000.000000 277 1
4650000.000000 1 41
4650000.000000 2 12
4650000.000000 3 2
4650000.000000 4 2
4650000.000000 238 1
4650000.000000 283 1
4700000.000000 1 43
4700000.000000 2 9
4700000.000000 3 2
4700000.000000 4 2
4700000.000000 247 1
4700000.000000 278 1
4750000.000000 1 43
4750000.000000 2 11
4750000.000000 3 3
4750000.000000 247 1
4750000.000000 279 1
4800000.000000 1 31
4800000.000000 2 8
4800000.000000 3 3
4800000.000000 5 2
4800000.000000 251 1
4800000.000000 283 1
4850000.000000 1 39
4850000.000000 2 14
4850000.000000 3 2
4850000.000000 247 1
4850000.000000 280 1
4900000.000000 1 52
4900000.000000 2 7
4900000.000000 3 1
4900000.000000 246 1
4900000.000000 285 1
4950000.000000 1 51
4950000.000000 2 4
4950000.000000 3 2
4950000.000000 4 1
4950000.000000 245 1
4950000.000000 286 1
5000000.000000 1 45
5000000.000000 2 6
5000000.000000 3 4
5000000.000000 4 1
5000000.000000 5 1
5000000.000000 236 1
5000000.000000 286 1
5050000.000000 1 38
5050000.000000 2 13
5050000.000000 3 2
5050000.000000 6 1
5050000.000000 242 1
5050000.000000 282 1
5100000.000000 1 39
5100000.000000 2 7
5100000.000000 4 1
5100000.000000 6 1
5100000.000000 251 1
5100000.000000 286 1
5150000.000000 1 35
5150000.000000 2 11
5150000.000000 253 1
5150000.000000 290 1
5200000.000000 1 31
5200000.000000 2 8
5200000.000000 3 3
5200000.000000 4 1
5200000.000000 252 1
5200000.000000 288 1
5250000.000000 1 36
5250000.000000 2 7
5250000.000000 3 1
5250000.000000 4 4
5250000.000000 243 1
5250000.000000 288 1
5300000.000000 1 47
5300000.000000 2 7
5300000.000000 3 1
5300000.000000 243 1
5300000.000000 293 1
5350000.000000 1 45
5350000.000000 2 10
5350000.000000 3 1
5350000.000000 244 1
5350000.000000 288 1
5400000.000000 1 36
5400000.000000 2 10
5400000.000000 4 1
5400000.000000 250 1
5400000.000000 290 1
5450000.000000 1 42
5450000.000000 2 6
5450000.000000 3 1
5450000.000000 5 1
5450000.000000 246 1
5450000.000000 292 1
5500000.000000 1 45
5500000.000000 2 7
5500000.000000 3 2
5500000.000000 4 3
5500000.000000 241 1
5500000.000000 282 1
5550000.000000 1 44
5550000.000000 2 9
5550000.000000 3 1
5550000.000000 4 1
5550000.000000 244 1
5550000.000000 287 1
5600000.000000 1 40
5600000.000000 2 7
5600000.000000 3 5
5600000.000000 4 2
5600000.000000 243 1
5600000.000000 280 1
5650000.000000 1 33
5650000.000000 2 9
5650000.000000 3 2
5650000.000000 4 2
5650000.000000 5 1
5650000.000000 244 1
5650000.000000 286 1
5700000.000000 1 43
5700000.000000 2 6
5700000.000000 3 5
5700000.000000 244 1
5700000.000000 286 1
5750000.000000 1 41
5750000.000000 2 8
5750000.000000 3 2
5750000.000000 246 1
5750000.000000 291 1
5800000.000000 1 44
5800000.000000 2 7
5800000.000000 3 1
5800000.000000 247 1
5800000.000000 292 1
5850000.000000 1 44
5850000.000000 2 5
5850000.000000 3 1
5850000.000000 4 1
5850000.000000 246 1
5850000.000000 293 1
5900000.000000 1 45
5900000.000000 2 7
5900000.000000 3 1
5900000.000000 247 1
5900000.000000 291 1
5950000.000000 1 44
5950000.000000 2 3
5950000.000000 3 2
5950000.000000 4 2
5950000.000000 245 1
5950000.000000 291 1
6000000.000000 1 46
6000000.000000 2 6
6000000.000000 250 1
6000000.000000 292 1
6050000.000000 1 37
6050000.000000 2 8
6050000.000000 3 1
6050000.000000 249 1
6050000.000000 295 1
6100000.000000 1 36
6100000.000000 2 8
6100000.000000 3 2
6100000.000000 251 1
6100000.000000 291 1
6150000.000000 1 44
6150000.000000 2 7
6150000.000000 3 2
6150000.000000 248 1
6150000.000000 288 1
6200000.000000 1 41
6200000.000000 2 8
6200000.000000 3 2
6200000.000000 4 1
6200000.000000 5 1
6200000.000000 244 1
6200000.000000 284 1
6250000.000000 1 36
6250000.000000 2 7
6250000.000000 3 3
6250000.000000 257 1
6250000.000000 284 1
6300000.000000 1 44
6300000.000000 2 5
6300000.000000 3 1
6300000.000000 4 2
6300000.000000 5 1
6300000.000000 243 1
6300000.000000 287 1
6350000.000000 1 40
6350000.000000 2 10
6350000.000000 4 1
6350000.000000 5 2
6350000.000000 243 1
6350000.000000 283 1
6400000.000000 1 40
6400000.000000 2 5
6400000.000000 3 2
6400000.000000 4 3
6400000.000000 243 1
6400000.000000 289 1
6450000.000000 1 35
6450000.000000 2 9
6450000.000000 4 2
6450000.000000 5 1
6450000.000000 245 1
6450000.000000 289 1
6500000.000000 1 43
6500000.000000 2 5
6500000.000000 3 1
6500000.000000 4 1
6500000.000000 7 1
6500000.000000 533 1
6550000.000000 1 33
6550000.000000 2 8
6550000.000000 3 3
6550000.000000 4 1
6550000.000000 5 1
6550000.000000 8 1
6550000.000000 242 1
6550000.000000 283 1
6600000.000000 1 42
6600000.000000 2 10
6600000.000000 3 1
6600000.000000 4 1
6600000.000000 5 1
6600000.000000 242 1
6600000.000000 284 1
6650000.000000 1 45
6650000.000000 2 8
6650000.000000 3 2
6650000.000000 5 1
6650000.000000 244 1
6650000.000000 284 1
6700000.000000 1 40
6700000.000000 2 9
6700000.000000 3 3
6700000.000000 533 1
6750000.000000 1 42
6750000.000000 2 4
6750000.000000 3 2
6750000.000000 4 2
6750000.000000 5 1
6750000.000000 246 1
6750000.000000 285 1
6800000.000000 1 49
6800000.000000 2 4
6800000.000000 3 2
6800000.000000 4 1
6800000.000000 6 1
6800000.000000 246 1
6800000.000000 281 1
6850000.000000 1 42
6850000.000000 2 10
6850000.000000 3 2
6850000.000000 4 2
6850000.000000 243 1
6850000.000000 281 1
6900000.000000 1 44
6900000.000000 2 12
6900000.000000 3 3
6900000.000000 245 1
6900000.000000 278 1
6950000.000000 1 40
6950000.000000 2 6
6950000.000000 3 4
6950000.000000 4 4
6950000.000000 520 1
7000000.000000 1 47
7000000.000000 2 6
7000000.000000 3 2
7000000.000000 4 2
7000000.000000 527 1
7050000.000000 1 48
7050000.000000 2 7
7050000.000000 3 1
7050000.000000 4 1
7050000.000000 531 1
7100000.000000 1 46
7100000.000000 2 11
7100000.000000 243 1
7100000.000000 289 1
7150000.000000 1 35
7150000.000000 2 11
7150000.000000 3 2
7150000.000000 246 1
7150000.000000 291 1
7200000.000000 1 31
7200000.000000 2 7
7200000.000000 3 2
7200000.000000 4 3
7200000.000000 237 1
7200000.000000 300 1
7250000.000000 1 32
7250000.000000 2 5
7250000.000000 3 3
7250000.000000 4 2
7250000.000000 247 1
7250000.000000 294 1
7300000.000000 1 31
7300000.000000 2 8
7300000.000000 3 5
7300000.000000 4 1
7300000.000000 240 1
7300000.000000 294 1
7350000.000000 1 41
7350000.000000 2 12
7350000.000000 3 1
7350000.000000 243 1
7350000.000000 289 1
7400000.000000 1 37
7400000.000000 2 12
7400000.000000 3 2
7400000.000000 240 1
7400000.000000 293 1
7450000.000000 1 39
7450000.000000 2 8
7450000.000000 3 2
7450000.000000 4 2
7450000.000000 239 1
7450000.000000 292 1
7500000.000000 1 37
7500000.000000 2 11
7500000.000000 3 1
7500000.000000 4 1
7500000.000000 240 1
7500000.000000 294 1
7550000.000000 1 41
7550000.000000 2 7
7550000.000000 3 2
7550000.000000 4 3
7550000.000000 238 1
7550000.000000 289 1
7600000.000000 1 38
7600000.000000 2 8
7600000.000000 3 1
7600000.000000 4 3
7600000.000000 236 1
7600000.000000 295 1
7650000.000000 1 40
7650000.000000 2 10
7650000.000000 3 3
7650000.000000 235 1
7650000.000000 296 1
7700000.000000 1 46
7700000.000000 2 6
7700000.000000 3 1
7700000.000000 539 1
7750000.000000 1 44
7750000.000000 2 10
7750000.000000 3 1
7750000.000000 241 1
7750000.000000 292 1
7800000.000000 1 40
7800000.000000 2 8
7800000.000000 3 1
7800000.000000 4 2
7800000.000000 240 1
7800000.000000 293 1
7850000.000000 1 41
7850000.000000 2 7
7850000.000000 3 2
7850000.000000 4 1
7850000.000000 240 1
7850000.000000 295 1
7900000.000000 1 39
7900000.000000 2 5
7900000.000000 3 2
7900000.000000 4 2
7900000.000000 241 1
7900000.000000 296 1
7950000.000000 1 37
7950000.000000 2 6
7950000.000000 3 2
7950000.000000 4 1
7950000.000000 6 1
7950000.000000 238 1
7950000.000000 297 1
8000000.000000 1 37
8000000.000000 2 9
8000000.000000 3 2
8000000.000000 4 1
8000000.000000 6 1
8000000.000000 235 1
8000000.000000 294 1
8050000.000000 1 46
8050000.000000 2 5
8050000.000000 3 1
8050000.000000 4 2
8050000.000000 5 1
8050000.000000 6 1
8050000.000000 236 1
8050000.000000 286 1
8100000.000000 1 39
8100000.000000 2 9
8100000.000000 3 3
8100000.000000 4 1
8100000.000000 5 1
8100000.000000 235 1
8100000.000000 290 1
8150000.000000 1 39
8150000.000000 2 9
8150000.000000 3 1
8150000.000000 5 2
8150000.000000 233 1
8150000.000000 297 1
8200000.000000 1 39
8200000.000000 2 6
8200000.000000 3 1
8200000.000000 4 2
8200000.000000 238 1
8200000.000000 300 1
8250000.000000 1 38
8250000.000000 2 10
8250000.000000 3 2
8250000.000000 237 1
8250000.000000 299 1
8300000.000000 1 37
8300000.000000 2 10
8300000.000000 3 2
8300000.000000 4 2
8300000.000000 234 1
8300000.000000 295 1
8350000.000000 1 44
8350000.000000 2 5
8350000.000000 3 7
8350000.000000 235 1
8350000.000000 290 1
8400000.000000 1 42
8400000.000000 2 9
8400000.000000 3 4
8400000.000000 4 1
8400000.000000 233 1
8400000.000000 291 1
8450000.000000 1 40
8450000.000000 2 7
8450000.000000 3 3
8450000.000000 5 1
8450000.000000 238 1
8450000.000000 294 1
8500000.000000 1 46
8500000.000000 2 9
8500000.000000 3 2
8500000.000000 236 1
8500000.000000 294 1
8550000.000000 1 50
8550000.000000 2 8
8550000.000000 3 3
8550000.000000 235 1
8550000.000000 290 1
8600000.000000 1 48
8600000.000000 2 10
8600000.000000 3 1
8600000.000000 230 1
8600000.000000 299 1
8650000.000000 1 45
8650000.000000 2 8
8650000.000000 3 3
8650000.000000 5 1
8650000.000000 231 1
8650000.000000 294 1
8700000.000000 1 51
8700000.000000 2 3
8700000.000000 3 4
8700000.000000 4 1
8700000.000000 231 1
8700000.000000 296 1
8750000.000000 1 39
8750000.000000 2 11
8750000.000000 4 2
8750000.000000 6 1
8750000.000000 232 1
8750000.000000 293 1
8800000.000000 1 52
8800000.000000 2 2
8800000.000000 3 2
8800000.000000 5 1
8800000.000000 6 1
8800000.000000 235 1
8800000.000000 292 1
8850000.000000 1 47
8850000.000000 2 7
8850000.000000 3 4
8850000.000000 232 1
8850000.000000 295 1
8900000.000000 1 48
8900000.000000 2 8
8900000.000000 3 1
8900000.000000 4 1
8900000.000000 5 1
8900000.000000 232 1
8900000.000000 292 1
8950000.000000 1 44
8950000.000000 2 7
8950000.000000 3 2
8950000.000000 4 1
8950000.000000 237 1
8950000.000000 295 1
9000000.000000 1 50
9000000.000000 2 7
9000000.000000 4 1
9000000.000000 233 1
9000000.000000 299 1
9050000.000000 1 45
9050000.000000 2 7
9050000.000000 3 3
9050000.000000 4 2
9050000.000000 233 1
9050000.000000 291 1
9100000.000000 1 42
9100000.000000 2 6
9100000.000000 3 4
9100000.000000 4 2
9100000.000000 234 1
9100000.000000 292 1
9150000.000000 1 54
9150000.000000 2 7
9150000.000000 3 3
9150000.000000 234 1
9150000.000000 289 1
9200000.000000 1 41
9200000.000000 2 11
9200000.000000 3 5
9200000.000000 4 1
9200000.000000 230 1
9200000.000000 288 1
9250000.000000 1 39
9250000.000000 2 13
9250000.000000 3 2
9250000.000000 4 1
9250000.000000 8 1
9250000.000000 231 1
9250000.000000 286 1
9300000.000000 1 46
9300000.000000 2 9
9300000.000000 3 1
9300000.000000 4 1
9300000.000000 7 1
9300000.000000 233 1
9300000.000000 289 1
9350000.000000 1 48
9350000.000000 2 9
9350000.000000 3 2
9350000.000000 4 1
9350000.000000 234 1
9350000.000000 290 1
9400000.000000 1 47
9400000.000000 2 9
9400000.000000 3 3
9400000.000000 4 1
9400000.000000 234 1
9400000.000000 288 1
9450000.000000 1 50
9450000.000000 2 10
9450000.000000 4 1
9450000.000000 5 1
9450000.000000 234 1
9450000.000000 287 1
9500000.000000 1 49
9500000.000000 2 9
9500000.000000 3 2
9500000.000000 238 1
9500000.000000 289 1
9550000.000000 1 43
9550000.000000 2 8
9550000.000000 3 3
9550000.000000 4 1
9550000.000000 236 1
9550000.000000 292 1
9600000.000000 1 41
9600000.000000 2 9
9600000.000000 3 1
9600000.000000 5 1
9600000.000000 6 1
9600000.000000 238 1
9600000.000000 289 1
9650000.000000 1 42
9650000.000000 2 7
9650000.000000 3 2
9650000.000000 4 1
9650000.000000 236 1
9650000.000000 298 1
9700000.000000 1 42
9700000.000000 2 11
9700000.000000 3 3
9700000.000000 234 1
9700000.000000 293 1
9750000.000000 1 47
9750000.000000 2 9
9750000.000000 3 1
9750000.000000 4 1
9750000.000000 5 1
9750000.000000 236 1
9750000.000000 287 1
9800000.000000 1 37
9800000.000000 2 9
9800000.000000 3 3
9800000.000000 4 1
9800000.000000 237 1
9800000.000000 295 1
9850000.000000 1 28
9850000.000000 2 8
9850000.000000 3 3
9850000.000000 4 2
9850000.000000 6 1
9850000.000000 237 1
9850000.000000 296 1
9900000.000000 1 38
9900000.000000 2 6
9900000.000000 3 1
9900000.000000 4 1
9900000.000000 5 1
9900000.000000 6 1
9900000.000000 235 1
9900000.000000 297 1
9950000.000000 1 42
9950000.000000 2 4
9950000.000000 3 1
9950000.000000 9 1
9950000.000000 239 1
9950000.000000 299 1
10000000.000000 1 33
10000000.000000 2 5
10000000.000000 3 5
10000000.000000 5 1
10000000.000000 6 1
10000000.000000 234 1
10000000.000000 297 1
10050000.000000 1 34
10050000.000000 2 9
10050000.000000 3 3
10050000.000000 6 1
10050000.000000 235 1
10050000.000000 298 1
10100000.000000 1 37
10100000.000000 2 10
10100000.000000 3 2
10100000.000000 7 1
10100000.000000 233 1
10100000.000000 297 1
10150000.000000 1 40
10150000.000000 2 7
10150000.000000 3 3
10150000.000000 7 1
10150000.000000 234 1
10150000.000000 296 1
10200000.000000 1 38
10200000.000000 2 7
10200000.000000 3 1
10200000.000000 4 2
10200000.000000 8 1
10200000.000000 231 1
10200000.000000 298 1
10250000.000000 1 45
10250000.000000 2 10
10250000.000000 6 1
10250000.000000 232 1
10250000.000000 297 1
10300000.000000 1 39
10300000.000000 2 6
10300000.000000 3 1
10300000.000000 4 1
10300000.000000 8 1
10300000.000000 235 1
10300000.000000 299 1
10350000.000000 1 32
10350000.000000 2 6
10350000.000000 3 2
10350000.000000 4 1
10350000.000000 5 1
10350000.000000 233 1
10350000.000000 308 1
10400000.000000 1 29
10400000.000000 2 8
10400000.000000 3 2
10400000.000000 5 1
10400000.000000 7 1
10400000.000000 9 1
10400000.000000 233 1
10400000.000000 295 1
10450000.000000 1 40
10450000.000000 2 5
10450000.000000 3 5
10450000.000000 4 1
10450000.000000 5 1
10450000.000000 231 1
10450000.000000 295 1
10500000.000000 1 40
10500000.000000 2 9
10500000.000000 3 3
10500000.000000 4 1
10500000.000000 5 1
10500000.000000 230 1
10500000.000000 294 1
10550000.000000 1 44
10550000.000000 2 7
10550000.000000 3 3
10550000.000000 5 1
10550000.000000 234 1
10550000.000000 294 1
10600000.000000 1 49
10600000.000000 2 12
10600000.000000 3 2
10600000.000000 231 1
10600000.000000 290 1
10650000.000000 1 46
10650000.000000 2 4
10650000.000000 3 5
10650000.000000 4 1
10650000.000000 233 1
10650000.000000 294 1
10700000.000000 1 47
10700000.000000 2 7
10700000.000000 3 1
10700000.000000 4 1
10700000.000000 234 1
10700000.000000 298 1
10750000.000000 1 41
10750000.000000 2 7
10750000.000000 3 4
10750000.000000 234 1
10750000.000000 299 1
10800000.000000 1 53
10800000.000000 2 4
10800000.000000 3 2
10800000.000000 234 1
10800000.000000 299 1
10850000.000000 1 41
10850000.000000 2 8
10850000.000000 3 3
10850000.000000 233 1
10850000.000000 301 1
10900000.000000 1 47
10900000.000000 2 6
10900000.000000 3 1
10900000.000000 5 1
10900000.000000 232 1
10900000.000000 301 1
10950000.000000 1 40
10950000.000000 2 6
10950000.000000 3 3
10950000.000000 4 1
10950000.000000 233 1
10950000.000000 302 1
11000000.000000 1 44
11000000.000000 2 7
11000000.000000 3 1
11000000.000000 4 1
11000000.000000 233 1
11000000.000000 302 1
11050000.000000 1 51
11050000.000000 2 7
11050000.000000 3 1
11050000.000000 234 1
11050000.000000 298 1
11100000.000000 1 46
11100000.000000 2 8
11100000.000000 3 3
11100000.000000 235 1
11100000.000000 294 1
11150000.000000 1 50
11150000.000000 2 2
11150000.000000 3 4
11150000.000000 5 1
11150000.000000 234 1
11150000.000000 295 1
11200000.000000 1 43
11200000.000000 2 4
11200000.000000 3 2
11200000.000000 4 1
11200000.000000 6 1
11200000.000000 241 1
11200000.000000 292 1
11250000.000000 1 40
11250000.000000 2 7
11250000.000000 3 2
11250000.000000 5 1
11250000.000000 242 1
11250000.000000 293 1
11300000.000000 1 47
11300000.000000 2 6
11300000.000000 3 1
11300000.000000 6 1
11300000.000000 241 1
11300000.000000 291 1
11350000.000000 1 43
11350000.000000 2 6
11350000.000000 3 1
11350000.000000 5 1
11350000.000000 240 1
11350000.000000 297 1
11400000.000000 1 43
11400000.000000 2 5
11400000.000000 3 1
11400000.000000 4 1
11400000.000000 239 1
11400000.000000 301 1
11450000.000000 1 47
11450000.000000 2 4
11450000.000000 3 4
11450000.000000 237 1
11450000.000000 296 1
11500000.000000 1 46
11500000.000000 2 5
11500000.000000 3 3
11500000.000000 240 1
11500000.000000 295 1
11550000.000000 1 39
11550000.000000 2 7
11550000.000000 3 4
11550000.000000 241 1
11550000.000000 294 1
11600000.000000 1 30
11600000.000000 2 11
11600000.000000 3 2
11600000.000000 5 1
11600000.000000 240 1
11600000.000000 297 1
11650000.000000 1 45
11650000.000000 2 7
11650000.000000 3 1
11650000.000000 241 1
11650000.000000 297 1
11700000.000000 1 41
11700000.000000 2 6
11700000.000000 3 1
11700000.000000 4 1
11700000.000000 242 1
11700000.000000 298 1
11750000.000000 1 45
11750000.000000 2 6
11750000.000000 3 2
11750000.000000 237 1
11750000.000000 300 1
11800000.000000 1 40
11800000.000000 2 6
11800000.000000 3 4
11800000.000000 240 1
11800000.000000 296 1
11850000.000000 1 46
11850000.000000 2 4
11850000.000000 5 2
11850000.000000 234 1
11850000.000000 302 1
11900000.000000 1 41
11900000.000000 2 5
11900000.000000 3 4
11900000.000000 4 1
11900000.000000 234 1
11900000.000000 299 1
11950000.000000 1 44
11950000.000000 2 7
11950000.000000 3 1
11950000.000000 4 1
11950000.000000 238 1
11950000.000000 297 1
12000000.000000 1 43
12000000.000000 2 11
12000000.000000 5 1
12000000.000000 235 1
12000000.000000 295 1
12050000.000000 1 55
12050000.000000 2 9
12050000.000000 3 1
12050000.000000 233 1
12050000.000000 291 1
12100000.000000 1 42
12100000.000000 2 6
12100000.000000 3 3
12100000.000000 4 2
12100000.000000 238 1
12100000.000000 291 1
12150000.000000 1 48
12150000.000000 2 5
12150000.000000 3 2
12150000.000000 4 1
12150000.000000 5 1
12150000.000000 238 1
12150000.000000 289 1
12200000.000000 1 59
12200000.000000 2 1
12200000.000000 3 3
12200000.000000 236 1
12200000.000000 294 1
12250000.000000 1 51
12250000.000000 2 7
12250000.000000 3 1
12250000.000000 237 1
12250000.000000 295 1
12300000.000000 1 52
12300000.000000 2 7
12300000.000000 3 2
12300000.000000 237 1
12300000.000000 291 1
12350000.000000 1 48
12350000.000000 2 6
12350000.000000 3 1
12350000.000000 4 1
12350000.000000 238 1
12350000.000000 295 1
12400000.000000 1 38
12400000.000000 2 9
12400000.000000 3 2
12400000.000000 4 1
12400000.000000 237 1
12400000.000000 297 1
12450000.000000 1 39
12450000.000000 2 7
12450000.000000 3 3
12450000.000000 4 1
12450000.000000 5 1
12450000.000000 232 1
12450000.000000 297 1
12500000.000000 1 41
12500000.000000 2 8
12500000.000000 3 4
12500000.000000 6 1
12500000.000000 234 1
12500000.000000 291 1
12550000.000000 1 38
12550000.000000 2 8
12550000.000000 3 4
12550000.000000 4 1
12550000.000000 7 1
12550000.000000 232 1
12550000.000000 291 1
12600000.000000 1 48
12600000.000000 2 7
12600000.000000 3 1
12600000.000000 5 1
12600000.000000 233 1
12600000.000000 297 1
12650000.000000 1 45
12650000.000000 2 7
12650000.000000 4 1
12650000.000000 236 1
12650000.000000 301 1
12700000.000000 1 50
12700000.000000 2 9
12700000.000000 3 3
12700000.000000 227 1
12700000.000000 296 1
12750000.000000 1 52
12750000.000000 2 5
12750000.000000 3 3
12750000.000000 4 1
12750000.000000 7 1
12750000.000000 227 1
12750000.000000 291 1
12800000.000000 1 40
12800000.000000 2 6
12800000.000000 3 6
12800000.000000 4 1
12800000.000000 5 1
12800000.000000 227 1
12800000.000000 294 1
12850000.000000 1 34
12850000.000000 2 8
12850000.000000 3 3
12850000.000000 4 3
12850000.000000 9 1
12850000.000000 227 1
12850000.000000 293 1
12900000.000000 1 42
12900000.000000 2 6
12900000.000000 3 3
12900000.000000 8 1
12900000.000000 226 1
12900000.000000 303 1
12950000.000000 1 49
12950000.000000 2 7
12950000.000000 3 4
12950000.000000 6 1
12950000.000000 7 1
12950000.000000 222 1
12950000.000000 290 1
13000000.000000 1 43
13000000.000000 2 5
13000000.000000 3 4
13000000.000000 4 1
13000000.000000 6 1
13000000.000000 7 1
13000000.000000 228 1
13000000.000000 290 1
13050000.000000 1 43
13050000.000000 2 6
13050000.000000 4 1
13050000.000000 5 1
13050000.000000 6 2
13050000.000000 229 1
13050000.000000 295 1
13100000.000000 1 37
13100000.000000 2 5
13100000.000000 3 2
13100000.000000 4 1
13100000.000000 240 1
13100000.000000 303 1
13150000.000000 1 36
13150000.000000 2 2
13150000.000000 3 6
13150000.000000 5 1
13150000.000000 8 1
13150000.000000 236 1
13150000.000000 293 1
13200000.000000 1 35
13200000.000000 2 8
13200000.000000 3 1
13200000.000000 4 3
13200000.000000 238 1
13200000.000000 296 1
13250000.000000 1 33
13250000.000000 2 10
13250000.000000 3 3
13250000.000000 5 1
13250000.000000 237 1
13250000.000000 296 1
13300000.000000 1 37
13300000.000000 2 6
13300000.000000 5 1
13300000.000000 6 1
13300000.000000 8 1
13300000.000000 239 1
13300000.000000 293 1
13350000.000000 1 43
13350000.000000 2 6
13350000.000000 3 2
13350000.000000 6 1
13350000.000000 238 1
13350000.000000 295 1
13400000.000000 1 34
13400000.000000 2 5
13400000.000000 3 1
13400000.000000 4 1
13400000.000000 6 1
13400000.000000 7 1
13400000.000000 238 1
13400000.000000 298 1
13450000.000000 1 38
13450000.000000 2 8
13450000.000000 5 3
13450000.000000 239 1
13450000.000000 292 1
13500000.000000 1 34
13500000.000000 2 9
13500000.000000 4 3
13500000.000000 5 1
13500000.000000 237 1
13500000.000000 294 1
13550000.000000 1 34
13550000.000000 2 8
13550000.000000 4 1
13550000.000000 6 1
13550000.000000 7 1
13550000.000000 236 1
13550000.000000 297 1
13600000.000000 1 32
13600000.000000 2 5
13600000.000000 3 2
13600000.000000 5 1
13600000.000000 9 1
13600000.000000 239 1
13600000.000000 299 1
13650000.000000 1 44
13650000.000000 2 5
13650000.000000 3 2
13650000.000000 4 2
13650000.000000 232 1
13650000.000000 300 1
13700000.000000 1 38
13700000.000000 2 6
13700000.000000 3 1
13700000.000000 4 2
13700000.000000 7 1
13700000.000000 236 1
13700000.000000 296 1
13750000.000000 1 33
13750000.000000 2 6
13750000.000000 4 1
13750000.000000 6 1
13750000.000000 7 1
13750000.000000 8 1
13750000.000000 235 1
13750000.000000 295 1
13800000.000000 1 47
13800000.000000 2 4
13800000.000000 3 2
13800000.000000 5 1
13800000.000000 7 1
13800000.000000 234 1
13800000.000000 293 1
13850000.000000 1 37
13850000.000000 2 8
13850000.000000 3 2
13850000.000000 4 1
13850000.000000 6 1
13850000.000000 7 1
13850000.000000 231 1
13850000.000000 293 1
13900000.000000 1 38
13900000.000000 2 11
13900000.000000 3 2
13900000.000000 4 1
13900000.000000 234 1
13900000.000000 296 1
13950000.000000 1 39
13950000.000000 2 9
13950000.000000 3 2
13950000.000000 4 1
13950000.000000 5 2
13950000.000000 231 1
13950000.000000 292 1
14000000.000000 1 33
14000000.000000 2 7
14000000.000000 3 2
14000000.000000 4 2
14000000.000000 5 3
14000000.000000 231 1
14000000.000000 293 1
14050000.000000 1 44
14050000.000000 2 7
14050000.000000 3 5
14050000.000000 4 1
14050000.000000 233 1
14050000.000000 290 1
14100000.000000 1 47
14100000.000000 2 6
14100000.000000 3 4
14100000.000000 4 1
14100000.000000 5 1
14100000.000000 230 1
14100000.000000 290 1
14150000.000000 1 40
14150000.000000 2 11
14150000.000000 3 1
14150000.000000 4 1
14150000.000000 5 1
14150000.000000 232 1
14150000.000000 294 1
14200000.000000 1 28
14200000.000000 2 17
14200000.000000 3 2
14200000.000000 6 1
14200000.000000 229 1
14200000.000000 297 1
14250000.000000 1 29
14250000.000000 2 8
14250000.000000 3 4
14250000.000000 4 2
14250000.000000 8 1
14250000.000000 231 1
14250000.000000 296 1
14300000.000000 1 35
14300000.000000 2 8
14300000.000000 3 3
14300000.000000 4 2
14300000.000000 5 1
14300000.000000 8 1
14300000.000000 229 1
14300000.000000 290 1
14350000.000000 1 44
14350000.000000 2 4
14350000.000000 3 3
14350000.000000 4 2
14350000.000000 5 1
14350000.000000 230 1
14350000.000000 296 1
14400000.000000 1 43
14400000.000000 2 9
14400000.000000 3 2
14400000.000000 7 1
14400000.000000 231 1
14400000.000000 295 1
14450000.000000 1 45
14450000.000000 2 9
14450000.000000 3 3
14450000.000000 4 1
14450000.000000 226 1
14450000.000000 298 1
14500000.000000 1 53
14500000.000000 2 7
14500000.000000 3 2
14500000.000000 4 1
14500000.000000 231 1
14500000.000000 292 1
14550000.000000 1 51
14550000.000000 2 7
14550000.000000 3 3
14550000.000000 228 1
14550000.000000 298 1
14600000.000000 1 47
14600000.000000 2 4
14600000.000000 3 2
14600000.000000 4 1
14600000.000000 5 2
14600000.000000 228 1
14600000.000000 297 1
14650000.000000 1 50
14650000.000000 2 4
14650000.000000 3 4
14650000.000000 4 1
14650000.000000 7 1
14650000.000000 234 1
14650000.000000 285 1
14700000.000000 1 53
14700000.000000 2 10
14700000.000000 4 1
14700000.000000 5 1
14700000.000000 231 1
14700000.000000 287 1
14750000.000000 1 52
14750000.000000 2 9
14750000.000000 3 2
14750000.000000 232 1
14750000.000000 292 1
14800000.000000 1 56
14800000.000000 2 11
14800000.000000 3 2
14800000.000000 231 1
14800000.000000 285 1
14850000.000000 1 49
14850000.000000 2 12
14850000.000000 3 2
14850000.000000 5 1
14850000.000000 230 1
14850000.000000 286 1
14900000.000000 1 56
14900000.000000 2 6
14900000.000000 3 2
14900000.000000 4 3
14900000.000000 228 1
14900000.000000 286 1
14950000.000000 1 56
14950000.000000 2 12
14950000.000000 232 1
14950000.000000 288 1
15000000.000000 1 63
15000000.000000 2 8
15000000.000000 3 2
15000000.000000 232 1
15000000.000000 283 1
15050000.000000 1 49
15050000.000000 2 17
15050000.000000 3 2
15050000.000000 232 1
15050000.000000 279 1
15100000.000000 1 53
15100000.000000 2 9
15100000.000000 3 1
15100000.000000 4 1
15100000.000000 235 1
15100000.000000 287 1
15150000.000000 1 55
15150000.000000 2 12
15150000.000000 3 3
15150000.000000 230 1
15150000.000000 282 1
15200000.000000 1 37
15200000.000000 2 12
15200000.000000 3 2
15200000.000000 4 2
15200000.000000 236 1
15200000.000000 289 1
15250000.000000 1 37
15250000.000000 2 9
15250000.000000 3 5
15250000.000000 4 1
15250000.000000 5 2
15250000.000000 228 1
15250000.000000 288 1
15300000.000000 1 52
15300000.000000 2 7
15300000.000000 3 4
15300000.000000 4 2
15300000.000000 227 1
15300000.000000 287 1
15350000.000000 1 54
15350000.000000 2 8
15350000.000000 3 3
15350000.000000 4 1
15350000.000000 228 1
15350000.000000 289 1
15400000.000000 1 51
15400000.000000 2 9
15400000.000000 3 3
15400000.000000 4 1
15400000.000000 226 1
15400000.000000 292 1
15450000.000000 1 46
15450000.000000 2 12
15450000.000000 3 3
15450000.000000 4 2
15450000.000000 228 1
15450000.000000 285 1
15500000.000000 1 51
15500000.000000 2 13
15500000.000000 3 1
15500000.000000 4 2
15500000.000000 224 1
15500000.000000 288 1
15550000.000000 1 41
15550000.000000 2 11
15550000.000000 3 1
15550000.000000 4 2
15550000.000000 6 1
15550000.000000 228 1
15550000.000000 292 1
15600000.000000 1 31
15600000.000000 2 13
15600000.000000 3 4
15600000.000000 4 1
15600000.000000 229 1
15600000.000000 298 1
15650000.000000 1 51
15650000.000000 2 10
15650000.000000 3 1
15650000.000000 4 2
15650000.000000 227 1
15650000.000000 291 1
15700000.000000 1 43
15700000.000000 2 9
15700000.000000 3 5
15700000.000000 4 1
15700000.000000 226 1
15700000.000000 294 1
15750000.000000 1 59
15750000.000000 2 6
15750000.000000 3 1
15750000.000000 4 1
15750000.000000 228 1
15750000.000000 294 1
15800000.000000 1 49
15800000.000000 2 4
15800000.000000 3 4
15800000.000000 6 1
15800000.000000 229 1
15800000.000000 296 1
15850000.000000 1 46
15850000.000000 2 8
15850000.000000 3 1
15850000.000000 5 1
15850000.000000 235 1
15850000.000000 295 1
15900000.000000 1 45
15900000.000000 2 10
15900000.000000 3 3
15900000.000000 4 1
15900000.000000 231 1
15900000.000000 291 1
15950000.000000 1 42
15950000.000000 2 10
15950000.000000 3 3
15950000.000000 5 1
15950000.000000 233 1
15950000.000000 291 1
16000000.000000 1 53
16000000.000000 2 6
16000000.000000 3 2
16000000.000000 4 2
16000000.000000 233 1
16000000.000000 288 1
16050000.000000 1 41
16050000.000000 2 6
16050000.000000 3 6
16050000.000000 232 1
16050000.000000 297 1
16100000.000000 1 42
16100000.000000 2 8
16100000.000000 3 3
16100000.000000 5 1
16100000.000000 233 1
16100000.000000 295 1
16150000.000000 1 37
16150000.000000 2 10
16150000.000000 3 5
16150000.000000 232 1
16150000.000000 296 1
16200000.000000 1 50
16200000.000000 2 9
16200000.000000 3 1
16200000.000000 4 1
16200000.000000 233 1
16200000.000000 292 1
16250000.000000 1 61
16250000.000000 2 8
16250000.000000 3 2
16250000.000000 231 1
16250000.000000 286 1
16300000.000000 1 50
16300000.000000 2 9
16300000.000000 3 3
16300000.000000 231 1
16300000.000000 292 1
16350000.000000 1 43
16350000.000000 2 11
16350000.000000 3 1
16350000.000000 5 2
16350000.000000 234 1
16350000.000000 288 1
16400000.000000 1 41
16400000.000000 2 9
16400000.000000 3 3
16400000.000000 4 1
16400000.000000 5 2
16400000.000000 234 1
16400000.000000 284 1
16450000.000000 1 39
16450000.000000 2 9
16450000.000000 3 5
16450000.000000 4 2
16450000.000000 234 1
16450000.000000 286 1
16500000.000000 1 43
16500000.000000 2 5
16500000.000000 3 7
16500000.000000 4 2
16500000.000000 231 1
16500000.000000 287 1
16550000.000000 1 34
16550000.000000 2 12
16550000.000000 3 4
16550000.000000 242 1
16550000.000000 288 1
16600000.000000 1 43
16600000.000000 2 9
16600000.000000 3 5
16600000.000000 6 1
16600000.000000 232 1
16600000.000000 286 1
16650000.000000 1 41
16650000.000000 2 6
16650000.000000 3 4
16650000.000000 5 1
16650000.000000 6 1
16650000.000000 238 1
16650000.000000 286 1
16700000.000000 1 40
16700000.000000 2 9
16700000.000000 3 1
16700000.000000 4 3
16700000.000000 238 1
16700000.000000 289 1
16750000.000000 1 43
16750000.000000 2 10
16750000.000000 3 2
16750000.000000 4 1
16750000.000000 236 1
16750000.000000 291 1
16800000.000000 1 43
16800000.000000 2 7
16800000.000000 3 3
16800000.000000 5 2
16800000.000000 234 1
16800000.000000 290 1
16850000.000000 1 43
16850000.000000 2 7
16850000.000000 3 4
16850000.000000 4 1
16850000.000000 5 1
16850000.000000 233 1
16850000.000000 289 1
16900000.000000 1 42
16900000.000000 2 11
16900000.000000 3 4
16900000.000000 4 1
16900000.000000 234 1
16900000.000000 286 1
16950000.000000 1 40
16950000.000000 2 14
16950000.000000 3 1
16950000.000000 4 2
16950000.000000 235 1
16950000.000000 286 1
17000000.000000 1 44
17000000.000000 2 4
17000000.000000 3 6
17000000.000000 4 1
17000000.000000 240 1
17000000.000000 286 1
17050000.000000 1 36
17050000.000000 2 15
17050000.000000 3 2
17050000.000000 4 2
17050000.000000 234 1
17050000.000000 286 1
17100000.000000 1 35
17100000.000000 2 8
17100000.000000 3 1
17100000.000000 4 2
17100000.000000 6 2
17100000.000000 7 1
17100000.000000 234 1
17100000.000000 285 1
17150000.000000 1 36
17150000.000000 2 6
17150000.000000 3 2
17150000.000000 4 2
17150000.000000 5 1
17150000.000000 6 2
17150000.000000 235 1
17150000.000000 286 1
17200000.000000 1 37
17200000.000000 2 9
17200000.000000 3 3
17200000.000000 4 2
17200000.000000 6 1
17200000.000000 237 1
17200000.000000 285 1
17250000.000000 1 43
17250000.000000 2 6
17250000.000000 3 4
17250000.000000 4 1
17250000.000000 237 1
17250000.000000 292 1
17300000.000000 1 40
17300000.000000 2 7
17300000.000000 3 3
17300000.000000 4 2
17300000.000000 238 1
17300000.000000 291 1
17350000.000000 1 45
17350000.000000 2 5
17350000.000000 3 3
17350000.000000 4 2
17350000.000000 237 1
17350000.000000 291 1
17400000.000000 1 36
17400000.000000 2 6
17400000.000000 3 4
17400000.000000 4 2
17400000.000000 5 1
17400000.000000 240 1
17400000.000000 287 1
17450000.000000 1 42
17450000.000000 2 9
17450000.000000 3 3
17450000.000000 4 3
17450000.000000 5 1
17450000.000000 232 1
17450000.000000 282 1
17500000.000000 1 46
17500000.000000 2 13
17500000.000000 3 1
17500000.000000 4 2
17500000.000000 233 1
17500000.000000 284 1
17550000.000000 1 41
17550000.000000 2 11
17550000.000000 3 3
17550000.000000 4 2
17550000.000000 230 1
17550000.000000 290 1
17600000.000000 1 41
17600000.000000 2 11
17600000.000000 3 1
17600000.000000 4 2
17600000.000000 5 1
17600000.000000 232 1
17600000.000000 289 1
17650000.000000 1 44
17650000.000000 2 6
17650000.000000 3 4
17650000.000000 4 3
17650000.000000 230 1
17650000.000000 290 1
17700000.000000 1 40
17700000.000000 2 9
17700000.000000 3 2
17700000.000000 6 1
17700000.000000 243 1
17700000.000000 287 1
17750000.000000 1 43
17750000.000000 2 6
17750000.000000 3 1
17750000.000000 4 1
17750000.000000 5 1
17750000.000000 6 1
17750000.000000 234 1
17750000.000000 293 1
17800000.000000 1 42
17800000.000000 2 4
17800000.000000 3 2
17800000.000000 4 1
17800000.000000 8 1
17800000.000000 233 1
17800000.000000 299 1
17850000.000000 1 45
17850000.000000 2 10
17850000.000000 3 1
17850000.000000 4 1
17850000.000000 5 1
17850000.000000 6 1
17850000.000000 232 1
17850000.000000 285 1
17900000.000000 1 40
17900000.000000 2 12
17900000.000000 3 2
17900000.000000 4 1
17900000.000000 233 1
17900000.000000 293 1
17950000.000000 1 42
17950000.000000 2 6
17950000.000000 3 2
17950000.000000 4 1
17950000.000000 6 2
17950000.000000 232 1
17950000.000000 292 1
18000000.000000 1 44
18000000.000000 2 4
18000000.000000 3 2
18000000.000000 5 2
18000000.000000 231 1
18000000.000000 301 1
18050000.000000 1 39
18050000.000000 2 4
18050000.000000 3 3
18050000.000000 4 4
18050000.000000 234 1
18050000.000000 294 1
18100000.000000 1 34
18100000.000000 2 7
18100000.000000 4 2
18100000.000000 5 1
18100000.000000 240 1
18100000.000000 299 1
18150000.000000 1 32
18150000.000000 2 8
18150000.000000 3 3
18150000.000000 4 1
18150000.000000 8 1
18150000.000000 232 1
18150000.000000 299 1
18200000.000000 1 35
18200000.000000 2 4
18200000.000000 3 4
18200000.000000 4 1
18200000.000000 240 1
18200000.000000 301 1
18250000.000000 1 28
18250000.000000 2 7
18250000.000000 3 4
18250000.000000 4 2
18250000.000000 242 1
18250000.000000 296 1
18300000.000000 1 43
18300000.000000 2 6
18300000.000000 3 4
18300000.000000 4 1
18300000.000000 5 1
18300000.000000 7 1
18300000.000000 224 1
18300000.000000 293 1
18350000.000000 1 49
18350000.000000 2 7
18350000.000000 3 3
18350000.000000 4 4
18350000.000000 221 1
18350000.000000 291 1
18400000.000000 1 38
18400000.000000 2 9
18400000.000000 3 1
18400000.000000 4 1
18400000.000000 5 3
18400000.000000 6 1
18400000.000000 224 1
18400000.000000 292 1
18450000.000000 1 38
18450000.000000 2 6
18450000.000000 3 4
18450000.000000 5 2
18450000.000000 7 1
18450000.000000 229 1
18450000.000000 292 1
18500000.000000 1 36
18500000.000000 2 7
18500000.000000 3 3
18500000.000000 4 1
18500000.000000 6 2
18500000.000000 228 1
18500000.000000 297 1
18550000.000000 1 47
18550000.000000 2 8
18550000.000000 3 3
18550000.000000 229 1
18550000.000000 299 1
18600000.000000 1 46
18600000.000000 2 7
18600000.000000 3 5
18600000.000000 230 1
18600000.000000 295 1
18650000.000000 1 40
18650000.000000 2 8
18650000.000000 3 2
18650000.000000 4 2
18650000.000000 5 1
18650000.000000 231 1
18650000.000000 294 1
18700000.000000 1 45
18700000.000000 2 7
18700000.000000 3 2
18700000.000000 5 2
18700000.000000 6 1
18700000.000000 226 1
18700000.000000 293 1
18750000.000000 1 36
18750000.000000 2 11
18750000.000000 3 3
18750000.000000 5 1
18750000.000000 239 1
18750000.000000 289 1
18800000.000000 1 43
18800000.000000 2 9
18800000.000000 3 1
18800000.000000 4 3
18800000.000000 9 1
18800000.000000 226 1
18800000.000000 289 1
18850000.000000 1 45
18850000.000000 2 5
18850000.000000 3 3
18850000.000000 4 2
18850000.000000 5 1
18850000.000000 6 1
18850000.000000 228 1
18850000.000000 289 1
18900000.000000 1 43
18900000.000000 2 5
18900000.000000 3 5
18900000.000000 4 1
18900000.000000 5 1
18900000.000000 227 1
18900000.000000 296 1
18950000.000000 1 43
18950000.000000 2 9
18950000.000000 3 1
18950000.000000 4 2
18950000.000000 5 1
18950000.000000 227 1
18950000.000000 296 1
19000000.000000 1 50
19000000.000000 2 9
19000000.000000 3 2
19000000.000000 5 1
19000000.000000 229 1
19000000.000000 292 1
19050000.000000 1 46
19050000.000000 2 10
19050000.000000 3 1
19050000.000000 4 2
19050000.000000 229 1
19050000.000000 294 1
19100000.000000 1 44
19100000.000000 2 7
19100000.000000 3 2
19100000.000000 4 2
19100000.000000 5 1
19100000.000000 228 1
19100000.000000 295 1
19150000.000000 1 52
19150000.000000 2 3
19150000.000000 3 3
19150000.000000 4 2
19150000.000000 5 1
19150000.000000 229 1
19150000.000000 291 1
19200000.000000 1 54
19200000.000000 2 4
19200000.000000 3 2
19200000.000000 4 2
19200000.000000 232 1
19200000.000000 292 1
19250000.000000 1 53
19250000.000000 2 7
19250000.000000 3 3
19250000.000000 5 1
19250000.000000 228 1
19250000.000000 291 1
19300000.000000 1 53
19300000.000000 2 7
19300000.000000 3 1
19300000.000000 4 2
19300000.000000 229 1
19300000.000000 293 1
19350000.000000 1 38
19350000.000000 2 8
19350000.000000 3 3
19350000.000000 4 2
19350000.000000 5 1
19350000.000000 228 1
19350000.000000 296 1
19400000.000000 1 38
19400000.000000 2 17
19400000.000000 3 2
19400000.000000 229 1
19400000.000000 293 1
19450000.000000 1 39
19450000.000000 2 12
19450000.000000 3 1
19450000.000000 4 1
19450000.000000 231 1
19450000.000000 299 1
19500000.000000 1 40
19500000.000000 2 10
19500000.000000 3 2
19500000.000000 4 1
19500000.000000 5 1
19500000.000000 233 1
19500000.000000 292 1
19550000.000000 1 41
19550000.000000 2 7
19550000.000000 3 3
19550000.000000 5 1
19550000.000000 234 1
19550000.000000 297 1
19600000.000000 1 40
19600000.000000 2 10
19600000.000000 3 3
19600000.000000 4 1
19600000.000000 235 1
19600000.000000 292 1
19650000.000000 1 44
19650000.000000 2 10
19650000.000000 3 1
19650000.000000 233 1
19650000.000000 300 1
19700000.000000 1 35
19700000.000000 2 13
19700000.000000 3 1
19700000.000000 233 1
19700000.000000 303 1
19750000.000000 1 53
19750000.000000 2 7
19750000.000000 3 1
19750000.000000 230 1
19750000.000000 300 1
19800000.000000 1 40
19800000.000000 2 9
19800000.000000 3 2
19800000.000000 4 1
19800000.000000 5 1
19800000.000000 230 1
19800000.000000 297 1
19850000.000000 1 33
19850000.000000 2 7
19850000.000000 3 3
19850000.000000 4 1
19850000.000000 5 1
19850000.000000 231 1
19850000.000000 304 1
19900000.000000 1 37
19900000.000000 2 7
19900000.000000 3 1
19900000.000000 4 1
19900000.000000 5 1
19900000.000000 234 1
19900000.000000 303 1
19950000.000000 1 45
19950000.000000 2 5
19950000.000000 4 2
19950000.000000 5 1
19950000.000000 231 1
19950000.000000 301 1
20000000.000000 1 40
20000000.000000 2 6
20000000.000000 3 4
20000000.000000 234 1
20000000.000000 302 1
