# time largest_cluster_fraction_percent
50000.000000 100.0000000000
100000.000000 98.8333333333
150000.000000 98.0000000000
200000.000000 96.0000000000
250000.000000 96.0000000000
300000.000000 97.0000000000
350000.000000 95.3333333333
400000.000000 95.3333333333
450000.000000 96.5000000000
500000.000000 95.1666666667
550000.000000 94.8333333333
600000.000000 93.5000000000
650000.000000 93.8333333333
700000.000000 92.0000000000
750000.000000 92.8333333333
800000.000000 91.0000000000
850000.000000 90.6666666667
900000.000000 94.1666666667
950000.000000 89.5000000000
1000000.000000 90.1666666667
1050000.000000 90.6666666667
1100000.000000 90.6666666667
1150000.000000 89.5000000000
1200000.000000 90.1666666667
1250000.000000 88.5000000000
1300000.000000 84.8333333333
1350000.000000 85.3333333333
1400000.000000 49.3333333333
1450000.000000 47.5000000000
1500000.000000 51.3333333333
1550000.000000 88.5000000000
1600000.000000 88.5000000000
1650000.000000 88.0000000000
1700000.000000 53.3333333333
1750000.000000 54.0000000000
1800000.000000 87.5000000000
1850000.000000 86.6666666667
1900000.000000 51.3333333333
1950000.000000 86.8333333333
2000000.000000 48.8333333333
2050000.000000 49.1666666667
2100000.000000 51.1666666667
2150000.000000 50.6666666667
2200000.000000 50.1666666667
2250000.000000 48.8333333333
2300000.000000 49.8333333333
2350000.000000 49.1666666667
2400000.000000 88.5000000000
2450000.000000 50.5000000000
2500000.000000 49.5000000000
2550000.000000 48.5000000000
2600000.000000 48.6666666667
2650000.000000 47.8333333333
2700000.000000 48.1666666667
2750000.000000 48.0000000000
2800000.000000 47.8333333333
2850000.000000 47.6666666667
2900000.000000 47.8333333333
2950000.000000 48.5000000000
3000000.000000 47.6666666667
3050000.000000 47.5000000000
3100000.000000 48.1666666667
3150000.000000 47.3333333333
3200000.000000 47.5000000000
3250000.000000 46.8333333333
3300000.000000 47.1666666667
3350000.000000 48.1666666667
3400000.000000 86.3333333333
3450000.000000 88.3333333333
3500000.000000 47.8333333333
3550000.000000 47.5000000000
3600000.000000 47.5000000000
3650000.000000 48.3333333333
3700000.000000 47.8333333333
3750000.000000 47.5000000000
3800000.000000 47.1666666667
3850000.000000 47.3333333333
3900000.000000 49.1666666667
3950000.000000 48.5000000000
4000000.000000 48.8333333333
4050000.000000 48.6666666667
4100000.000000 48.8333333333
4150000.000000 47.1666666667
4200000.000000 47.8333333333
4250000.000000 47.3333333333
4300000.000000 47.8333333333
4350000.000000 47.8333333333
4400000.000000 47.6666666667
4450000.000000 46.8333333333
4500000.000000 46.5000000000
4550000.000000 46.1666666667
4600000.000000 46.1666666667
4650000.000000 47.1666666667
4700000.000000 46.3333333333
4750000.000000 46.5000000000
4800000.000000 47.1666666667
4850000.000000 46.6666666667
4900000.000000 47.5000000000
4950000.000000 47.6666666667
5000000.000000 47.6666666667
5050000.000000 47.0000000000
5100000.000000 47.6666666667
5150000.000000 48.3333333333
5200000.000000 48.0000000000
5250000.000000 48.0000000000
5300000.000000 48.8333333333
5350000.000000 48.0000000000
5400000.000000 48.3333333333
5450000.000000 48.6666666667
5500000.000000 47.0000000000
5550000.000000 47.8333333333
5600000.000000 46.6666666667
5650000.000000 47.6666666667
5700000.000000 47.6666666667
5750000.000000 48.5000000000
5800000.000000 48.6666666667
5850000.000000 48.8333333333
5900000.000000 48.5000000000
5950000.000000 48.5000000000
6000000.000000 48.6666666667
6050000.000000 49.1666666667
6100000.000000 48.5000000000
6150000.000000 48.0000000000
6200000.000000 47.3333333333
6250000.000000 47.3333333333
6300000.000000 47.8333333333
6350000.000000 47.1666666667
6400000.000000 48.1666666667
6450000.000000 48.1666666667
6500000.000000 88.8333333333
6550000.000000 47.1666666667
6600000.000000 47.3333333333
6650000.000000 47.3333333333
6700000.000000 88.8333333333
6750000.000000 47.5000000000
6800000.000000 46.8333333333
6850000.000000 46.8333333333
6900000.000000 46.3333333333
6950000.000000 86.6666666667
7000000.000000 87.8333333333
7050000.000000 88.5000000000
7100000.000000 48.1666666667
7150000.000000 48.5000000000
7200000.000000 50.0000000000
7250000.000000 49.0000000000
7300000.000000 49.0000000000
7350000.000000 48.1666666667
7400000.000000 48.8333333333
7450000.000000 48.6666666667
7500000.000000 49.0000000000
7550000.000000 48.1666666667
7600000.000000 49.1666666667
7650000.000000 49.3333333333
7700000.000000 89.8333333333
7750000.000000 48.6666666667
7800000.000000 48.8333333333
7850000.000000 49.1666666667
7900000.000000 49.3333333333
7950000.000000 49.5000000000
8000000.000000 49.0000000000
8050000.000000 47.6666666667
8100000.000000 48.3333333333
8150000.000000 49.5000000000
8200000.000000 50.0000000000
8250000.000000 49.8333333333
8300000.000000 49.1666666667
8350000.000000 48.3333333333
8400000.000000 48.5000000000
8450000.000000 49.0000000000
8500000.000000 49.0000000000
8550000.000000 48.3333333333
8600000.000000 49.8333333333
8650000.000000 49.0000000000
8700000.000000 49.3333333333
8750000.000000 48.8333333333
8800000.000000 48.6666666667
8850000.000000 49.1666666667
8900000.000000 48.6666666667
8950000.000000 49.1666666667
9000000.000000 49.8333333333
9050000.000000 48.5000000000
9100000.000000 48.6666666667
9150000.000000 48.1666666667
9200000.000000 48.0000000000
9250000.000000 47.6666666667
9300000.000000 48.1666666667
9350000.000000 48.3333333333
9400000.000000 48.0000000000
9450000.000000 47.8333333333
9500000.000000 48.1666666667
9550000.000000 48.6666666667
9600000.000000 48.1666666667
9650000.000000 49.6666666667
9700000.000000 48.8333333333
9750000.000000 47.8333333333
9800000.000000 49.1666666667
9850000.000000 49.3333333333
9900000.000000 49.5000000000
9950000.000000 49.8333333333
10000000.000000 49.5000000000
10050000.000000 49.6666666667
10100000.000000 49.5000000000
10150000.000000 49.3333333333
10200000.000000 49.6666666667
10250000.000000 49.5000000000
10300000.000000 49.8333333333
10350000.000000 51.3333333333
10400000.000000 49.1666666667
10450000.000000 49.1666666667
10500000.000000 49.0000000000
10550000.000000 49.0000000000
10600000.000000 48.3333333333
10650000.000000 49.0000000000
10700000.000000 49.6666666667
10750000.000000 49.8333333333
10800000.000000 49.8333333333
10850000.000000 50.1666666667
10900000.000000 50.1666666667
10950000.000000 50.3333333333
11000000.000000 50.3333333333
11050000.000000 49.6666666667
11100000.000000 49.0000000000
11150000.000000 49.1666666667
11200000.000000 48.6666666667
11250000.000000 48.8333333333
11300000.000000 48.5000000000
11350000.000000 49.5000000000
11400000.000000 50.1666666667
11450000.000000 49.3333333333
11500000.000000 49.1666666667
11550000.000000 49.0000000000
11600000.000000 49.5000000000
11650000.000000 49.5000000000
11700000.000000 49.6666666667
11750000.000000 50.0000000000
11800000.000000 49.3333333333
11850000.000000 50.3333333333
11900000.000000 49.8333333333
11950000.000000 49.5000000000
12000000.000000 49.1666666667
12050000.000000 48.5000000000
12100000.000000 48.5000000000
12150000.000000 48.1666666667
12200000.000000 49.0000000000
12250000.000000 49.1666666667
12300000.000000 48.5000000000
12350000.000000 49.1666666667
12400000.000000 49.5000000000
12450000.000000 49.5000000000
12500000.000000 48.5000000000
12550000.000000 48.5000000000
12600000.000000 49.5000000000
12650000.000000 50.1666666667
12700000.000000 49.3333333333
12750000.000000 48.5000000000
12800000.000000 49.0000000000
12850000.000000 48.8333333333
12900000.000000 50.5000000000
12950000.000000 48.3333333333
13000000.000000 48.3333333333
13050000.000000 49.1666666667
13100000.000000 50.5000000000
13150000.000000 48.8333333333
13200000.000000 49.3333333333
13250000.000000 49.3333333333
13300000.000000 48.8333333333
13350000.000000 49.1666666667
13400000.000000 49.6666666667
13450000.000000 48.6666666667
13500000.000000 49.0000000000
13550000.000000 49.5000000000
13600000.000000 49.8333333333
13650000.000000 50.0000000000
13700000.000000 49.3333333333
13750000.000000 49.1666666667
13800000.000000 48.8333333333
13850000.000000 48.8333333333
13900000.000000 49.3333333333
13950000.000000 48.6666666667
14000000.000000 48.8333333333
14050000.000000 48.3333333333
14100000.000000 48.3333333333
14150000.000000 49.0000000000
14200000.000000 49.5000000000
14250000.000000 49.3333333333
14300000.000000 48.3333333333
14350000.000000 49.3333333333
14400000.000000 49.1666666667
14450000.000000 49.6666666667
14500000.000000 48.6666666667
14550000.000000 49.6666666667
14600000.000000 49.5000000000
14650000.000000 47.5000000000
14700000.000000 47.8333333333
14750000.000000 48.6666666667
14800000.000000 47.5000000000
14850000.000000 47.6666666667
14900000.000000 47.6666666667
14950000.000000 48.0000000000
15000000.000000 47.1666666667
15050000.000000 46.5000000000
15100000.000000 47.8333333333
15150000.000000 47.0000000000
15200000.000000 48.1666666667
15250000.000000 48.0000000000
15300000.000000 47.8333333333
15350000.000000 48.1666666667
15400000.000000 48.6666666667
15450000.000000 47.5000000000
15500000.000000 48.0000000000
15550000.000000 48.6666666667
15600000.000000 49.6666666667
15650000.000000 48.5000000000
15700000.000000 49.0000000000
15750000.000000 49.0000000000
15800000.000000 49.3333333333
15850000.000000 49.1666666667
15900000.000000 48.5000000000
15950000.000000 48.5000000000
16000000.000000 48.0000000000
16050000.000000 49.5000000000
16100000.000000 49.1666666667
16150000.000000 49.3333333333
16200000.000000 48.6666666667
16250000.000000 47.6666666667
16300000.000000 48.6666666667
16350000.000000 48.0000000000
16400000.000000 47.3333333333
16450000.000000 47.6666666667
16500000.000000 47.8333333333
16550000.000000 48.0000000000
16600000.000000 47.6666666667
16650000.000000 47.6666666667
16700000.000000 48.1666666667
16750000.000000 48.5000000000
16800000.000000 48.3333333333
16850000.000000 48.1666666667
16900000.000000 47.6666666667
16950000.000000 47.6666666667
17000000.000000 47.6666666667
17050000.000000 47.6666666667
17100000.000000 47.5000000000
17150000.000000 47.6666666667
17200000.000000 47.5000000000
17250000.000000 48.6666666667
17300000.000000 48.5000000000
17350000.000000 48.5000000000
17400000.000000 47.8333333333
17450000.000000 47.0000000000
17500000.000000 47.3333333333
17550000.000000 48.3333333333
17600000.000000 48.1666666667
17650000.000000 48.3333333333
17700000.000000 47.8333333333
17750000.000000 48.8333333333
17800000.000000 49.8333333333
17850000.000000 47.5000000000
17900000.000000 48.8333333333
17950000.000000 48.6666666667
18000000.000000 50.1666666667
18050000.000000 49.0000000000
18100000.000000 49.8333333333
18150000.000000 49.8333333333
18200000.000000 50.1666666667
18250000.000000 49.3333333333
18300000.000000 48.8333333333
18350000.000000 48.5000000000
18400000.000000 48.6666666667
18450000.000000 48.6666666667
18500000.000000 49.5000000000
18550000.000000 49.8333333333
18600000.000000 49.1666666667
18650000.000000 49.0000000000
18700000.000000 48.8333333333
18750000.000000 48.1666666667
18800000.000000 48.1666666667
18850000.000000 48.1666666667
18900000.000000 49.3333333333
18950000.000000 49.3333333333
19000000.000000 48.6666666667
19050000.000000 49.0000000000
19100000.000000 49.1666666667
19150000.000000 48.5000000000
19200000.000000 48.6666666667
19250000.000000 48.5000000000
19300000.000000 48.8333333333
19350000.000000 49.3333333333
19400000.000000 48.8333333333
19450000.000000 49.8333333333
19500000.000000 48.6666666667
19550000.000000 49.5000000000
19600000.000000 48.6666666667
19650000.000000 50.0000000000
19700000.000000 50.5000000000
19750000.000000 50.0000000000
19800000.000000 49.5000000000
19850000.000000 50.6666666667
19900000.000000 50.5000000000
19950000.000000 50.1666666667
20000000.000000 50.3333333333
