# time cluster_size count
50000.000000 1 2
50000.000000 598 1
100000.000000 1 5
100000.000000 595 1
150000.000000 1 7
150000.000000 2 2
150000.000000 589 1
200000.000000 1 8
200000.000000 2 1
200000.000000 3 1
200000.000000 587 1
250000.000000 1 14
250000.000000 2 1
250000.000000 3 1
250000.000000 581 1
300000.000000 1 17
300000.000000 2 1
300000.000000 3 1
300000.000000 578 1
350000.000000 1 20
350000.000000 2 3
350000.000000 3 1
350000.000000 571 1
400000.000000 1 17
400000.000000 2 3
400000.000000 3 1
400000.000000 574 1
450000.000000 1 21
450000.000000 2 4
450000.000000 5 1
450000.000000 566 1
500000.000000 1 24
500000.000000 3 1
500000.000000 573 1
550000.000000 1 17
550000.000000 2 4
550000.000000 3 2
550000.000000 569 1
600000.000000 1 26
600000.000000 2 4
600000.000000 3 1
600000.000000 4 1
600000.000000 6 1
600000.000000 553 1
650000.000000 1 32
650000.000000 2 3
650000.000000 3 1
650000.000000 559 1
700000.000000 1 26
700000.000000 2 3
700000.000000 3 3
700000.000000 4 1
700000.000000 555 1
750000.000000 1 29
750000.000000 2 6
750000.000000 3 3
750000.000000 550 1
800000.000000 1 23
800000.000000 2 9
800000.000000 3 2
800000.000000 4 1
800000.000000 549 1
850000.000000 1 27
850000.000000 2 9
850000.000000 10 1
850000.000000 545 1
900000.000000 1 32
900000.000000 2 7
900000.000000 3 2
900000.000000 10 1
900000.000000 538 1
950000.000000 1 37
950000.000000 2 6
950000.000000 5 1
950000.000000 8 1
950000.000000 538 1
1000000.000000 1 37
1000000.000000 2 4
1000000.000000 3 3
1000000.000000 7 1
1000000.000000 539 1
1050000.000000 1 33
1050000.000000 2 8
1050000.000000 3 2
1050000.000000 4 2
1050000.000000 5 1
1050000.000000 532 1
1100000.000000 1 42
1100000.000000 2 5
1100000.000000 3 2
1100000.000000 4 3
1100000.000000 5 1
1100000.000000 6 1
1100000.000000 519 1
1150000.000000 1 36
1150000.000000 2 2
1150000.000000 3 4
1150000.000000 6 2
1150000.000000 14 1
1150000.000000 522 1
1200000.000000 1 40
1200000.000000 2 5
1200000.000000 3 3
1200000.000000 4 1
1200000.000000 7 1
1200000.000000 530 1
1250000.000000 1 40
1250000.000000 2 6
1250000.000000 4 2
1250000.000000 540 1
1300000.000000 1 40
1300000.000000 2 5
1300000.000000 3 2
1300000.000000 4 2
1300000.000000 5 1
1300000.000000 531 1
1350000.000000 1 36
1350000.000000 2 6
1350000.000000 3 2
1350000.000000 4 3
1350000.000000 534 1
1400000.000000 1 32
1400000.000000 2 8
1400000.000000 3 4
1400000.000000 540 1
1450000.000000 1 37
1450000.000000 2 5
1450000.000000 3 2
1450000.000000 4 1
1450000.000000 5 1
1450000.000000 538 1
1500000.000000 1 43
1500000.000000 2 5
1500000.000000 3 3
1500000.000000 4 1
1500000.000000 534 1
1550000.000000 1 30
1550000.000000 2 6
1550000.000000 3 4
1550000.000000 4 1
1550000.000000 6 1
1550000.000000 536 1
1600000.000000 1 39
1600000.000000 2 6
1600000.000000 3 1
1600000.000000 4 1
1600000.000000 542 1
1650000.000000 1 41
1650000.000000 2 6
1650000.000000 547 1
1700000.000000 1 33
1700000.000000 2 6
1700000.000000 3 1
1700000.000000 4 1
1700000.000000 548 1
1750000.000000 1 29
1750000.000000 2 6
1750000.000000 3 1
1750000.000000 4 3
1750000.000000 544 1
1800000.000000 1 37
1800000.000000 2 7
1800000.000000 3 1
1800000.000000 546 1
1850000.000000 1 41
1850000.000000 2 5
1850000.000000 3 1
1850000.000000 546 1
1900000.000000 1 44
1900000.000000 2 4
1900000.000000 548 1
1950000.000000 1 39
1950000.000000 2 2
1950000.000000 3 1
1950000.000000 554 1
2000000.000000 1 43
2000000.000000 2 3
2000000.000000 3 1
2000000.000000 548 1
2050000.000000 1 46
2050000.000000 554 1
2100000.000000 1 46
2100000.000000 2 4
2100000.000000 3 1
2100000.000000 543 1
2150000.000000 1 28
2150000.000000 2 6
2150000.000000 3 1
2150000.000000 4 1
2150000.000000 553 1
2200000.000000 1 38
2200000.000000 2 8
2200000.000000 3 1
2200000.000000 543 1
2250000.000000 1 32
2250000.000000 2 9
2250000.000000 3 1
2250000.000000 5 1
2250000.000000 542 1
2300000.000000 1 40
2300000.000000 2 8
2300000.000000 544 1
2350000.000000 1 46
2350000.000000 2 4
2350000.000000 546 1
2400000.000000 1 47
2400000.000000 2 4
2400000.000000 545 1
2450000.000000 1 42
2450000.000000 2 2
2450000.000000 3 1
2450000.000000 4 1
2450000.000000 547 1
2500000.000000 1 33
2500000.000000 2 6
2500000.000000 3 2
2500000.000000 4 1
2500000.000000 545 1
2550000.000000 1 41
2550000.000000 2 5
2550000.000000 549 1
2600000.000000 1 43
2600000.000000 2 5
2600000.000000 3 1
2600000.000000 544 1
2650000.000000 1 48
2650000.000000 2 5
2650000.000000 542 1
2700000.000000 1 42
2700000.000000 2 8
2700000.000000 542 1
2750000.000000 1 42
2750000.000000 2 8
2750000.000000 3 1
2750000.000000 539 1
2800000.000000 1 49
2800000.000000 2 4
2800000.000000 3 1
2800000.000000 540 1
2850000.000000 1 51
2850000.000000 2 4
2850000.000000 541 1
2900000.000000 1 38
2900000.000000 2 7
2900000.000000 3 2
2900000.000000 542 1
2950000.000000 1 37
2950000.000000 2 9
2950000.000000 3 1
2950000.000000 542 1
3000000.000000 1 43
3000000.000000 2 5
3000000.000000 3 2
3000000.000000 541 1
3050000.000000 1 36
3050000.000000 2 9
3050000.000000 3 2
3050000.000000 540 1
3100000.000000 1 34
3100000.000000 2 6
3100000.000000 3 2
3100000.000000 4 1
3100000.000000 544 1
3150000.000000 1 36
3150000.000000 2 5
3150000.000000 3 3
3150000.000000 545 1
3200000.000000 1 37
3200000.000000 2 2
3200000.000000 3 4
3200000.000000 7 1
3200000.000000 540 1
3250000.000000 1 42
3250000.000000 2 4
3250000.000000 3 1
3250000.000000 4 1
3250000.000000 543 1
3300000.000000 1 33
3300000.000000 2 8
3300000.000000 3 1
3300000.000000 4 1
3300000.000000 544 1
3350000.000000 1 43
3350000.000000 2 4
3350000.000000 3 1
3350000.000000 4 1
3350000.000000 542 1
3400000.000000 1 43
3400000.000000 2 6
3400000.000000 3 1
3400000.000000 542 1
3450000.000000 1 36
3450000.000000 2 8
3450000.000000 3 1
3450000.000000 545 1
3500000.000000 1 38
3500000.000000 2 7
3500000.000000 5 1
3500000.000000 543 1
3550000.000000 1 45
3550000.000000 2 4
3550000.000000 3 1
3550000.000000 5 1
3550000.000000 539 1
3600000.000000 1 37
3600000.000000 2 8
3600000.000000 3 1
3600000.000000 544 1
3650000.000000 1 42
3650000.000000 2 6
3650000.000000 3 2
3650000.000000 4 1
3650000.000000 536 1
3700000.000000 1 34
3700000.000000 2 8
3700000.000000 3 2
3700000.000000 4 1
3700000.000000 540 1
3750000.000000 1 38
3750000.000000 2 8
3750000.000000 4 1
3750000.000000 542 1
3800000.000000 1 38
3800000.000000 2 7
3800000.000000 3 1
3800000.000000 5 1
3800000.000000 540 1
3850000.000000 1 43
3850000.000000 2 5
3850000.000000 3 3
3850000.000000 538 1
3900000.000000 1 40
3900000.000000 2 5
3900000.000000 3 2
3900000.000000 4 1
3900000.000000 540 1
3950000.000000 1 39
3950000.000000 2 6
3950000.000000 3 3
3950000.000000 4 1
3950000.000000 536 1
4000000.000000 1 33
4000000.000000 2 8
4000000.000000 3 2
4000000.000000 4 1
4000000.000000 541 1
4050000.000000 1 38
4050000.000000 2 7
4050000.000000 3 2
4050000.000000 4 1
4050000.000000 538 1
4100000.000000 1 35
4100000.000000 2 6
4100000.000000 3 2
4100000.000000 4 1
4100000.000000 543 1
4150000.000000 1 29
4150000.000000 2 5
4150000.000000 3 2
4150000.000000 4 1
4150000.000000 551 1
4200000.000000 1 44
4200000.000000 2 4
4200000.000000 3 2
4200000.000000 542 1
4250000.000000 1 34
4250000.000000 2 10
4250000.000000 3 1
4250000.000000 4 1
4250000.000000 539 1
4300000.000000 1 37
4300000.000000 2 5
4300000.000000 4 1
4300000.000000 5 1
4300000.000000 544 1
4350000.000000 1 39
4350000.000000 2 8
4350000.000000 5 1
4350000.000000 540 1
4400000.000000 1 40
4400000.000000 2 8
4400000.000000 3 2
4400000.000000 538 1
4450000.000000 1 37
4450000.000000 2 6
4450000.000000 3 2
4450000.000000 4 1
4450000.000000 541 1
4500000.000000 1 39
4500000.000000 2 3
4500000.000000 3 3
4500000.000000 4 1
4500000.000000 542 1
4550000.000000 1 36
4550000.000000 2 9
4550000.000000 3 1
4550000.000000 4 1
4550000.000000 539 1
4600000.000000 1 36
4600000.000000 2 9
4600000.000000 3 1
4600000.000000 543 1
4650000.000000 1 37
4650000.000000 2 9
4650000.000000 4 1
4650000.000000 541 1
4700000.000000 1 34
4700000.000000 2 5
4700000.000000 3 4
4700000.000000 4 1
4700000.000000 540 1
4750000.000000 1 30
4750000.000000 2 12
4750000.000000 3 2
4750000.000000 51 1
4750000.000000 489 1
4800000.000000 1 47
4800000.000000 2 7
4800000.000000 3 2
4800000.000000 4 1
4800000.000000 529 1
4850000.000000 1 41
4850000.000000 2 7
4850000.000000 3 2
4850000.000000 539 1
4900000.000000 1 37
4900000.000000 2 9
4900000.000000 3 5
4900000.000000 530 1
4950000.000000 1 33
4950000.000000 2 11
4950000.000000 3 1
4950000.000000 4 3
4950000.000000 530 1
5000000.000000 1 36
5000000.000000 2 6
5000000.000000 3 2
5000000.000000 4 1
5000000.000000 6 1
5000000.000000 536 1
5050000.000000 1 38
5050000.000000 2 3
5050000.000000 3 4
5050000.000000 6 1
5050000.000000 50 1
5050000.000000 488 1
5100000.000000 1 35
5100000.000000 2 8
5100000.000000 3 1
5100000.000000 6 1
5100000.000000 47 1
5100000.000000 493 1
5150000.000000 1 36
5150000.000000 2 10
5150000.000000 3 1
5150000.000000 47 1
5150000.000000 494 1
5200000.000000 1 37
5200000.000000 2 8
5200000.000000 3 2
5200000.000000 4 1
5200000.000000 49 1
5200000.000000 488 1
5250000.000000 1 43
5250000.000000 2 5
5250000.000000 3 4
5250000.000000 49 1
5250000.000000 486 1
5300000.000000 1 49
5300000.000000 2 6
5300000.000000 8 1
5300000.000000 48 1
5300000.000000 483 1
5350000.000000 1 44
5350000.000000 2 8
5350000.000000 5 1
5350000.000000 43 1
5350000.000000 492 1
5400000.000000 1 33
5400000.000000 2 9
5400000.000000 3 3
5400000.000000 4 1
5400000.000000 46 1
5400000.000000 490 1
5450000.000000 1 35
5450000.000000 2 8
5450000.000000 3 2
5450000.000000 4 1
5450000.000000 43 1
5450000.000000 496 1
5500000.000000 1 39
5500000.000000 2 7
5500000.000000 3 2
5500000.000000 4 1
5500000.000000 5 1
5500000.000000 44 1
5500000.000000 488 1
5550000.000000 1 38
5550000.000000 2 11
5550000.000000 3 3
5550000.000000 42 1
5550000.000000 489 1
5600000.000000 1 46
5600000.000000 2 5
5600000.000000 4 2
5600000.000000 5 1
5600000.000000 39 1
5600000.000000 492 1
5650000.000000 1 42
5650000.000000 2 10
5650000.000000 3 3
5650000.000000 40 1
5650000.000000 489 1
5700000.000000 1 46
5700000.000000 2 6
5700000.000000 3 2
5700000.000000 4 2
5700000.000000 40 1
5700000.000000 488 1
5750000.000000 1 38
5750000.000000 2 7
5750000.000000 3 2
5750000.000000 5 1
5750000.000000 6 1
5750000.000000 40 1
5750000.000000 491 1
5800000.000000 1 45
5800000.000000 2 5
5800000.000000 3 2
5800000.000000 5 1
5800000.000000 6 1
5800000.000000 41 1
5800000.000000 487 1
5850000.000000 1 36
5850000.000000 2 4
5850000.000000 3 3
5850000.000000 7 1
5850000.000000 9 1
5850000.000000 41 1
5850000.000000 490 1
5900000.000000 1 35
5900000.000000 2 7
5900000.000000 3 4
5900000.000000 4 2
5900000.000000 41 1
5900000.000000 490 1
5950000.000000 1 36
5950000.000000 2 6
5950000.000000 3 5
5950000.000000 4 1
5950000.000000 44 1
5950000.000000 489 1
6000000.000000 1 41
6000000.000000 2 6
6000000.000000 3 5
6000000.000000 4 1
6000000.000000 40 1
6000000.000000 488 1
6050000.000000 1 36
6050000.000000 2 12
6050000.000000 3 2
6050000.000000 4 1
6050000.000000 37 1
6050000.000000 493 1
6100000.000000 1 46
6100000.000000 2 12
6100000.000000 530 1
6150000.000000 1 49
6150000.000000 2 9
6150000.000000 3 3
6150000.000000 36 1
6150000.000000 488 1
6200000.000000 1 41
6200000.000000 2 10
6200000.000000 4 2
6200000.000000 531 1
6250000.000000 1 43
6250000.000000 2 7
6250000.000000 3 5
6250000.000000 528 1
6300000.000000 1 40
6300000.000000 2 11
6300000.000000 3 1
6300000.000000 5 1
6300000.000000 530 1
6350000.000000 1 50
6350000.000000 2 6
6350000.000000 3 1
6350000.000000 7 1
6350000.000000 528 1
6400000.000000 1 46
6400000.000000 2 10
6400000.000000 3 1
6400000.000000 4 1
6400000.000000 38 1
6400000.000000 489 1
6450000.000000 1 53
6450000.000000 2 4
6450000.000000 3 1
6450000.000000 4 2
6450000.000000 528 1
6500000.000000 1 46
6500000.000000 2 4
6500000.000000 3 3
6500000.000000 4 2
6500000.000000 42 1
6500000.000000 487 1
6550000.000000 1 41
6550000.000000 2 8
6550000.000000 3 1
6550000.000000 4 1
6550000.000000 42 1
6550000.000000 494 1
6600000.000000 1 35
6600000.000000 2 8
6600000.000000 3 4
6600000.000000 4 2
6600000.000000 36 1
6600000.000000 493 1
6650000.000000 1 36
6650000.000000 2 9
6650000.000000 3 4
6650000.000000 4 2
6650000.000000 33 1
6650000.000000 493 1
6700000.000000 1 48
6700000.000000 2 5
6700000.000000 3 1
6700000.000000 4 1
6700000.000000 7 1
6700000.000000 41 1
6700000.000000 487 1
6750000.000000 1 35
6750000.000000 2 11
6750000.000000 3 6
6750000.000000 4 1
6750000.000000 521 1
6800000.000000 1 35
6800000.000000 2 9
6800000.000000 3 4
6800000.000000 4 1
6800000.000000 42 1
6800000.000000 489 1
6850000.000000 1 45
6850000.000000 2 9
6850000.000000 3 3
6850000.000000 4 1
6850000.000000 36 1
6850000.000000 488 1
6900000.000000 1 40
6900000.000000 2 11
6900000.000000 3 4
6900000.000000 4 1
6900000.000000 33 1
6900000.000000 489 1
6950000.000000 1 43
6950000.000000 2 9
6950000.000000 3 1
6950000.000000 4 2
6950000.000000 5 1
6950000.000000 37 1
6950000.000000 486 1
7000000.000000 1 43
7000000.000000 2 5
7000000.000000 3 3
7000000.000000 4 2
7000000.000000 40 1
7000000.000000 490 1
7050000.000000 1 44
7050000.000000 2 6
7050000.000000 3 6
7050000.000000 36 1
7050000.000000 490 1
7100000.000000 1 43
7100000.000000 2 7
7100000.000000 4 1
7100000.000000 5 2
7100000.000000 38 1
7100000.000000 491 1
7150000.000000 1 46
7150000.000000 2 3
7150000.000000 3 5
7150000.000000 4 2
7150000.000000 6 1
7150000.000000 37 1
7150000.000000 482 1
7200000.000000 1 39
7200000.000000 2 6
7200000.000000 4 4
7200000.000000 5 1
7200000.000000 36 1
7200000.000000 492 1
7250000.000000 1 42
7250000.000000 2 10
7250000.000000 3 2
7250000.000000 4 2
7250000.000000 6 1
7250000.000000 36 1
7250000.000000 482 1
7300000.000000 1 45
7300000.000000 2 2
7300000.000000 3 4
7300000.000000 4 1
7300000.000000 5 1
7300000.000000 37 1
7300000.000000 493 1
7350000.000000 1 38
7350000.000000 2 6
7350000.000000 3 3
7350000.000000 5 1
7350000.000000 7 1
7350000.000000 34 1
7350000.000000 495 1
7400000.000000 1 41
7400000.000000 2 10
7400000.000000 4 1
7400000.000000 6 1
7400000.000000 34 1
7400000.000000 495 1
7450000.000000 1 45
7450000.000000 2 10
7450000.000000 3 2
7450000.000000 4 2
7450000.000000 5 1
7450000.000000 28 1
7450000.000000 488 1
7500000.000000 1 51
7500000.000000 2 10
7500000.000000 3 1
7500000.000000 4 1
7500000.000000 31 1
7500000.000000 491 1
7550000.000000 1 44
7550000.000000 2 7
7550000.000000 3 5
7550000.000000 5 1
7550000.000000 31 1
7550000.000000 491 1
7600000.000000 1 42
7600000.000000 2 11
7600000.000000 3 3
7600000.000000 33 1
7600000.000000 494 1
7650000.000000 1 45
7650000.000000 2 9
7650000.000000 3 2
7650000.000000 5 1
7650000.000000 36 1
7650000.000000 490 1
7700000.000000 1 46
7700000.000000 2 11
7700000.000000 3 2
7700000.000000 35 1
7700000.000000 491 1
7750000.000000 1 43
7750000.000000 2 10
7750000.000000 3 3
7750000.000000 4 2
7750000.000000 32 1
7750000.000000 488 1
7800000.000000 1 44
7800000.000000 2 10
7800000.000000 3 2
7800000.000000 37 1
7800000.000000 493 1
7850000.000000 1 43
7850000.000000 2 7
7850000.000000 3 6
7850000.000000 4 1
7850000.000000 33 1
7850000.000000 488 1
7900000.000000 1 37
7900000.000000 2 15
7900000.000000 3 3
7900000.000000 4 2
7900000.000000 32 1
7900000.000000 484 1
7950000.000000 1 38
7950000.000000 2 8
7950000.000000 3 2
7950000.000000 4 2
7950000.000000 37 1
7950000.000000 495 1
8000000.000000 1 42
8000000.000000 2 9
8000000.000000 3 2
8000000.000000 4 1
8000000.000000 37 1
8000000.000000 493 1
8050000.000000 1 39
8050000.000000 2 8
8050000.000000 3 3
8050000.000000 7 1
8050000.000000 35 1
8050000.000000 494 1
8100000.000000 1 39
8100000.000000 2 9
8100000.000000 4 2
8100000.000000 5 1
8100000.000000 35 1
8100000.000000 495 1
8150000.000000 1 43
8150000.000000 2 7
8150000.000000 3 3
8150000.000000 4 1
8150000.000000 35 1
8150000.000000 495 1
8200000.000000 1 34
8200000.000000 2 11
8200000.000000 3 2
8200000.000000 4 3
8200000.000000 33 1
8200000.000000 493 1
8250000.000000 1 39
8250000.000000 2 6
8250000.000000 3 3
8250000.000000 4 2
8250000.000000 5 2
8250000.000000 30 1
8250000.000000 492 1
8300000.000000 1 43
8300000.000000 2 7
8300000.000000 3 2
8300000.000000 4 3
8300000.000000 30 1
8300000.000000 495 1
8350000.000000 1 46
8350000.000000 2 8
8350000.000000 3 4
8350000.000000 32 1
8350000.000000 494 1
8400000.000000 1 56
8400000.000000 2 4
8400000.000000 3 1
8400000.000000 5 1
8400000.000000 39 1
8400000.000000 489 1
8450000.000000 1 44
8450000.000000 2 9
8450000.000000 3 2
8450000.000000 4 1
8450000.000000 38 1
8450000.000000 490 1
8500000.000000 1 55
8500000.000000 2 8
8500000.000000 3 3
8500000.000000 28 1
8500000.000000 492 1
8550000.000000 1 51
8550000.000000 2 13
8550000.000000 3 1
8550000.000000 31 1
8550000.000000 489 1
8600000.000000 1 52
8600000.000000 2 7
8600000.000000 3 2
8600000.000000 4 1
8600000.000000 33 1
8600000.000000 491 1
8650000.000000 1 44
8650000.000000 2 10
8650000.000000 3 2
8650000.000000 33 1
8650000.000000 497 1
8700000.000000 1 46
8700000.000000 2 9
8700000.000000 3 1
8700000.000000 4 1
8700000.000000 32 1
8700000.000000 497 1
8750000.000000 1 48
8750000.000000 2 6
8750000.000000 3 3
8750000.000000 31 1
8750000.000000 500 1
8800000.000000 1 50
8800000.000000 2 6
8800000.000000 3 3
8800000.000000 29 1
8800000.000000 500 1
8850000.000000 1 47
8850000.000000 2 4
8850000.000000 3 2
8850000.000000 4 2
8850000.000000 29 1
8850000.000000 502 1
8900000.000000 1 40
8900000.000000 2 4
8900000.000000 3 4
8900000.000000 4 1
8900000.000000 31 1
8900000.000000 505 1
8950000.000000 1 44
8950000.000000 2 6
8950000.000000 3 1
8950000.000000 4 1
8950000.000000 31 1
8950000.000000 506 1
9000000.000000 1 41
9000000.000000 2 7
9000000.000000 3 2
9000000.000000 6 1
9000000.000000 30 1
9000000.000000 503 1
9050000.000000 1 46
9050000.000000 2 9
9050000.000000 3 2
9050000.000000 30 1
9050000.000000 500 1
9100000.000000 1 40
9100000.000000 2 8
9100000.000000 3 2
9100000.000000 4 1
9100000.000000 31 1
9100000.000000 503 1
9150000.000000 1 44
9150000.000000 2 2
9150000.000000 3 1
9150000.000000 4 1
9150000.000000 6 1
9150000.000000 539 1
9200000.000000 1 44
9200000.000000 2 4
9200000.000000 3 1
9200000.000000 4 1
9200000.000000 5 1
9200000.000000 32 1
9200000.000000 504 1
9250000.000000 1 46
9250000.000000 2 5
9250000.000000 4 1
9250000.000000 5 1
9250000.000000 33 1
9250000.000000 502 1
9300000.000000 1 48
9300000.000000 2 5
9300000.000000 3 1
9300000.000000 539 1
9350000.000000 1 54
9350000.000000 2 5
9350000.000000 35 1
9350000.000000 501 1
9400000.000000 1 44
9400000.000000 2 7
9400000.000000 3 1
9400000.000000 37 1
9400000.000000 502 1
9450000.000000 1 39
9450000.000000 2 7
9450000.000000 4 1
9450000.000000 6 1
9450000.000000 36 1
9450000.000000 501 1
9500000.000000 1 38
9500000.000000 2 9
9500000.000000 6 1
9500000.000000 34 1
9500000.000000 504 1
9550000.000000 1 33
9550000.000000 2 8
9550000.000000 5 1
9550000.000000 41 1
9550000.000000 505 1
9600000.000000 1 29
9600000.000000 2 7
9600000.000000 3 1
9600000.000000 4 1
9600000.000000 6 1
9600000.000000 41 1
9600000.000000 503 1
9650000.000000 1 34
9650000.000000 2 4
9650000.000000 3 2
9650000.000000 6 1
9650000.000000 41 1
9650000.000000 505 1
9700000.000000 1 32
9700000.000000 2 7
9700000.000000 3 1
9700000.000000 4 2
9700000.000000 543 1
9750000.000000 1 39
9750000.000000 2 6
9750000.000000 3 3
9750000.000000 4 1
9750000.000000 536 1
9800000.000000 1 32
9800000.000000 2 5
9800000.000000 3 2
9800000.000000 4 1
9800000.000000 5 2
9800000.000000 37 1
9800000.000000 501 1
9850000.000000 1 31
9850000.000000 2 6
9850000.000000 3 3
9850000.000000 5 2
9850000.000000 39 1
9850000.000000 499 1
9900000.000000 1 32
9900000.000000 2 11
9900000.000000 3 1
9900000.000000 4 1
9900000.000000 5 1
9900000.000000 34 1
9900000.000000 500 1
9950000.000000 1 38
9950000.000000 2 12
9950000.000000 3 2
9950000.000000 35 1
9950000.000000 497 1
10000000.000000 1 36
10000000.000000 2 6
10000000.000000 3 4
10000000.000000 38 1
10000000.000000 502 1
10050000.000000 1 41
10050000.000000 2 5
10050000.000000 3 2
10050000.000000 4 1
10050000.000000 35 1
10050000.000000 504 1
10100000.000000 1 36
10100000.000000 2 4
10100000.000000 3 5
10100000.000000 541 1
10150000.000000 1 34
10150000.000000 2 7
10150000.000000 3 2
10150000.000000 4 1
10150000.000000 542 1
10200000.000000 1 27
10200000.000000 2 9
10200000.000000 3 1
10200000.000000 4 2
10200000.000000 5 1
10200000.000000 31 1
10200000.000000 508 1
10250000.000000 1 36
10250000.000000 2 8
10250000.000000 4 1
10250000.000000 5 1
10250000.000000 6 1
10250000.000000 28 1
10250000.000000 505 1
10300000.000000 1 42
10300000.000000 2 6
10300000.000000 3 2
10300000.000000 6 1
10300000.000000 28 1
10300000.000000 506 1
10350000.000000 1 47
10350000.000000 2 3
10350000.000000 3 1
10350000.000000 4 2
10350000.000000 35 1
10350000.000000 501 1
10400000.000000 1 48
10400000.000000 2 6
10400000.000000 3 1
10400000.000000 4 1
10400000.000000 33 1
10400000.000000 500 1
10450000.000000 1 39
10450000.000000 2 4
10450000.000000 3 2
10450000.000000 4 2
10450000.000000 539 1
10500000.000000 1 38
10500000.000000 2 6
10500000.000000 4 2
10500000.000000 542 1
10550000.000000 1 43
10550000.000000 2 5
10550000.000000 3 2
10550000.000000 4 1
10550000.000000 537 1
10600000.000000 1 39
10600000.000000 2 10
10600000.000000 3 2
10600000.000000 535 1
10650000.000000 1 41
10650000.000000 2 7
10650000.000000 3 1
10650000.000000 4 1
10650000.000000 538 1
10700000.000000 1 40
10700000.000000 2 6
10700000.000000 3 1
10700000.000000 4 3
10700000.000000 533 1
10750000.000000 1 43
10750000.000000 2 5
10750000.000000 3 1
10750000.000000 544 1
10800000.000000 1 41
10800000.000000 2 10
10800000.000000 539 1
10850000.000000 1 45
10850000.000000 2 4
10850000.000000 3 2
10850000.000000 541 1
10900000.000000 1 38
10900000.000000 2 8
10900000.000000 3 4
10900000.000000 4 1
10900000.000000 530 1
10950000.000000 1 44
10950000.000000 2 4
10950000.000000 3 2
10950000.000000 4 2
10950000.000000 14 1
10950000.000000 520 1
11000000.000000 1 40
11000000.000000 2 4
11000000.000000 3 3
11000000.000000 4 1
11000000.000000 539 1
11050000.000000 1 39
11050000.000000 2 5
11050000.000000 3 2
11050000.000000 4 2
11050000.000000 537 1
11100000.000000 1 34
11100000.000000 2 5
11100000.000000 3 2
11100000.000000 4 3
11100000.000000 6 1
11100000.000000 532 1
11150000.000000 1 38
11150000.000000 2 7
11150000.000000 3 2
11150000.000000 4 1
11150000.000000 5 1
11150000.000000 11 1
11150000.000000 522 1
11200000.000000 1 45
11200000.000000 2 10
11200000.000000 3 1
11200000.000000 4 1
11200000.000000 9 1
11200000.000000 519 1
11250000.000000 1 43
11250000.000000 2 10
11250000.000000 4 1
11250000.000000 8 1
11250000.000000 525 1
11300000.000000 1 38
11300000.000000 2 11
11300000.000000 3 1
11300000.000000 4 1
11300000.000000 6 1
11300000.000000 8 1
11300000.000000 519 1
11350000.000000 1 39
11350000.000000 2 9
11350000.000000 3 2
11350000.000000 4 1
11350000.000000 6 1
11350000.000000 8 1
11350000.000000 519 1
11400000.000000 1 37
11400000.000000 2 10
11400000.000000 4 1
11400000.000000 5 1
11400000.000000 8 1
11400000.000000 526 1
11450000.000000 1 38
11450000.000000 2 7
11450000.000000 3 1
11450000.000000 5 1
11450000.000000 6 1
11450000.000000 7 1
11450000.000000 527 1
11500000.000000 1 46
11500000.000000 2 6
11500000.000000 3 1
11500000.000000 5 1
11500000.000000 7 1
11500000.000000 527 1
11550000.000000 1 50
11550000.000000 2 4
11550000.000000 3 2
11550000.000000 6 1
11550000.000000 530 1
11600000.000000 1 49
11600000.000000 2 5
11600000.000000 3 2
11600000.000000 535 1
11650000.000000 1 39
11650000.000000 2 6
11650000.000000 3 2
11650000.000000 5 2
11650000.000000 7 1
11650000.000000 526 1
11700000.000000 1 42
11700000.000000 2 2
11700000.000000 3 1
11700000.000000 4 2
11700000.000000 6 1
11700000.000000 7 1
11700000.000000 530 1
11750000.000000 1 38
11750000.000000 2 3
11750000.000000 3 1
11750000.000000 4 1
11750000.000000 5 2
11750000.000000 7 1
11750000.000000 532 1
11800000.000000 1 39
11800000.000000 2 5
11800000.000000 3 1
11800000.000000 4 1
11800000.000000 5 1
11800000.000000 539 1
11850000.000000 1 39
11850000.000000 2 11
11850000.000000 3 2
11850000.000000 4 2
11850000.000000 525 1
11900000.000000 1 48
11900000.000000 2 8
11900000.000000 3 1
11900000.000000 533 1
11950000.000000 1 35
11950000.000000 2 8
11950000.000000 3 2
11950000.000000 4 1
11950000.000000 5 1
11950000.000000 534 1
12000000.000000 1 43
12000000.000000 2 6
12000000.000000 3 2
12000000.000000 4 1
12000000.000000 5 1
12000000.000000 530 1
12050000.000000 1 42
12050000.000000 2 6
12050000.000000 4 3
12050000.000000 5 1
12050000.000000 529 1
12100000.000000 1 45
12100000.000000 2 4
12100000.000000 3 2
12100000.000000 4 2
12100000.000000 5 1
12100000.000000 6 1
12100000.000000 522 1
12150000.000000 1 39
12150000.000000 2 5
12150000.000000 3 1
12150000.000000 4 2
12150000.000000 5 1
12150000.000000 535 1
12200000.000000 1 33
12200000.000000 2 8
12200000.000000 3 3
12200000.000000 4 2
12200000.000000 5 1
12200000.000000 529 1
12250000.000000 1 36
12250000.000000 2 4
12250000.000000 3 3
12250000.000000 4 1
12250000.000000 5 2
12250000.000000 533 1
12300000.000000 1 44
12300000.000000 2 4
12300000.000000 3 5
12300000.000000 4 2
12300000.000000 525 1
12350000.000000 1 38
12350000.000000 2 6
12350000.000000 3 2
12350000.000000 4 2
12350000.000000 536 1
12400000.000000 1 47
12400000.000000 2 2
12400000.000000 3 1
12400000.000000 4 2
12400000.000000 5 1
12400000.000000 533 1
12450000.000000 1 46
12450000.000000 2 6
12450000.000000 3 2
12450000.000000 4 1
12450000.000000 532 1
12500000.000000 1 34
12500000.000000 2 6
12500000.000000 3 1
12500000.000000 4 1
12500000.000000 5 1
12500000.000000 6 1
12500000.000000 536 1
12550000.000000 1 35
12550000.000000 2 6
12550000.000000 3 3
12550000.000000 4 1
12550000.000000 6 1
12550000.000000 534 1
12600000.000000 1 42
12600000.000000 2 8
12600000.000000 3 3
12600000.000000 4 1
12600000.000000 529 1
12650000.000000 1 41
12650000.000000 2 8
12650000.000000 3 3
12650000.000000 534 1
12700000.000000 1 34
12700000.000000 2 11
12700000.000000 3 2
12700000.000000 5 1
12700000.000000 533 1
12750000.000000 1 41
12750000.000000 2 7
12750000.000000 3 2
12750000.000000 539 1
12800000.000000 1 40
12800000.000000 2 5
12800000.000000 3 2
12800000.000000 5 1
12800000.000000 539 1
12850000.000000 1 46
12850000.000000 2 6
12850000.000000 3 2
12850000.000000 6 1
12850000.000000 530 1
12900000.000000 1 42
12900000.000000 2 6
12900000.000000 4 1
12900000.000000 5 1
12900000.000000 537 1
12950000.000000 1 43
12950000.000000 2 9
12950000.000000 4 1
12950000.000000 535 1
13000000.000000 1 40
13000000.000000 2 9
13000000.000000 3 1
13000000.000000 539 1
13050000.000000 1 43
13050000.000000 2 4
13050000.000000 3 2
13050000.000000 6 1
13050000.000000 537 1
13100000.000000 1 47
13100000.000000 2 2
13100000.000000 3 1
13100000.000000 4 1
13100000.000000 6 1
13100000.000000 536 1
13150000.000000 1 40
13150000.000000 2 4
13150000.000000 3 1
13150000.000000 4 1
13150000.000000 6 1
13150000.000000 539 1
13200000.000000 1 40
13200000.000000 2 4
13200000.000000 3 2
13200000.000000 4 2
13200000.000000 538 1
13250000.000000 1 46
13250000.000000 2 3
13250000.000000 3 1
13250000.000000 6 1
13250000.000000 539 1
13300000.000000 1 42
13300000.000000 2 5
13300000.000000 3 3
13300000.000000 539 1
13350000.000000 1 41
13350000.000000 2 9
13350000.000000 3 2
13350000.000000 535 1
13400000.000000 1 36
13400000.000000 2 12
13400000.000000 540 1
13450000.000000 1 37
13450000.000000 2 7
13450000.000000 4 1
13450000.000000 6 1
13450000.000000 539 1
13500000.000000 1 45
13500000.000000 2 7
13500000.000000 4 1
13500000.000000 537 1
13550000.000000 1 32
13550000.000000 2 13
13550000.000000 3 1
13550000.000000 539 1
13600000.000000 1 36
13600000.000000 2 9
13600000.000000 3 1
13600000.000000 4 1
13600000.000000 539 1
13650000.000000 1 46
13650000.000000 2 6
13650000.000000 542 1
13700000.000000 1 36
13700000.000000 2 8
13700000.000000 3 2
13700000.000000 542 1
13750000.000000 1 38
13750000.000000 2 4
13750000.000000 3 1
13750000.000000 4 1
13750000.000000 547 1
13800000.000000 1 44
13800000.000000 2 3
13800000.000000 3 1
13800000.000000 547 1
13850000.000000 1 44
13850000.000000 2 3
13850000.000000 3 1
13850000.000000 547 1
13900000.000000 1 40
13900000.000000 2 3
13900000.000000 3 1
13900000.000000 4 1
13900000.000000 547 1
13950000.000000 1 39
13950000.000000 2 4
13950000.000000 3 1
13950000.000000 550 1
14000000.000000 1 30
14000000.000000 2 6
14000000.000000 3 1
14000000.000000 4 1
14000000.000000 551 1
14050000.000000 1 37
14050000.000000 2 6
14050000.000000 3 1
14050000.000000 548 1
14100000.000000 1 39
14100000.000000 2 6
14100000.000000 3 1
14100000.000000 546 1
14150000.000000 1 40
14150000.000000 2 5
14150000.000000 3 1
14150000.000000 547 1
14200000.000000 1 27
14200000.000000 2 8
14200000.000000 4 2
14200000.000000 6 1
14200000.000000 543 1
14250000.000000 1 34
14250000.000000 2 7
14250000.000000 3 1
14250000.000000 4 1
14250000.000000 545 1
14300000.000000 1 36
14300000.000000 2 4
14300000.000000 3 1
14300000.000000 4 1
14300000.000000 549 1
14350000.000000 1 38
14350000.000000 2 5
14350000.000000 3 1
14350000.000000 549 1
14400000.000000 1 40
14400000.000000 2 4
14400000.000000 3 1
14400000.000000 549 1
14450000.000000 1 39
14450000.000000 2 6
14450000.000000 3 1
14450000.000000 546 1
14500000.000000 1 42
14500000.000000 2 5
14500000.000000 548 1
14550000.000000 1 33
14550000.000000 2 3
14550000.000000 3 3
14550000.000000 4 1
14550000.000000 548 1
14600000.000000 1 32
14600000.000000 2 5
14600000.000000 3 1
14600000.000000 4 2
14600000.000000 547 1
14650000.000000 1 33
14650000.000000 2 5
14650000.000000 3 1
14650000.000000 4 1
14650000.000000 550 1
14700000.000000 1 28
14700000.000000 2 4
14700000.000000 3 5
14700000.000000 549 1
14750000.000000 1 37
14750000.000000 2 3
14750000.000000 3 2
14750000.000000 551 1
14800000.000000 1 40
14800000.000000 2 3
14800000.000000 3 1
14800000.000000 551 1
14850000.000000 1 33
14850000.000000 2 3
14850000.000000 3 2
14850000.000000 555 1
14900000.000000 1 32
14900000.000000 2 3
14900000.000000 3 1
14900000.000000 4 1
14900000.000000 555 1
14950000.000000 1 34
14950000.000000 2 4
14950000.000000 3 1
14950000.000000 555 1
15000000.000000 1 29
15000000.000000 2 4
15000000.000000 3 4
15000000.000000 551 1
15050000.000000 1 37
15050000.000000 2 3
15050000.000000 4 1
15050000.000000 553 1
15100000.000000 1 25
15100000.000000 2 4
15100000.000000 3 2
15100000.000000 4 1
15100000.000000 557 1
15150000.000000 1 29
15150000.000000 2 8
15150000.000000 555 1
15200000.000000 1 35
15200000.000000 2 3
15200000.000000 3 1
15200000.000000 4 1
15200000.000000 552 1
15250000.000000 1 39
15250000.000000 2 2
15250000.000000 3 2
15250000.000000 551 1
15300000.000000 1 38
15300000.000000 2 3
15300000.000000 3 1
15300000.000000 553 1
15350000.000000 1 38
15350000.000000 2 6
15350000.000000 550 1
15400000.000000 1 46
15400000.000000 2 3
15400000.000000 548 1
15450000.000000 1 51
15450000.000000 2 2
15450000.000000 545 1
15500000.000000 1 43
15500000.000000 2 5
15500000.000000 547 1
15550000.000000 1 42
15550000.000000 2 4
15550000.000000 3 1
15550000.000000 4 1
15550000.000000 543 1
15600000.000000 1 45
15600000.000000 2 3
15600000.000000 3 1
15600000.000000 546 1
15650000.000000 1 49
15650000.000000 2 3
15650000.000000 545 1
15700000.000000 1 41
15700000.000000 2 6
15700000.000000 547 1
15750000.000000 1 37
15750000.000000 2 5
15750000.000000 3 2
15750000.000000 547 1
15800000.000000 1 43
15800000.000000 2 5
15800000.000000 3 1
15800000.000000 544 1
15850000.000000 1 33
15850000.000000 2 7
15850000.000000 3 1
15850000.000000 4 1
15850000.000000 546 1
15900000.000000 1 38
15900000.000000 2 10
15900000.000000 3 1
15900000.000000 539 1
15950000.000000 1 40
15950000.000000 2 10
15950000.000000 3 1
15950000.000000 537 1
16000000.000000 1 43
16000000.000000 2 5
16000000.000000 3 1
16000000.000000 4 1
16000000.000000 540 1
16050000.000000 1 43
16050000.000000 2 4
16050000.000000 3 2
16050000.000000 4 2
16050000.000000 535 1
16100000.000000 1 36
16100000.000000 2 4
16100000.000000 3 2
16100000.000000 4 2
16100000.000000 5 1
16100000.000000 537 1
16150000.000000 1 42
16150000.000000 2 5
16150000.000000 3 4
16150000.000000 4 1
16150000.000000 532 1
16200000.000000 1 32
16200000.000000 2 10
16200000.000000 3 4
16200000.000000 4 1
16200000.000000 532 1
16250000.000000 1 35
16250000.000000 2 8
16250000.000000 3 5
16250000.000000 5 1
16250000.000000 529 1
16300000.000000 1 32
16300000.000000 2 8
16300000.000000 3 5
16300000.000000 4 2
16300000.000000 529 1
16350000.000000 1 44
16350000.000000 2 5
16350000.000000 3 5
16350000.000000 4 1
16350000.000000 527 1
16400000.000000 1 41
16400000.000000 2 6
16400000.000000 3 3
16400000.000000 4 1
16400000.000000 6 1
16400000.000000 528 1
16450000.000000 1 47
16450000.000000 2 5
16450000.000000 3 2
16450000.000000 5 1
16450000.000000 532 1
16500000.000000 1 39
16500000.000000 2 6
16500000.000000 3 1
16500000.000000 4 2
16500000.000000 10 1
16500000.000000 528 1
16550000.000000 1 43
16550000.000000 2 5
16550000.000000 3 3
16550000.000000 6 1
16550000.000000 7 1
16550000.000000 525 1
16600000.000000 1 38
16600000.000000 2 8
16600000.000000 3 3
16600000.000000 6 1
16600000.000000 7 1
16600000.000000 524 1
16650000.000000 1 43
16650000.000000 2 8
16650000.000000 3 1
16650000.000000 4 1
16650000.000000 534 1
16700000.000000 1 45
16700000.000000 2 7
16700000.000000 4 1
16700000.000000 8 1
16700000.000000 529 1
16750000.000000 1 41
16750000.000000 2 8
16750000.000000 3 1
16750000.000000 8 1
16750000.000000 9 1
16750000.000000 523 1
16800000.000000 1 44
16800000.000000 2 10
16800000.000000 3 1
16800000.000000 5 1
16800000.000000 7 1
16800000.000000 521 1
16850000.000000 1 48
16850000.000000 2 8
16850000.000000 6 1
16850000.000000 9 1
16850000.000000 521 1
16900000.000000 1 56
16900000.000000 2 5
16900000.000000 3 1
16900000.000000 4 2
16900000.000000 7 1
16900000.000000 516 1
16950000.000000 1 43
16950000.000000 2 11
16950000.000000 3 2
16950000.000000 529 1
17000000.000000 1 44
17000000.000000 2 10
17000000.000000 3 2
17000000.000000 5 1
17000000.000000 525 1
17050000.000000 1 44
17050000.000000 2 7
17050000.000000 3 4
17050000.000000 5 1
17050000.000000 525 1
17100000.000000 1 44
17100000.000000 2 8
17100000.000000 3 5
17100000.000000 5 1
17100000.000000 520 1
17150000.000000 1 33
17150000.000000 2 8
17150000.000000 3 2
17150000.000000 4 3
17150000.000000 5 1
17150000.000000 528 1
17200000.000000 1 47
17200000.000000 2 6
17200000.000000 3 3
17200000.000000 4 1
17200000.000000 5 1
17200000.000000 523 1
17250000.000000 1 43
17250000.000000 2 6
17250000.000000 3 4
17250000.000000 4 2
17250000.000000 8 1
17250000.000000 517 1
17300000.000000 1 40
17300000.000000 2 4
17300000.000000 3 5
17300000.000000 4 2
17300000.000000 529 1
17350000.000000 1 45
17350000.000000 2 7
17350000.000000 3 4
17350000.000000 4 1
17350000.000000 525 1
17400000.000000 1 51
17400000.000000 2 7
17400000.000000 3 4
17400000.000000 523 1
17450000.000000 1 44
17450000.000000 2 9
17450000.000000 3 2
17450000.000000 4 2
17450000.000000 524 1
17500000.000000 1 42
17500000.000000 2 9
17500000.000000 3 3
17500000.000000 5 1
17500000.000000 526 1
17550000.000000 1 36
17550000.000000 2 7
17550000.000000 3 5
17550000.000000 4 2
17550000.000000 527 1
17600000.000000 1 36
17600000.000000 2 7
17600000.000000 3 2
17600000.000000 4 1
17600000.000000 540 1
17650000.000000 1 47
17650000.000000 2 5
17650000.000000 3 2
17650000.000000 5 1
17650000.000000 532 1
17700000.000000 1 41
17700000.000000 2 8
17700000.000000 3 2
17700000.000000 537 1
17750000.000000 1 43
17750000.000000 2 5
17750000.000000 3 3
17750000.000000 4 1
17750000.000000 534 1
17800000.000000 1 42
17800000.000000 2 8
17800000.000000 3 4
17800000.000000 530 1
17850000.000000 1 43
17850000.000000 2 9
17850000.000000 4 3
17850000.000000 527 1
17900000.000000 1 39
17900000.000000 2 14
17900000.000000 3 2
17900000.000000 527 1
17950000.000000 1 48
17950000.000000 2 9
17950000.000000 3 1
17950000.000000 531 1
18000000.000000 1 42
18000000.000000 2 8
18000000.000000 3 3
18000000.000000 533 1
18050000.000000 1 41
18050000.000000 2 7
18050000.000000 3 3
18050000.000000 4 1
18050000.000000 532 1
18100000.000000 1 48
18100000.000000 2 6
18100000.000000 3 2
18100000.000000 534 1
18150000.000000 1 48
18150000.000000 2 7
18150000.000000 3 2
18150000.000000 532 1
18200000.000000 1 37
18200000.000000 2 12
18200000.000000 3 2
18200000.000000 533 1
18250000.000000 1 39
18250000.000000 2 8
18250000.000000 3 2
18250000.000000 4 1
18250000.000000 535 1
18300000.000000 1 43
18300000.000000 2 7
18300000.000000 3 2
18300000.000000 537 1
18350000.000000 1 43
18350000.000000 2 4
18350000.000000 3 1
18350000.000000 4 1
18350000.000000 5 1
18350000.000000 537 1
18400000.000000 1 43
18400000.000000 2 4
18400000.000000 3 1
18400000.000000 4 2
18400000.000000 538 1
18450000.000000 1 37
18450000.000000 2 10
18450000.000000 3 2
18450000.000000 537 1
18500000.000000 1 45
18500000.000000 2 4
18500000.000000 3 1
18500000.000000 4 2
18500000.000000 536 1
18550000.000000 1 37
18550000.000000 2 9
18550000.000000 3 3
18550000.000000 4 1
18550000.000000 532 1
18600000.000000 1 41
18600000.000000 2 7
18600000.000000 3 3
18600000.000000 536 1
18650000.000000 1 39
18650000.000000 2 10
18650000.000000 5 1
18650000.000000 536 1
18700000.000000 1 33
18700000.000000 2 8
18700000.000000 3 2
18700000.000000 5 1
18700000.000000 540 1
18750000.000000 1 37
18750000.000000 2 5
18750000.000000 3 2
18750000.000000 5 1
18750000.000000 542 1
18800000.000000 1 48
18800000.000000 2 4
18800000.000000 3 1
18800000.000000 541 1
18850000.000000 1 39
18850000.000000 2 6
18850000.000000 3 2
18850000.000000 4 1
18850000.000000 539 1
18900000.000000 1 47
18900000.000000 2 6
18900000.000000 4 1
18900000.000000 537 1
18950000.000000 1 43
18950000.000000 2 8
18950000.000000 3 2
18950000.000000 535 1
19000000.000000 1 43
19000000.000000 2 9
19000000.000000 3 1
19000000.000000 536 1
19050000.000000 1 43
19050000.000000 2 3
19050000.000000 3 1
19050000.000000 548 1
19100000.000000 1 42
19100000.000000 2 3
19100000.000000 3 2
19100000.000000 546 1
19150000.000000 1 41
19150000.000000 2 5
19150000.000000 549 1
19200000.000000 1 40
19200000.000000 2 4
19200000.000000 3 1
19200000.000000 4 1
19200000.000000 545 1
19250000.000000 1 41
19250000.000000 2 6
19250000.000000 3 1
19250000.000000 544 1
19300000.000000 1 38
19300000.000000 2 3
19300000.000000 3 3
19300000.000000 547 1
19350000.000000 1 36
19350000.000000 2 3
19350000.000000 3 2
19350000.000000 552 1
19400000.000000 1 38
19400000.000000 2 6
19400000.000000 3 1
19400000.000000 547 1
19450000.000000 1 40
19450000.000000 2 7
19450000.000000 546 1
19500000.000000 1 38
19500000.000000 2 7
19500000.000000 548 1
19550000.000000 1 36
19550000.000000 2 4
19550000.000000 3 3
19550000.000000 547 1
19600000.000000 1 29
19600000.000000 2 5
19600000.000000 3 3
19600000.000000 4 1
19600000.000000 5 1
19600000.000000 543 1
19650000.000000 1 37
19650000.000000 2 5
19650000.000000 3 1
19650000.000000 5 1
19650000.000000 545 1
19700000.000000 1 37
19700000.000000 2 4
19700000.000000 3 2
19700000.000000 4 1
19700000.000000 545 1
19750000.000000 1 34
19750000.000000 2 6
19750000.000000 3 1
19750000.000000 4 1
19750000.000000 547 1
19800000.000000 1 32
19800000.000000 2 8
19800000.000000 3 1
19800000.000000 4 1
19800000.000000 545 1
19850000.000000 1 36
19850000.000000 2 6
19850000.000000 4 1
19850000.000000 548 1
19900000.000000 1 36
19900000.000000 2 3
19900000.000000 3 3
19900000.000000 549 1
19950000.000000 1 35
19950000.000000 2 5
19950000.000000 4 2
19950000.000000 547 1
20000000.000000 1 31
20000000.000000 2 7
20000000.000000 3 3
20000000.000000 546 1
