# time largest_cluster_rg
50000.000000 18.9661091398
100000.000000 19.9054430598
150000.000000 20.0944160525
200000.000000 19.7491910955
250000.000000 19.7817629427
300000.000000 19.4623383734
350000.000000 19.4365219360
400000.000000 19.2059074833
450000.000000 19.2057850312
500000.000000 19.3945531336
550000.000000 19.6984725197
600000.000000 19.1110188173
650000.000000 19.0740875597
700000.000000 18.8453892190
750000.000000 18.7082014220
800000.000000 18.8458753325
850000.000000 18.4818543315
900000.000000 18.8623322780
950000.000000 19.0832711919
1000000.000000 18.6521964544
1050000.000000 19.0221939406
1100000.000000 37.8898894815
1150000.000000 18.4755510070
1200000.000000 18.5867544736
1250000.000000 18.9670989591
1300000.000000 18.7526750014
1350000.000000 18.6733935593
1400000.000000 19.1032530923
1450000.000000 19.1629846665
1500000.000000 18.2075948177
1550000.000000 18.7388946585
1600000.000000 18.5040804129
1650000.000000 19.9104157750
1700000.000000 18.7761489118
1750000.000000 18.1452295516
1800000.000000 18.6068107956
1850000.000000 18.2119901572
1900000.000000 18.7803881413
1950000.000000 18.2351741611
2000000.000000 18.5504440385
2050000.000000 19.3935112805
2100000.000000 18.2638743525
2150000.000000 18.3387688757
2200000.000000 18.8261084165
2250000.000000 18.2899316114
2300000.000000 18.5255283265
2350000.000000 18.5975828332
2400000.000000 17.8180298206
2450000.000000 18.2197049151
2500000.000000 18.1234371481
2550000.000000 17.9376169071
2600000.000000 17.6360418549
2650000.000000 17.3458319070
2700000.000000 18.4604654329
2750000.000000 17.5030933455
2800000.000000 17.0728744391
2850000.000000 17.1248359593
2900000.000000 16.9498806381
2950000.000000 20.0258321188
3000000.000000 17.6809273279
3050000.000000 17.6391186844
3100000.000000 18.6251867304
3150000.000000 17.8505457087
3200000.000000 17.0434035496
3250000.000000 19.8575710647
3300000.000000 17.7553370900
3350000.000000 18.4778974424
3400000.000000 17.8897512881
3450000.000000 17.9698087504
3500000.000000 17.4437435344
3550000.000000 17.1307621918
3600000.000000 17.3453594326
3650000.000000 17.4093423229
3700000.000000 17.5459407596
3750000.000000 17.0401360760
3800000.000000 17.7100414218
3850000.000000 17.6782096648
3900000.000000 17.2695547181
3950000.000000 17.8080547626
4000000.000000 17.2826972808
4050000.000000 16.9432293723
4100000.000000 16.6652510103
4150000.000000 20.5540550864
4200000.000000 19.2345767802
4250000.000000 17.5104413569
4300000.000000 17.7971926330
4350000.000000 18.5720381212
4400000.000000 18.6914104624
4450000.000000 17.8224402810
4500000.000000 19.3094452832
4550000.000000 16.7364180249
4600000.000000 18.1936367962
4650000.000000 17.9089176427
4700000.000000 18.7822655755
4750000.000000 15.3507569037
4800000.000000 17.6045716843
4850000.000000 19.4791762570
4900000.000000 17.4706913021
4950000.000000 17.1020572584
5000000.000000 17.5780026707
5050000.000000 15.4418033491
5100000.000000 15.7705494154
5150000.000000 16.1032564603
5200000.000000 15.4155277505
5250000.000000 15.4222365207
5300000.000000 15.3750387167
5350000.000000 15.8347592733
5400000.000000 15.6931486632
5450000.000000 16.1076862440
5500000.000000 15.6773206380
5550000.000000 15.1352017294
5600000.000000 15.4279266220
5650000.000000 15.8759908324
5700000.000000 15.2529932730
5750000.000000 15.6123140578
5800000.000000 15.3073350042
5850000.000000 15.8050556142
5900000.000000 15.9026189862
5950000.000000 15.6528214150
6000000.000000 15.6266508127
6050000.000000 16.0908785109
6100000.000000 17.7461327298
6150000.000000 15.3595414930
6200000.000000 18.3241115302
6250000.000000 17.2909385793
6300000.000000 18.5171005414
6350000.000000 22.6531094387
6400000.000000 15.4482277783
6450000.000000 19.0187945825
6500000.000000 15.5153763405
6550000.000000 15.7981827325
6600000.000000 15.5621377226
6650000.000000 15.5334133161
6700000.000000 15.5589025609
6750000.000000 21.5332342088
6800000.000000 15.4435016144
6850000.000000 15.4593591883
6900000.000000 15.4418084490
6950000.000000 15.4403551000
7000000.000000 15.9852526749
7050000.000000 16.0485562811
7100000.000000 16.1667726910
7150000.000000 15.4000778299
7200000.000000 15.6063658720
7250000.000000 15.1784253634
7300000.000000 15.6250754743
7350000.000000 15.6006619995
7400000.000000 15.6543967318
7450000.000000 15.5112063801
7500000.000000 15.3730399306
7550000.000000 15.3984677418
7600000.000000 15.5643567877
7650000.000000 15.3227967104
7700000.000000 15.5474004276
7750000.000000 15.5757309558
7800000.000000 15.9771210562
7850000.000000 15.6211272621
7900000.000000 15.5907137098
7950000.000000 15.5825253519
8000000.000000 15.4157712595
8050000.000000 15.5854426961
8100000.000000 15.6799401765
8150000.000000 15.4279700247
8200000.000000 15.3438626743
8250000.000000 15.4788362979
8300000.000000 15.4970170098
8350000.000000 15.2353344344
8400000.000000 14.8888326389
8450000.000000 14.9187867765
8500000.000000 14.9335713675
8550000.000000 14.7850011875
8600000.000000 15.1189609479
8650000.000000 14.8171994690
8700000.000000 14.9606615802
8750000.000000 15.2471116171
8800000.000000 15.3334014016
8850000.000000 15.3665336790
8900000.000000 15.1707934722
8950000.000000 15.3745624643
9000000.000000 15.1342864692
9050000.000000 14.9446504425
9100000.000000 15.0794314435
9150000.000000 17.9389368483
9200000.000000 15.3282306628
9250000.000000 15.2736817461
9300000.000000 17.0925898618
9350000.000000 15.4144302113
9400000.000000 15.0333915965
9450000.000000 14.8493514594
9500000.000000 15.1077208251
9550000.000000 15.0483932964
9600000.000000 14.9306227748
9650000.000000 14.9567791528
9700000.000000 18.4627150595
9750000.000000 17.2593495152
9800000.000000 15.0900562473
9850000.000000 14.9698687228
9900000.000000 15.0039240885
9950000.000000 15.0316433330
10000000.000000 15.3067179802
10050000.000000 15.1430941650
10100000.000000 17.8623806386
10150000.000000 18.0403870632
10200000.000000 15.2288062001
10250000.000000 15.0541563091
10300000.000000 15.5425812017
10350000.000000 15.1441778508
10400000.000000 15.2241861114
10450000.000000 17.0385793174
10500000.000000 19.1572505413
10550000.000000 17.1624583551
10600000.000000 16.7080468802
10650000.000000 20.2832196157
10700000.000000 17.6081456244
10750000.000000 17.3032498138
10800000.000000 16.4222283784
10850000.000000 16.7727308299
10900000.000000 15.9182631490
10950000.000000 15.2784101163
11000000.000000 17.5202944580
11050000.000000 16.2562016128
11100000.000000 15.6528488573
11150000.000000 15.0845544586
11200000.000000 15.0536717196
11250000.000000 15.2428976792
11300000.000000 15.2641896512
11350000.000000 15.3508792159
11400000.000000 15.4781991985
11450000.000000 15.7703092001
11500000.000000 15.4373051217
11550000.000000 15.5061560066
11600000.000000 16.7193457677
11650000.000000 15.5801052581
11700000.000000 15.4830899500
11750000.000000 16.1461081967
11800000.000000 15.9436818049
11850000.000000 15.6951927047
11900000.000000 15.8818158143
11950000.000000 16.6486699917
12000000.000000 16.2989013322
12050000.000000 15.5964787292
12100000.000000 15.1083512652
12150000.000000 15.8506319043
12200000.000000 15.7186431904
12250000.000000 16.2910533240
12300000.000000 15.3620384808
12350000.000000 15.9711289783
12400000.000000 16.0041776453
12450000.000000 16.5467324479
12500000.000000 16.0203571486
12550000.000000 15.7649959177
12600000.000000 15.4517469050
12650000.000000 15.7588590312
12700000.000000 15.8043186711
12750000.000000 16.0412954120
12800000.000000 15.8029977993
12850000.000000 15.4915840067
12900000.000000 15.3329012679
12950000.000000 15.3744687374
13000000.000000 15.6432615975
13050000.000000 15.5948642654
13100000.000000 15.4251034252
13150000.000000 15.8281270299
13200000.000000 15.6494594567
13250000.000000 15.4597004606
13300000.000000 15.8199528797
13350000.000000 15.2235544929
13400000.000000 15.3618464110
13450000.000000 15.4813720911
13500000.000000 15.4090145975
13550000.000000 15.3411784977
13600000.000000 15.1792157082
13650000.000000 15.3498788951
13700000.000000 15.3471278143
13750000.000000 15.6889471138
13800000.000000 15.6141519008
13850000.000000 15.4674448153
13900000.000000 15.8465403118
13950000.000000 15.7486355036
14000000.000000 15.8491906235
14050000.000000 15.5671950959
14100000.000000 15.3324482038
14150000.000000 15.5557878027
14200000.000000 15.6628728575
14250000.000000 15.7001387132
14300000.000000 15.6851254037
14350000.000000 15.6028937856
14400000.000000 15.4936031614
14450000.000000 15.2226080509
14500000.000000 15.3644399607
14550000.000000 15.2694821912
14600000.000000 15.2492603814
14650000.000000 15.2610977105
14700000.000000 15.3187159471
14750000.000000 15.2750605939
14800000.000000 15.5416405946
14850000.000000 15.5677341884
14900000.000000 15.4863573823
14950000.000000 15.7335313199
15000000.000000 15.4201963796
15050000.000000 15.7574305008
15100000.000000 15.6479249086
15150000.000000 15.7377153797
15200000.000000 15.7159117316
15250000.000000 16.0029274536
15300000.000000 15.4441459669
15350000.000000 15.3056689940
15400000.000000 15.2743926690
15450000.000000 15.0554263463
15500000.000000 15.1882574458
15550000.000000 15.2154809435
15600000.000000 15.2839342263
15650000.000000 15.3297402755
15700000.000000 15.5975959501
15750000.000000 15.6073271214
15800000.000000 15.6895236642
15850000.000000 15.7261701125
15900000.000000 15.8171215869
15950000.000000 15.7429469758
16000000.000000 15.9004225083
16050000.000000 15.7609368992
16100000.000000 15.7814995640
16150000.000000 15.7968367041
16200000.000000 15.5043660893
16250000.000000 15.5403670583
16300000.000000 15.5432144179
16350000.000000 15.5405346026
16400000.000000 15.1531450165
16450000.000000 15.2404887509
16500000.000000 15.1479164939
16550000.000000 15.0974786010
16600000.000000 15.1292005841
16650000.000000 15.3675499996
16700000.000000 15.2041857845
16750000.000000 15.2517920384
16800000.000000 15.1773992526
16850000.000000 15.0056772351
16900000.000000 15.0699833330
16950000.000000 15.8664005003
17000000.000000 15.2130386228
17050000.000000 15.3622706571
17100000.000000 14.8706178920
17150000.000000 15.3354824234
17200000.000000 15.2862541709
17250000.000000 15.0247702475
17300000.000000 15.4543111230
17350000.000000 15.3336772405
17400000.000000 15.6081504128
17450000.000000 15.2617689106
17500000.000000 15.5889609417
17550000.000000 15.6419368045
17600000.000000 15.9317017058
17650000.000000 15.8178120214
17700000.000000 15.9243353756
17750000.000000 15.7146268269
17800000.000000 15.5851953845
17850000.000000 15.6211880919
17900000.000000 15.5395847729
17950000.000000 15.6804043600
18000000.000000 15.5260536220
18050000.000000 15.3829140942
18100000.000000 15.3261261636
18150000.000000 15.2936921483
18200000.000000 15.3919182597
18250000.000000 15.1848685842
18300000.000000 15.1050131378
18350000.000000 15.1171222125
18400000.000000 15.2891922538
18450000.000000 15.2274138268
18500000.000000 15.2446368587
18550000.000000 15.0242797960
18600000.000000 15.0908162226
18650000.000000 15.0832719308
18700000.000000 15.2905434774
18750000.000000 15.0347850611
18800000.000000 15.0275634669
18850000.000000 15.1022234328
18900000.000000 15.4227915643
18950000.000000 15.6743647201
19000000.000000 15.2708278291
19050000.000000 15.6998954723
19100000.000000 15.5256999302
19150000.000000 15.6983886082
19200000.000000 15.5256046411
19250000.000000 15.4552538022
19300000.000000 15.4719967246
19350000.000000 15.5287370022
19400000.000000 15.3680598921
19450000.000000 15.1361185267
19500000.000000 15.0505957245
19550000.000000 15.2646413372
19600000.000000 15.0985523378
19650000.000000 15.2422705610
19700000.000000 15.1951307375
19750000.000000 15.1201086194
19800000.000000 15.1188261107
19850000.000000 15.0466784862
19900000.000000 15.2024709809
19950000.000000 15.0538137149
20000000.000000 15.0295245969
