# time cluster_size count
50000.000000 1200 1
100000.000000 1 2
100000.000000 2 1
100000.000000 1196 1
150000.000000 1 10
150000.000000 1190 1
200000.000000 1 20
200000.000000 2 1
200000.000000 4 1
200000.000000 1174 1
250000.000000 1 16
250000.000000 2 5
250000.000000 1174 1
300000.000000 1 23
300000.000000 3 1
300000.000000 1174 1
350000.000000 1 24
350000.000000 3 1
350000.000000 1173 1
400000.000000 1 23
400000.000000 2 3
400000.000000 3 1
400000.000000 1168 1
450000.000000 1 22
450000.000000 2 6
450000.000000 3 1
450000.000000 1163 1
500000.000000 1 34
500000.000000 2 1
500000.000000 3 1
500000.000000 4 1
500000.000000 1157 1
550000.000000 1 25
550000.000000 2 9
550000.000000 4 1
550000.000000 1153 1
600000.000000 1 29
600000.000000 2 6
600000.000000 3 3
600000.000000 4 1
600000.000000 5 1
600000.000000 1141 1
650000.000000 1 35
650000.000000 2 7
650000.000000 3 2
650000.000000 1145 1
700000.000000 1 30
700000.000000 2 9
700000.000000 3 1
700000.000000 4 1
700000.000000 5 2
700000.000000 1135 1
750000.000000 1 36
750000.000000 2 9
750000.000000 3 2
750000.000000 8 1
750000.000000 1132 1
800000.000000 1 31
800000.000000 2 9
800000.000000 3 3
800000.000000 1142 1
850000.000000 1 37
850000.000000 2 15
850000.000000 1133 1
900000.000000 1 41
900000.000000 2 8
900000.000000 3 3
900000.000000 1134 1
950000.000000 1 44
950000.000000 2 9
950000.000000 3 4
950000.000000 4 1
950000.000000 1122 1
1000000.000000 1 48
1000000.000000 2 7
1000000.000000 3 3
1000000.000000 1129 1
1050000.000000 1 51
1050000.000000 2 6
1050000.000000 3 1
1050000.000000 4 1
1050000.000000 5 1
1050000.000000 1125 1
1100000.000000 1 42
1100000.000000 2 9
1100000.000000 3 7
1100000.000000 5 1
1100000.000000 1114 1
1150000.000000 1 51
1150000.000000 2 9
1150000.000000 3 4
1150000.000000 1119 1
1200000.000000 1 43
1200000.000000 2 10
1200000.000000 3 3
1200000.000000 5 1
1200000.000000 14 1
1200000.000000 1109 1
1250000.000000 1 53
1250000.000000 2 11
1250000.000000 3 2
1250000.000000 4 2
1250000.000000 10 1
1250000.000000 1101 1
1300000.000000 1 43
1300000.000000 2 9
1300000.000000 3 1
1300000.000000 5 5
1300000.000000 1111 1
1350000.000000 1 50
1350000.000000 2 7
1350000.000000 3 3
1350000.000000 4 4
1350000.000000 5 1
1350000.000000 1106 1
1400000.000000 1 36
1400000.000000 2 12
1400000.000000 3 9
1400000.000000 4 1
1400000.000000 1109 1
1450000.000000 1 48
1450000.000000 2 12
1450000.000000 3 1
1450000.000000 4 3
1450000.000000 5 1
1450000.000000 1108 1
1500000.000000 1 46
1500000.000000 2 10
1500000.000000 3 6
1500000.000000 4 1
1500000.000000 5 2
1500000.000000 1102 1
1550000.000000 1 48
1550000.000000 2 8
1550000.000000 3 5
1550000.000000 4 2
1550000.000000 5 1
1550000.000000 1108 1
1600000.000000 1 49
1600000.000000 2 14
1600000.000000 3 3
1600000.000000 4 2
1600000.000000 1106 1
1650000.000000 1 54
1650000.000000 2 15
1650000.000000 3 2
1650000.000000 4 1
1650000.000000 6 1
1650000.000000 1100 1
1700000.000000 1 43
1700000.000000 2 16
1700000.000000 3 1
1700000.000000 4 1
1700000.000000 5 1
1700000.000000 8 1
1700000.000000 1105 1
1750000.000000 1 49
1750000.000000 2 8
1750000.000000 3 2
1750000.000000 4 4
1750000.000000 5 1
1750000.000000 1108 1
1800000.000000 1 47
1800000.000000 2 2
1800000.000000 3 2
1800000.000000 4 7
1800000.000000 5 1
1800000.000000 8 1
1800000.000000 1102 1
1850000.000000 1 60
1850000.000000 2 8
1850000.000000 3 5
1850000.000000 4 1
1850000.000000 1105 1
1900000.000000 1 48
1900000.000000 2 9
1900000.000000 3 3
1900000.000000 4 2
1900000.000000 7 1
1900000.000000 1110 1
1950000.000000 1 50
1950000.000000 2 8
1950000.000000 3 5
1950000.000000 6 1
1950000.000000 1113 1
2000000.000000 1 58
2000000.000000 2 12
2000000.000000 3 4
2000000.000000 5 1
2000000.000000 1101 1
2050000.000000 1 62
2050000.000000 2 8
2050000.000000 3 5
2050000.000000 4 1
2050000.000000 1103 1
2100000.000000 1 56
2100000.000000 2 7
2100000.000000 3 4
2100000.000000 4 1
2100000.000000 5 1
2100000.000000 6 1
2100000.000000 1103 1
2150000.000000 1 43
2150000.000000 2 10
2150000.000000 3 4
2150000.000000 4 1
2150000.000000 5 3
2150000.000000 1106 1
2200000.000000 1 52
2200000.000000 2 11
2200000.000000 3 3
2200000.000000 4 2
2200000.000000 8 1
2200000.000000 1101 1
2250000.000000 1 48
2250000.000000 2 13
2250000.000000 3 5
2250000.000000 4 2
2250000.000000 5 1
2250000.000000 1098 1
2300000.000000 1 52
2300000.000000 2 8
2300000.000000 3 7
2300000.000000 4 2
2300000.000000 1103 1
2350000.000000 1 56
2350000.000000 2 15
2350000.000000 3 1
2350000.000000 4 2
2350000.000000 5 1
2350000.000000 1098 1
2400000.000000 1 60
2400000.000000 2 13
2400000.000000 3 3
2400000.000000 5 2
2400000.000000 1095 1
2450000.000000 1 64
2450000.000000 2 11
2450000.000000 3 4
2450000.000000 4 2
2450000.000000 1094 1
2500000.000000 1 55
2500000.000000 2 12
2500000.000000 3 3
2500000.000000 4 1
2500000.000000 1108 1
2550000.000000 1 51
2550000.000000 2 13
2550000.000000 3 7
2550000.000000 4 1
2550000.000000 1098 1
2600000.000000 1 59
2600000.000000 2 9
2600000.000000 3 8
2600000.000000 5 1
2600000.000000 1094 1
2650000.000000 1 63
2650000.000000 2 17
2650000.000000 3 4
2650000.000000 4 1
2650000.000000 1087 1
2700000.000000 1 61
2700000.000000 2 12
2700000.000000 3 5
2700000.000000 4 3
2700000.000000 6 1
2700000.000000 1082 1
2750000.000000 1 51
2750000.000000 2 17
2750000.000000 3 3
2750000.000000 4 5
2750000.000000 5 1
2750000.000000 1081 1
2800000.000000 1 73
2800000.000000 2 16
2800000.000000 3 3
2800000.000000 4 2
2800000.000000 1078 1
2850000.000000 1 56
2850000.000000 2 11
2850000.000000 3 8
2850000.000000 4 2
2850000.000000 10 1
2850000.000000 1080 1
2900000.000000 1 49
2900000.000000 2 14
2900000.000000 3 5
2900000.000000 4 4
2900000.000000 5 2
2900000.000000 1082 1
2950000.000000 1 57
2950000.000000 2 17
2950000.000000 3 4
2950000.000000 4 3
2950000.000000 1085 1
3000000.000000 1 56
3000000.000000 2 12
3000000.000000 3 3
3000000.000000 4 3
3000000.000000 5 1
3000000.000000 8 1
3000000.000000 1086 1
3050000.000000 1 52
3050000.000000 2 12
3050000.000000 3 9
3050000.000000 4 1
3050000.000000 5 1
3050000.000000 7 1
3050000.000000 1081 1
3100000.000000 1 47
3100000.000000 2 13
3100000.000000 3 5
3100000.000000 4 3
3100000.000000 5 2
3100000.000000 7 1
3100000.000000 1083 1
3150000.000000 1 58
3150000.000000 2 8
3150000.000000 3 5
3150000.000000 4 5
3150000.000000 9 1
3150000.000000 1082 1
3200000.000000 1 48
3200000.000000 2 12
3200000.000000 3 1
3200000.000000 4 4
3200000.000000 5 1
3200000.000000 11 1
3200000.000000 1093 1
3250000.000000 1 70
3250000.000000 2 8
3250000.000000 3 6
3250000.000000 4 3
3250000.000000 12 1
3250000.000000 1072 1
3300000.000000 1 46
3300000.000000 2 12
3300000.000000 3 6
3300000.000000 5 1
3300000.000000 19 1
3300000.000000 1088 1
3350000.000000 1 56
3350000.000000 2 12
3350000.000000 3 3
3350000.000000 4 2
3350000.000000 5 1
3350000.000000 11 1
3350000.000000 1087 1
3400000.000000 1 58
3400000.000000 2 15
3400000.000000 3 3
3400000.000000 4 1
3400000.000000 12 1
3400000.000000 1087 1
3450000.000000 1 47
3450000.000000 2 17
3450000.000000 3 5
3450000.000000 6 1
3450000.000000 8 1
3450000.000000 1090 1
3500000.000000 1 41
3500000.000000 2 15
3500000.000000 3 5
3500000.000000 4 1
3500000.000000 6 1
3500000.000000 7 1
3500000.000000 12 1
3500000.000000 1085 1
3550000.000000 1 50
3550000.000000 2 10
3550000.000000 3 6
3550000.000000 4 4
3550000.000000 6 2
3550000.000000 1084 1
3600000.000000 1 44
3600000.000000 2 8
3600000.000000 3 5
3600000.000000 4 2
3600000.000000 6 2
3600000.000000 7 1
3600000.000000 10 1
3600000.000000 1088 1
3650000.000000 1 54
3650000.000000 2 9
3650000.000000 3 4
3650000.000000 4 2
3650000.000000 5 2
3650000.000000 6 2
3650000.000000 10 1
3650000.000000 1076 1
3700000.000000 1 60
3700000.000000 2 10
3700000.000000 3 4
3700000.000000 4 1
3700000.000000 5 2
3700000.000000 7 1
3700000.000000 12 1
3700000.000000 1075 1
3750000.000000 1 50
3750000.000000 2 20
3750000.000000 3 4
3750000.000000 4 1
3750000.000000 5 1
3750000.000000 8 1
3750000.000000 1081 1
3800000.000000 1 44
3800000.000000 2 20
3800000.000000 3 4
3800000.000000 4 1
3800000.000000 5 2
3800000.000000 7 1
3800000.000000 1083 1
3850000.000000 1 60
3850000.000000 2 15
3850000.000000 3 3
3850000.000000 4 3
3850000.000000 5 2
3850000.000000 1079 1
3900000.000000 1 51
3900000.000000 2 12
3900000.000000 3 6
3900000.000000 4 1
3900000.000000 5 2
3900000.000000 6 2
3900000.000000 1081 1
3950000.000000 1 60
3950000.000000 2 12
3950000.000000 3 3
3950000.000000 4 4
3950000.000000 5 1
3950000.000000 7 1
3950000.000000 1079 1
4000000.000000 1 48
4000000.000000 2 13
4000000.000000 3 4
4000000.000000 4 3
4000000.000000 5 1
4000000.000000 1097 1
4050000.000000 1 52
4050000.000000 2 15
4050000.000000 3 5
4050000.000000 4 1
4050000.000000 5 2
4050000.000000 1089 1
4100000.000000 1 48
4100000.000000 2 14
4100000.000000 3 1
4100000.000000 4 5
4100000.000000 1101 1
4150000.000000 1 43
4150000.000000 2 11
4150000.000000 3 4
4150000.000000 4 3
4150000.000000 5 1
4150000.000000 7 1
4150000.000000 1099 1
4200000.000000 1 57
4200000.000000 2 9
4200000.000000 3 6
4200000.000000 4 1
4200000.000000 5 2
4200000.000000 1093 1
4250000.000000 1 49
4250000.000000 2 16
4250000.000000 3 5
4250000.000000 4 3
4250000.000000 5 1
4250000.000000 1087 1
4300000.000000 1 61
4300000.000000 2 10
4300000.000000 3 4
4300000.000000 4 3
4300000.000000 5 1
4300000.000000 1090 1
4350000.000000 1 64
4350000.000000 2 9
4350000.000000 3 4
4350000.000000 4 1
4350000.000000 5 2
4350000.000000 1092 1
4400000.000000 1 50
4400000.000000 2 14
4400000.000000 3 3
4400000.000000 4 4
4400000.000000 1097 1
4450000.000000 1 55
4450000.000000 2 7
4450000.000000 3 3
4450000.000000 4 3
4450000.000000 7 1
4450000.000000 10 1
4450000.000000 1093 1
4500000.000000 1 61
4500000.000000 2 10
4500000.000000 3 4
4500000.000000 4 2
4500000.000000 10 1
4500000.000000 1089 1
4550000.000000 1 49
4550000.000000 2 10
4550000.000000 3 4
4550000.000000 4 3
4550000.000000 5 1
4550000.000000 9 1
4550000.000000 1093 1
4600000.000000 1 55
4600000.000000 2 15
4600000.000000 3 2
4600000.000000 4 3
4600000.000000 5 2
4600000.000000 7 1
4600000.000000 1080 1
4650000.000000 1 56
4650000.000000 2 13
4650000.000000 3 3
4650000.000000 5 1
4650000.000000 7 1
4650000.000000 8 1
4650000.000000 1089 1
4700000.000000 1 52
4700000.000000 2 12
4700000.000000 3 2
4700000.000000 4 3
4700000.000000 5 1
4700000.000000 7 1
4700000.000000 1094 1
4750000.000000 1 48
4750000.000000 2 16
4750000.000000 3 3
4750000.000000 5 2
4750000.000000 6 2
4750000.000000 1089 1
4800000.000000 1 44
4800000.000000 2 15
4800000.000000 3 3
4800000.000000 4 2
4800000.000000 5 1
4800000.000000 10 1
4800000.000000 1094 1
4850000.000000 1 58
4850000.000000 2 17
4850000.000000 3 1
4850000.000000 4 1
4850000.000000 8 1
4850000.000000 1093 1
4900000.000000 1 57
4900000.000000 2 13
4900000.000000 3 2
4900000.000000 4 1
4900000.000000 9 1
4900000.000000 1098 1
4950000.000000 1 51
4950000.000000 2 12
4950000.000000 3 5
4950000.000000 1110 1
5000000.000000 1 51
5000000.000000 2 10
5000000.000000 3 4
5000000.000000 4 3
5000000.000000 1105 1
5050000.000000 1 36
5050000.000000 2 15
5050000.000000 3 3
5050000.000000 4 2
5050000.000000 5 1
5050000.000000 6 1
5050000.000000 1106 1
5100000.000000 1 43
5100000.000000 2 16
5100000.000000 3 2
5100000.000000 4 2
5100000.000000 7 1
5100000.000000 1104 1
5150000.000000 1 43
5150000.000000 2 12
5150000.000000 3 6
5150000.000000 4 2
5150000.000000 1107 1
5200000.000000 1 46
5200000.000000 2 6
5200000.000000 3 3
5200000.000000 4 4
5200000.000000 1117 1
5250000.000000 1 49
5250000.000000 2 13
5250000.000000 3 3
5250000.000000 4 2
5250000.000000 5 1
5250000.000000 7 1
5250000.000000 1096 1
5300000.000000 1 66
5300000.000000 2 8
5300000.000000 3 4
5300000.000000 4 1
5300000.000000 1102 1
5350000.000000 1 57
5350000.000000 2 13
5350000.000000 3 1
5350000.000000 4 2
5350000.000000 1106 1
5400000.000000 1 51
5400000.000000 2 12
5400000.000000 3 1
5400000.000000 4 1
5400000.000000 8 1
5400000.000000 1110 1
5450000.000000 1 48
5450000.000000 2 12
5450000.000000 3 3
5450000.000000 4 1
5450000.000000 5 1
5450000.000000 1110 1
5500000.000000 1 61
5500000.000000 2 7
5500000.000000 3 1
5500000.000000 4 1
5500000.000000 5 2
5500000.000000 6 1
5500000.000000 1102 1
5550000.000000 1 47
5550000.000000 2 13
5550000.000000 3 3
5550000.000000 4 3
5550000.000000 5 1
5550000.000000 6 1
5550000.000000 1095 1
5600000.000000 1 52
5600000.000000 2 7
5600000.000000 3 3
5600000.000000 4 4
5600000.000000 5 2
5600000.000000 1099 1
5650000.000000 1 41
5650000.000000 2 10
5650000.000000 3 4
5650000.000000 4 4
5650000.000000 5 1
5650000.000000 6 1
5650000.000000 1100 1
5700000.000000 1 57
5700000.000000 2 10
5700000.000000 3 3
5700000.000000 4 1
5700000.000000 7 1
5700000.000000 1103 1
5750000.000000 1 46
5750000.000000 2 6
5750000.000000 3 9
5750000.000000 1115 1
5800000.000000 1 53
5800000.000000 2 5
5800000.000000 3 5
5800000.000000 4 1
5800000.000000 6 2
5800000.000000 1106 1
5850000.000000 1 59
5850000.000000 2 7
5850000.000000 3 1
5850000.000000 4 1
5850000.000000 6 1
5850000.000000 9 1
5850000.000000 1105 1
5900000.000000 1 56
5900000.000000 2 11
5900000.000000 3 1
5900000.000000 4 2
5900000.000000 6 1
5900000.000000 1105 1
5950000.000000 1 54
5950000.000000 2 10
5950000.000000 3 4
5950000.000000 4 3
5950000.000000 1102 1
6000000.000000 1 51
6000000.000000 2 13
6000000.000000 3 3
6000000.000000 4 2
6000000.000000 1106 1
6050000.000000 1 38
6050000.000000 2 13
6050000.000000 3 4
6050000.000000 5 1
6050000.000000 6 1
6050000.000000 1113 1
6100000.000000 1 52
6100000.000000 2 11
6100000.000000 3 5
6100000.000000 7 1
6100000.000000 1104 1
6150000.000000 1 58
6150000.000000 2 12
6150000.000000 3 2
6150000.000000 4 1
6150000.000000 5 1
6150000.000000 6 1
6150000.000000 1097 1
6200000.000000 1 50
6200000.000000 2 9
6200000.000000 3 7
6200000.000000 4 2
6200000.000000 1103 1
6250000.000000 1 56
6250000.000000 2 9
6250000.000000 3 3
6250000.000000 4 4
6250000.000000 5 2
6250000.000000 1091 1
6300000.000000 1 54
6300000.000000 2 11
6300000.000000 4 3
6300000.000000 1112 1
6350000.000000 1 56
6350000.000000 2 16
6350000.000000 3 4
6350000.000000 1100 1
6400000.000000 1 48
6400000.000000 2 15
6400000.000000 3 6
6400000.000000 5 1
6400000.000000 6 1
6400000.000000 7 1
6400000.000000 1086 1
6450000.000000 1 57
6450000.000000 2 9
6450000.000000 3 5
6450000.000000 4 2
6450000.000000 1102 1
6500000.000000 1 59
6500000.000000 2 6
6500000.000000 3 5
6500000.000000 4 1
6500000.000000 5 2
6500000.000000 7 1
6500000.000000 1093 1
6550000.000000 1 50
6550000.000000 2 12
6550000.000000 3 4
6550000.000000 4 3
6550000.000000 6 1
6550000.000000 8 1
6550000.000000 1088 1
6600000.000000 1 53
6600000.000000 2 10
6600000.000000 3 5
6600000.000000 4 5
6600000.000000 5 1
6600000.000000 8 1
6600000.000000 1079 1
6650000.000000 1 48
6650000.000000 2 11
6650000.000000 3 5
6650000.000000 4 3
6650000.000000 5 2
6650000.000000 6 1
6650000.000000 1087 1
6700000.000000 1 51
6700000.000000 2 12
6700000.000000 3 7
6700000.000000 5 1
6700000.000000 6 1
6700000.000000 1093 1
6750000.000000 1 50
6750000.000000 2 10
6750000.000000 3 6
6750000.000000 4 2
6750000.000000 5 1
6750000.000000 6 2
6750000.000000 1087 1
6800000.000000 1 57
6800000.000000 2 11
6800000.000000 3 4
6800000.000000 5 2
6800000.000000 6 1
6800000.000000 10 1
6800000.000000 1083 1
6850000.000000 1 49
6850000.000000 2 12
6850000.000000 3 8
6850000.000000 4 1
6850000.000000 5 3
6850000.000000 7 1
6850000.000000 1077 1
6900000.000000 1 63
6900000.000000 2 11
6900000.000000 3 2
6900000.000000 4 3
6900000.000000 5 2
6900000.000000 6 1
6900000.000000 1081 1
6950000.000000 1 42
6950000.000000 2 9
6950000.000000 3 5
6950000.000000 4 2
6950000.000000 5 2
6950000.000000 7 1
6950000.000000 8 1
6950000.000000 13 1
6950000.000000 1079 1
7000000.000000 1 57
7000000.000000 2 15
7000000.000000 3 6
7000000.000000 5 1
7000000.000000 6 1
7000000.000000 7 1
7000000.000000 1077 1
7050000.000000 1 54
7050000.000000 2 11
7050000.000000 3 5
7050000.000000 4 2
7050000.000000 5 2
7050000.000000 1091 1
7100000.000000 1 49
7100000.000000 2 11
7100000.000000 3 5
7100000.000000 4 1
7100000.000000 5 3
7100000.000000 1095 1
7150000.000000 1 55
7150000.000000 2 8
7150000.000000 3 6
7150000.000000 4 3
7150000.000000 6 1
7150000.000000 7 1
7150000.000000 1086 1
7200000.000000 1 39
7200000.000000 2 11
7200000.000000 3 5
7200000.000000 4 4
7200000.000000 5 2
7200000.000000 1098 1
7250000.000000 1 55
7250000.000000 2 9
7250000.000000 3 2
7250000.000000 4 2
7250000.000000 5 1
7250000.000000 6 1
7250000.000000 7 1
7250000.000000 1095 1
7300000.000000 1 55
7300000.000000 2 9
7300000.000000 3 4
7300000.000000 4 3
7300000.000000 1103 1
7350000.000000 1 45
7350000.000000 2 19
7350000.000000 3 4
7350000.000000 4 1
7350000.000000 5 2
7350000.000000 1091 1
7400000.000000 1 54
7400000.000000 2 13
7400000.000000 3 4
7400000.000000 4 2
7400000.000000 5 2
7400000.000000 1090 1
7450000.000000 1 50
7450000.000000 2 11
7450000.000000 3 5
7450000.000000 4 4
7450000.000000 5 1
7450000.000000 1092 1
7500000.000000 1 51
7500000.000000 2 15
7500000.000000 3 4
7500000.000000 5 1
7500000.000000 7 1
7500000.000000 1095 1
7550000.000000 1 44
7550000.000000 2 12
7550000.000000 3 6
7550000.000000 4 1
7550000.000000 5 2
7550000.000000 1100 1
7600000.000000 1 44
7600000.000000 2 17
7600000.000000 3 3
7600000.000000 4 2
7600000.000000 5 2
7600000.000000 1095 1
7650000.000000 1 55
7650000.000000 2 11
7650000.000000 3 7
7650000.000000 5 2
7650000.000000 1092 1
7700000.000000 1 68
7700000.000000 2 11
7700000.000000 3 3
7700000.000000 4 1
7700000.000000 5 1
7700000.000000 1092 1
7750000.000000 1 55
7750000.000000 2 15
7750000.000000 3 4
7750000.000000 4 2
7750000.000000 5 2
7750000.000000 1085 1
7800000.000000 1 56
7800000.000000 2 11
7800000.000000 3 5
7800000.000000 4 3
7800000.000000 5 1
7800000.000000 1090 1
7850000.000000 1 54
7850000.000000 2 10
7850000.000000 3 6
7850000.000000 4 2
7850000.000000 5 2
7850000.000000 1090 1
7900000.000000 1 53
7900000.000000 2 9
7900000.000000 3 6
7900000.000000 4 3
7900000.000000 5 1
7900000.000000 1094 1
7950000.000000 1 44
7950000.000000 2 10
7950000.000000 3 7
7950000.000000 4 3
7950000.000000 10 1
7950000.000000 1093 1
8000000.000000 1 47
8000000.000000 2 16
8000000.000000 3 2
8000000.000000 5 1
8000000.000000 6 1
8000000.000000 7 1
8000000.000000 9 1
8000000.000000 1088 1
8050000.000000 1 51
8050000.000000 2 12
8050000.000000 3 5
8050000.000000 4 2
8050000.000000 6 1
8050000.000000 7 1
8050000.000000 11 1
8050000.000000 1078 1
8100000.000000 1 47
8100000.000000 2 10
8100000.000000 3 4
8100000.000000 4 1
8100000.000000 8 2
8100000.000000 1101 1
8150000.000000 1 55
8150000.000000 2 9
8150000.000000 3 4
8150000.000000 4 2
8150000.000000 5 1
8150000.000000 8 1
8150000.000000 1094 1
8200000.000000 1 37
8200000.000000 2 15
8200000.000000 3 2
8200000.000000 4 2
8200000.000000 5 1
8200000.000000 6 2
8200000.000000 12 1
8200000.000000 1090 1
8250000.000000 1 50
8250000.000000 2 8
8250000.000000 3 1
8250000.000000 4 2
8250000.000000 5 1
8250000.000000 6 1
8250000.000000 7 1
8250000.000000 10 1
8250000.000000 1095 1
8300000.000000 1 51
8300000.000000 2 7
8300000.000000 3 5
8300000.000000 4 2
8300000.000000 6 1
8300000.000000 8 1
8300000.000000 1098 1
8350000.000000 1 55
8350000.000000 2 9
8350000.000000 3 6
8350000.000000 4 1
8350000.000000 5 2
8350000.000000 1095 1
8400000.000000 1 53
8400000.000000 2 12
8400000.000000 3 7
8400000.000000 7 1
8400000.000000 8 1
8400000.000000 1087 1
8450000.000000 1 35
8450000.000000 2 10
8450000.000000 3 5
8450000.000000 4 1
8450000.000000 6 2
8450000.000000 9 1
8450000.000000 1105 1
8500000.000000 1 59
8500000.000000 2 8
8500000.000000 3 4
8500000.000000 4 4
8500000.000000 6 1
8500000.000000 1091 1
8550000.000000 1 51
8550000.000000 2 15
8550000.000000 3 3
8550000.000000 4 4
8550000.000000 5 1
8550000.000000 1089 1
8600000.000000 1 58
8600000.000000 2 10
8600000.000000 3 8
8600000.000000 4 1
8600000.000000 5 1
8600000.000000 1089 1
8650000.000000 1 46
8650000.000000 2 11
8650000.000000 3 5
8650000.000000 4 3
8650000.000000 5 1
8650000.000000 1100 1
8700000.000000 1 46
8700000.000000 2 14
8700000.000000 3 6
8700000.000000 4 4
8700000.000000 1092 1
8750000.000000 1 53
8750000.000000 2 11
8750000.000000 3 3
8750000.000000 4 2
8750000.000000 5 1
8750000.000000 6 3
8750000.000000 1085 1
8800000.000000 1 57
8800000.000000 2 11
8800000.000000 3 4
8800000.000000 4 1
8800000.000000 5 1
8800000.000000 6 1
8800000.000000 30 1
8800000.000000 1064 1
8850000.000000 1 65
8850000.000000 2 9
8850000.000000 3 5
8850000.000000 4 2
8850000.000000 6 1
8850000.000000 1088 1
8900000.000000 1 49
8900000.000000 2 9
8900000.000000 3 5
8900000.000000 4 2
8900000.000000 5 1
8900000.000000 6 2
8900000.000000 1093 1
8950000.000000 1 49
8950000.000000 2 16
8950000.000000 3 3
8950000.000000 1110 1
9000000.000000 1 58
9000000.000000 2 10
9000000.000000 3 5
9000000.000000 4 1
9000000.000000 1103 1
9050000.000000 1 51
9050000.000000 2 10
9050000.000000 3 4
9050000.000000 4 4
9050000.000000 5 1
9050000.000000 1096 1
9100000.000000 1 50
9100000.000000 2 11
9100000.000000 3 7
9100000.000000 5 2
9100000.000000 1097 1
9150000.000000 1 52
9150000.000000 2 14
9150000.000000 3 4
9150000.000000 5 2
9150000.000000 1098 1
9200000.000000 1 47
9200000.000000 2 13
9200000.000000 3 3
9200000.000000 4 3
9200000.000000 5 1
9200000.000000 6 1
9200000.000000 1095 1
9250000.000000 1 46
9250000.000000 2 15
9250000.000000 3 3
9250000.000000 4 2
9250000.000000 5 1
9250000.000000 9 1
9250000.000000 1093 1
9300000.000000 1 53
9300000.000000 2 16
9300000.000000 3 3
9300000.000000 7 1
9300000.000000 10 1
9300000.000000 1089 1
9350000.000000 1 69
9350000.000000 2 14
9350000.000000 4 2
9350000.000000 6 1
9350000.000000 1089 1
9400000.000000 1 59
9400000.000000 2 13
9400000.000000 3 3
9400000.000000 4 1
9400000.000000 9 1
9400000.000000 1093 1
9450000.000000 1 62
9450000.000000 2 14
9450000.000000 3 1
9450000.000000 4 1
9450000.000000 5 1
9450000.000000 8 1
9450000.000000 1090 1
9500000.000000 1 56
9500000.000000 2 13
9500000.000000 3 4
9500000.000000 4 2
9500000.000000 9 1
9500000.000000 1089 1
9550000.000000 1 49
9550000.000000 2 10
9550000.000000 3 3
9550000.000000 5 1
9550000.000000 6 1
9550000.000000 7 1
9550000.000000 1104 1
9600000.000000 1 45
9600000.000000 2 10
9600000.000000 3 3
9600000.000000 5 2
9600000.000000 7 1
9600000.000000 10 1
9600000.000000 1099 1
9650000.000000 1 55
9650000.000000 2 8
9650000.000000 3 4
9650000.000000 4 1
9650000.000000 6 1
9650000.000000 1107 1
9700000.000000 1 49
9700000.000000 2 10
9700000.000000 3 4
9700000.000000 4 1
9700000.000000 6 1
9700000.000000 7 1
9700000.000000 1102 1
9750000.000000 1 46
9750000.000000 2 11
9750000.000000 3 5
9750000.000000 4 2
9750000.000000 9 1
9750000.000000 1100 1
9800000.000000 1 46
9800000.000000 2 7
9800000.000000 3 5
9800000.000000 6 1
9800000.000000 9 1
9800000.000000 1110 1
9850000.000000 1 38
9850000.000000 2 11
9850000.000000 3 5
9850000.000000 4 1
9850000.000000 5 2
9850000.000000 10 1
9850000.000000 1101 1
9900000.000000 1 42
9900000.000000 2 9
9900000.000000 3 2
9900000.000000 4 5
9900000.000000 6 1
9900000.000000 7 1
9900000.000000 1101 1
9950000.000000 1 53
9950000.000000 2 6
9950000.000000 3 4
9950000.000000 4 2
9950000.000000 5 1
9950000.000000 6 1
9950000.000000 11 1
9950000.000000 1093 1
10000000.000000 1 44
10000000.000000 2 5
10000000.000000 3 4
10000000.000000 4 3
10000000.000000 5 2
10000000.000000 6 1
10000000.000000 9 1
10000000.000000 1097 1
10050000.000000 1 45
10050000.000000 2 10
10050000.000000 3 4
10050000.000000 4 3
10050000.000000 7 1
10050000.000000 1104 1
10100000.000000 1 46
10100000.000000 2 11
10100000.000000 3 3
10100000.000000 4 1
10100000.000000 5 1
10100000.000000 6 1
10100000.000000 10 1
10100000.000000 1098 1
10150000.000000 1 48
10150000.000000 2 11
10150000.000000 3 5
10150000.000000 4 1
10150000.000000 5 1
10150000.000000 13 1
10150000.000000 1093 1
10200000.000000 1 42
10200000.000000 2 11
10200000.000000 3 4
10200000.000000 4 1
10200000.000000 5 1
10200000.000000 6 1
10200000.000000 12 1
10200000.000000 1097 1
10250000.000000 1 50
10250000.000000 2 16
10250000.000000 3 1
10250000.000000 4 1
10250000.000000 6 2
10250000.000000 11 1
10250000.000000 1088 1
10300000.000000 1 59
10300000.000000 2 7
10300000.000000 3 4
10300000.000000 4 2
10300000.000000 9 1
10300000.000000 1098 1
10350000.000000 1 47
10350000.000000 2 5
10350000.000000 3 5
10350000.000000 4 4
10350000.000000 8 1
10350000.000000 1104 1
10400000.000000 1 47
10400000.000000 2 11
10400000.000000 3 1
10400000.000000 4 1
10400000.000000 5 1
10400000.000000 10 2
10400000.000000 1099 1
10450000.000000 1 62
10450000.000000 2 7
10450000.000000 3 4
10450000.000000 4 2
10450000.000000 5 2
10450000.000000 1094 1
10500000.000000 1 58
10500000.000000 2 12
10500000.000000 3 5
10500000.000000 4 1
10500000.000000 5 1
10500000.000000 1094 1
10550000.000000 1 50
10550000.000000 2 10
10550000.000000 3 8
10550000.000000 5 2
10550000.000000 1096 1
10600000.000000 1 51
10600000.000000 2 12
10600000.000000 3 6
10600000.000000 4 2
10600000.000000 6 1
10600000.000000 1093 1
10650000.000000 1 55
10650000.000000 2 10
10650000.000000 3 4
10650000.000000 4 3
10650000.000000 5 1
10650000.000000 1096 1
10700000.000000 1 60
10700000.000000 2 13
10700000.000000 3 2
10700000.000000 4 1
10700000.000000 5 2
10700000.000000 6 1
10700000.000000 1088 1
10750000.000000 1 57
10750000.000000 2 14
10750000.000000 3 4
10750000.000000 4 2
10750000.000000 1095 1
10800000.000000 1 61
10800000.000000 2 11
10800000.000000 3 3
10800000.000000 4 1
10800000.000000 5 1
10800000.000000 1099 1
10850000.000000 1 46
10850000.000000 2 13
10850000.000000 3 9
10850000.000000 1101 1
10900000.000000 1 48
10900000.000000 2 13
10900000.000000 3 5
10900000.000000 5 3
10900000.000000 6 1
10900000.000000 1090 1
10950000.000000 1 60
10950000.000000 2 6
10950000.000000 3 4
10950000.000000 5 1
10950000.000000 9 2
10950000.000000 1093 1
11000000.000000 1 61
11000000.000000 2 9
11000000.000000 3 2
11000000.000000 4 3
11000000.000000 5 1
11000000.000000 6 1
11000000.000000 1092 1
11050000.000000 1 61
11050000.000000 2 10
11050000.000000 3 3
11050000.000000 4 2
11050000.000000 1102 1
11100000.000000 1 59
11100000.000000 2 10
11100000.000000 3 2
11100000.000000 4 1
11100000.000000 10 1
11100000.000000 1101 1
11150000.000000 1 59
11150000.000000 2 11
11150000.000000 3 5
11150000.000000 4 1
11150000.000000 1100 1
11200000.000000 1 58
11200000.000000 2 14
11200000.000000 3 5
11200000.000000 4 2
11200000.000000 1091 1
11250000.000000 1 58
11250000.000000 2 20
11250000.000000 3 1
11250000.000000 4 2
11250000.000000 1091 1
11300000.000000 1 52
11300000.000000 2 13
11300000.000000 3 2
11300000.000000 4 2
11300000.000000 5 1
11300000.000000 1103 1
11350000.000000 1 48
11350000.000000 2 14
11350000.000000 3 3
11350000.000000 4 1
11350000.000000 5 1
11350000.000000 11 1
11350000.000000 1095 1
11400000.000000 1 61
11400000.000000 2 6
11400000.000000 3 1
11400000.000000 4 2
11400000.000000 5 1
11400000.000000 9 1
11400000.000000 1102 1
11450000.000000 1 61
11450000.000000 2 7
11450000.000000 3 2
11450000.000000 4 1
11450000.000000 6 1
11450000.000000 7 1
11450000.000000 1102 1
11500000.000000 1 62
11500000.000000 2 6
11500000.000000 3 4
11500000.000000 4 2
11500000.000000 6 2
11500000.000000 1094 1
11550000.000000 1 56
11550000.000000 2 8
11550000.000000 3 7
11550000.000000 4 1
11550000.000000 7 1
11550000.000000 1096 1
11600000.000000 1 49
11600000.000000 2 15
11600000.000000 3 3
11600000.000000 4 1
11600000.000000 5 1
11600000.000000 6 1
11600000.000000 1097 1
11650000.000000 1 51
11650000.000000 2 9
11650000.000000 3 2
11650000.000000 4 2
11650000.000000 6 2
11650000.000000 1105 1
11700000.000000 1 57
11700000.000000 2 9
11700000.000000 3 4
11700000.000000 6 2
11700000.000000 1101 1
11750000.000000 1 55
11750000.000000 2 8
11750000.000000 3 3
11750000.000000 5 2
11750000.000000 6 1
11750000.000000 1104 1
11800000.000000 1 53
11800000.000000 2 8
11800000.000000 3 4
11800000.000000 4 1
11800000.000000 5 1
11800000.000000 6 2
11800000.000000 1098 1
11850000.000000 1 50
11850000.000000 2 12
11850000.000000 3 2
11850000.000000 4 1
11850000.000000 5 2
11850000.000000 6 1
11850000.000000 1100 1
11900000.000000 1 52
11900000.000000 2 15
11900000.000000 3 4
11900000.000000 4 1
11900000.000000 1102 1
11950000.000000 1 50
11950000.000000 2 11
11950000.000000 3 4
11950000.000000 5 1
11950000.000000 6 1
11950000.000000 1105 1
12000000.000000 1 60
12000000.000000 2 11
12000000.000000 3 1
12000000.000000 4 2
12000000.000000 5 1
12000000.000000 1102 1
12050000.000000 1 61
12050000.000000 2 12
12050000.000000 3 3
12050000.000000 4 1
12050000.000000 6 1
12050000.000000 1096 1
12100000.000000 1 59
12100000.000000 2 8
12100000.000000 3 3
12100000.000000 4 3
12100000.000000 8 1
12100000.000000 9 1
12100000.000000 1087 1
12150000.000000 1 64
12150000.000000 2 7
12150000.000000 3 4
12150000.000000 4 2
12150000.000000 1102 1
12200000.000000 1 48
12200000.000000 2 11
12200000.000000 3 4
12200000.000000 4 2
12200000.000000 5 1
12200000.000000 7 1
12200000.000000 1098 1
12250000.000000 1 55
12250000.000000 2 9
12250000.000000 3 4
12250000.000000 4 3
12250000.000000 5 2
12250000.000000 1093 1
12300000.000000 1 69
12300000.000000 2 14
12300000.000000 3 3
12300000.000000 4 1
12300000.000000 1090 1
12350000.000000 1 61
12350000.000000 2 9
12350000.000000 3 5
12350000.000000 4 3
12350000.000000 1094 1
12400000.000000 1 55
12400000.000000 2 9
12400000.000000 3 1
12400000.000000 4 6
12400000.000000 1100 1
12450000.000000 1 45
12450000.000000 2 13
12450000.000000 3 7
12450000.000000 4 1
12450000.000000 5 1
12450000.000000 1099 1
12500000.000000 1 53
12500000.000000 2 10
12500000.000000 3 6
12500000.000000 5 2
12500000.000000 6 1
12500000.000000 7 1
12500000.000000 1086 1
12550000.000000 1 39
12550000.000000 2 19
12550000.000000 3 5
12550000.000000 7 1
12550000.000000 1101 1
12600000.000000 1 51
12600000.000000 2 11
12600000.000000 3 6
12600000.000000 4 1
12600000.000000 6 1
12600000.000000 1099 1
12650000.000000 1 48
12650000.000000 2 10
12650000.000000 3 4
12650000.000000 4 3
12650000.000000 1108 1
12700000.000000 1 47
12700000.000000 2 13
12700000.000000 3 3
12700000.000000 4 2
12700000.000000 6 1
12700000.000000 9 1
12700000.000000 1095 1
12750000.000000 1 60
12750000.000000 2 11
12750000.000000 3 5
12750000.000000 4 1
12750000.000000 5 1
12750000.000000 9 1
12750000.000000 1085 1
12800000.000000 1 50
12800000.000000 2 11
12800000.000000 3 5
12800000.000000 4 3
12800000.000000 6 1
12800000.000000 8 1
12800000.000000 1087 1
12850000.000000 1 47
12850000.000000 2 8
12850000.000000 3 8
12850000.000000 4 2
12850000.000000 5 1
12850000.000000 11 1
12850000.000000 1089 1
12900000.000000 1 53
12900000.000000 2 8
12900000.000000 3 5
12900000.000000 4 1
12900000.000000 5 1
12900000.000000 10 1
12900000.000000 1097 1
12950000.000000 1 57
12950000.000000 2 12
12950000.000000 3 4
12950000.000000 4 2
12950000.000000 9 1
12950000.000000 1090 1
13000000.000000 1 56
13000000.000000 2 8
13000000.000000 3 1
13000000.000000 4 1
13000000.000000 5 1
13000000.000000 6 1
13000000.000000 7 1
13000000.000000 9 1
13000000.000000 1094 1
13050000.000000 1 53
13050000.000000 2 14
13050000.000000 3 1
13050000.000000 5 1
13050000.000000 6 1
13050000.000000 7 2
13050000.000000 1091 1
13100000.000000 1 42
13100000.000000 2 9
13100000.000000 3 6
13100000.000000 4 1
13100000.000000 8 1
13100000.000000 1110 1
13150000.000000 1 52
13150000.000000 2 8
13150000.000000 3 6
13150000.000000 4 3
13150000.000000 1102 1
13200000.000000 1 46
13200000.000000 2 10
13200000.000000 3 4
13200000.000000 4 1
13200000.000000 5 2
13200000.000000 1108 1
13250000.000000 1 50
13250000.000000 2 10
13250000.000000 3 7
13250000.000000 4 1
13250000.000000 5 1
13250000.000000 1100 1
13300000.000000 1 49
13300000.000000 2 10
13300000.000000 3 2
13300000.000000 4 1
13300000.000000 5 1
13300000.000000 7 2
13300000.000000 8 1
13300000.000000 1094 1
13350000.000000 1 56
13350000.000000 2 14
13350000.000000 3 2
13350000.000000 4 2
13350000.000000 5 1
13350000.000000 6 1
13350000.000000 1091 1
13400000.000000 1 45
13400000.000000 2 17
13400000.000000 3 3
13400000.000000 7 2
13400000.000000 8 1
13400000.000000 1090 1
13450000.000000 1 55
13450000.000000 2 10
13450000.000000 3 1
13450000.000000 4 2
13450000.000000 5 2
13450000.000000 10 1
13450000.000000 1094 1
13500000.000000 1 43
13500000.000000 2 15
13500000.000000 3 3
13500000.000000 4 4
13500000.000000 5 2
13500000.000000 1092 1
13550000.000000 1 45
13550000.000000 2 12
13550000.000000 3 3
13550000.000000 5 1
13550000.000000 6 1
13550000.000000 10 1
13550000.000000 1101 1
13600000.000000 1 46
13600000.000000 2 10
13600000.000000 3 6
13600000.000000 4 1
13600000.000000 5 1
13600000.000000 9 1
13600000.000000 1098 1
13650000.000000 1 56
13650000.000000 2 14
13650000.000000 3 1
13650000.000000 4 2
13650000.000000 5 1
13650000.000000 1100 1
13700000.000000 1 51
13700000.000000 2 10
13700000.000000 3 4
13700000.000000 6 1
13700000.000000 9 1
13700000.000000 1102 1
13750000.000000 1 52
13750000.000000 2 6
13750000.000000 3 1
13750000.000000 4 1
13750000.000000 8 1
13750000.000000 9 1
13750000.000000 13 1
13750000.000000 1099 1
13800000.000000 1 52
13800000.000000 2 7
13800000.000000 3 3
13800000.000000 4 1
13800000.000000 5 1
13800000.000000 6 1
13800000.000000 12 1
13800000.000000 1098 1
13850000.000000 1 48
13850000.000000 2 8
13850000.000000 3 4
13850000.000000 5 1
13850000.000000 6 1
13850000.000000 8 1
13850000.000000 1105 1
13900000.000000 1 44
13900000.000000 2 14
13900000.000000 3 1
13900000.000000 4 3
13900000.000000 6 1
13900000.000000 8 1
13900000.000000 1099 1
13950000.000000 1 46
13950000.000000 2 11
13950000.000000 3 4
13950000.000000 4 1
13950000.000000 5 3
13950000.000000 1101 1
14000000.000000 1 40
14000000.000000 2 13
14000000.000000 3 1
14000000.000000 4 3
14000000.000000 5 1
14000000.000000 7 1
14000000.000000 1107 1
14050000.000000 1 55
14050000.000000 2 13
14050000.000000 3 4
14050000.000000 4 1
14050000.000000 5 1
14050000.000000 1098 1
14100000.000000 1 64
14100000.000000 2 6
14100000.000000 3 7
14100000.000000 4 2
14100000.000000 5 1
14100000.000000 1090 1
14150000.000000 1 57
14150000.000000 2 11
14150000.000000 4 1
14150000.000000 5 1
14150000.000000 6 1
14150000.000000 7 1
14150000.000000 1099 1
14200000.000000 1 28
14200000.000000 2 12
14200000.000000 3 4
14200000.000000 4 2
14200000.000000 7 1
14200000.000000 8 1
14200000.000000 1113 1
14250000.000000 1 30
14250000.000000 2 8
14250000.000000 3 2
14250000.000000 4 5
14250000.000000 6 1
14250000.000000 8 1
14250000.000000 1114 1
14300000.000000 1 44
14300000.000000 2 11
14300000.000000 3 1
14300000.000000 4 3
14300000.000000 5 1
14300000.000000 9 1
14300000.000000 1105 1
14350000.000000 1 50
14350000.000000 2 14
14350000.000000 3 4
14350000.000000 4 1
14350000.000000 5 1
14350000.000000 1101 1
14400000.000000 1 58
14400000.000000 2 7
14400000.000000 3 6
14400000.000000 8 1
14400000.000000 1102 1
14450000.000000 1 53
14450000.000000 2 13
14450000.000000 3 4
14450000.000000 5 2
14450000.000000 7 1
14450000.000000 1092 1
14500000.000000 1 67
14500000.000000 2 9
14500000.000000 3 3
14500000.000000 4 2
14500000.000000 1098 1
14550000.000000 1 47
14550000.000000 2 10
14550000.000000 3 6
14550000.000000 4 3
14550000.000000 7 1
14550000.000000 1096 1
14600000.000000 1 52
14600000.000000 2 7
14600000.000000 3 3
14600000.000000 4 1
14600000.000000 5 1
14600000.000000 10 1
14600000.000000 1106 1
14650000.000000 1 46
14650000.000000 2 12
14650000.000000 3 2
14650000.000000 4 2
14650000.000000 6 1
14650000.000000 7 1
14650000.000000 1103 1
14700000.000000 1 53
14700000.000000 2 14
14700000.000000 3 1
14700000.000000 4 1
14700000.000000 6 1
14700000.000000 7 1
14700000.000000 1099 1
14750000.000000 1 63
14750000.000000 2 11
14750000.000000 3 3
14750000.000000 4 3
14750000.000000 5 1
14750000.000000 1089 1
14800000.000000 1 63
14800000.000000 2 15
14800000.000000 3 4
14800000.000000 6 1
14800000.000000 1089 1
14850000.000000 1 58
14850000.000000 2 10
14850000.000000 3 7
14850000.000000 4 1
14850000.000000 1097 1
14900000.000000 1 61
14900000.000000 2 7
14900000.000000 3 1
14900000.000000 4 3
14900000.000000 5 1
14900000.000000 6 1
14900000.000000 7 1
14900000.000000 1092 1
14950000.000000 1 58
14950000.000000 2 14
14950000.000000 3 2
14950000.000000 5 1
14950000.000000 1103 1
15000000.000000 1 51
15000000.000000 2 16
15000000.000000 3 2
15000000.000000 4 2
15000000.000000 7 1
15000000.000000 1096 1
15050000.000000 1 56
15050000.000000 2 13
15050000.000000 3 2
15050000.000000 4 3
15050000.000000 1100 1
15100000.000000 1 57
15100000.000000 2 7
15100000.000000 3 5
15100000.000000 4 1
15100000.000000 1110 1
15150000.000000 1 57
15150000.000000 2 8
15150000.000000 3 4
15150000.000000 4 1
15150000.000000 5 1
15150000.000000 1106 1
15200000.000000 1 50
15200000.000000 2 12
15200000.000000 3 5
15200000.000000 5 1
15200000.000000 1106 1
15250000.000000 1 44
15250000.000000 2 6
15250000.000000 3 4
15250000.000000 4 1
15250000.000000 6 2
15250000.000000 8 1
15250000.000000 1108 1
15300000.000000 1 49
15300000.000000 2 12
15300000.000000 3 2
15300000.000000 4 2
15300000.000000 5 2
15300000.000000 1103 1
15350000.000000 1 53
15350000.000000 2 15
15350000.000000 3 7
15350000.000000 4 2
15350000.000000 1088 1
15400000.000000 1 56
15400000.000000 2 15
15400000.000000 3 7
15400000.000000 5 1
15400000.000000 1088 1
15450000.000000 1 73
15450000.000000 2 14
15450000.000000 3 5
15450000.000000 4 1
15450000.000000 5 1
15450000.000000 1075 1
15500000.000000 1 53
15500000.000000 2 19
15500000.000000 3 4
15500000.000000 4 2
15500000.000000 8 1
15500000.000000 1081 1
15550000.000000 1 48
15550000.000000 2 15
15550000.000000 3 2
15550000.000000 4 1
15550000.000000 5 2
15550000.000000 6 1
15550000.000000 7 1
15550000.000000 1089 1
15600000.000000 1 47
15600000.000000 2 11
15600000.000000 3 5
15600000.000000 4 3
15600000.000000 5 1
15600000.000000 1099 1
15650000.000000 1 60
15650000.000000 2 15
15650000.000000 3 4
15650000.000000 4 1
15650000.000000 5 1
15650000.000000 1089 1
15700000.000000 1 51
15700000.000000 2 8
15700000.000000 3 6
15700000.000000 4 2
15700000.000000 5 1
15700000.000000 6 1
15700000.000000 1096 1
15750000.000000 1 56
15750000.000000 2 15
15750000.000000 3 3
15750000.000000 1105 1
15800000.000000 1 59
15800000.000000 2 9
15800000.000000 3 3
15800000.000000 5 1
15800000.000000 7 1
15800000.000000 1102 1
15850000.000000 1 55
15850000.000000 2 14
15850000.000000 3 3
15850000.000000 4 1
15850000.000000 1104 1
15900000.000000 1 62
15900000.000000 2 10
15900000.000000 3 4
15900000.000000 4 2
15900000.000000 7 1
15900000.000000 1091 1
15950000.000000 1 45
15950000.000000 2 17
15950000.000000 3 6
15950000.000000 5 2
15950000.000000 6 1
15950000.000000 1087 1
16000000.000000 1 61
16000000.000000 2 17
16000000.000000 3 1
16000000.000000 7 1
16000000.000000 9 1
16000000.000000 1086 1
16050000.000000 1 48
16050000.000000 2 13
16050000.000000 3 1
16050000.000000 4 2
16050000.000000 5 2
16050000.000000 7 1
16050000.000000 1098 1
16100000.000000 1 45
16100000.000000 2 8
16100000.000000 3 7
16100000.000000 4 3
16100000.000000 5 1
16100000.000000 10 1
16100000.000000 1091 1
16150000.000000 1 56
16150000.000000 2 12
16150000.000000 3 4
16150000.000000 4 3
16150000.000000 5 1
16150000.000000 6 1
16150000.000000 7 1
16150000.000000 1078 1
16200000.000000 1 60
16200000.000000 2 10
16200000.000000 3 6
16200000.000000 4 4
16200000.000000 6 2
16200000.000000 1074 1
16250000.000000 1 67
16250000.000000 2 9
16250000.000000 3 6
16250000.000000 4 3
16250000.000000 5 1
16250000.000000 7 1
16250000.000000 1073 1
16300000.000000 1 49
16300000.000000 2 16
16300000.000000 3 5
16300000.000000 4 5
16300000.000000 8 1
16300000.000000 1076 1
16350000.000000 1 50
16350000.000000 2 14
16350000.000000 3 6
16350000.000000 5 1
16350000.000000 6 1
16350000.000000 7 1
16350000.000000 10 1
16350000.000000 1076 1
16400000.000000 1 47
16400000.000000 2 10
16400000.000000 3 6
16400000.000000 4 3
16400000.000000 5 2
16400000.000000 7 1
16400000.000000 10 1
16400000.000000 1076 1
16450000.000000 1 60
16450000.000000 2 12
16450000.000000 3 6
16450000.000000 4 2
16450000.000000 5 2
16450000.000000 6 1
16450000.000000 7 1
16450000.000000 1067 1
16500000.000000 1 52
16500000.000000 2 9
16500000.000000 3 8
16500000.000000 4 3
16500000.000000 6 1
16500000.000000 11 1
16500000.000000 1077 1
16550000.000000 1 49
16550000.000000 2 12
16550000.000000 3 8
16550000.000000 4 1
16550000.000000 5 1
16550000.000000 7 1
16550000.000000 1087 1
16600000.000000 1 55
16600000.000000 2 14
16600000.000000 3 7
16600000.000000 4 3
16600000.000000 6 1
16600000.000000 8 1
16600000.000000 1070 1
16650000.000000 1 51
16650000.000000 2 16
16650000.000000 3 5
16650000.000000 4 1
16650000.000000 5 2
16650000.000000 11 1
16650000.000000 1077 1
16700000.000000 1 50
16700000.000000 2 14
16700000.000000 3 3
16700000.000000 4 3
16700000.000000 5 1
16700000.000000 6 1
16700000.000000 8 1
16700000.000000 1082 1
16750000.000000 1 46
16750000.000000 2 10
16750000.000000 3 4
16750000.000000 4 3
16750000.000000 5 1
16750000.000000 7 1
16750000.000000 8 1
16750000.000000 1090 1
16800000.000000 1 52
16800000.000000 2 10
16800000.000000 3 6
16800000.000000 4 4
16800000.000000 5 1
16800000.000000 6 2
16800000.000000 1077 1
16850000.000000 1 57
16850000.000000 2 10
16850000.000000 3 5
16850000.000000 4 2
16850000.000000 6 2
16850000.000000 1088 1
16900000.000000 1 60
16900000.000000 2 14
16900000.000000 3 5
16900000.000000 4 2
16900000.000000 5 1
16900000.000000 6 1
16900000.000000 1078 1
16950000.000000 1 57
16950000.000000 2 21
16950000.000000 3 5
16950000.000000 4 1
16950000.000000 1082 1
17000000.000000 1 68
17000000.000000 2 9
17000000.000000 3 5
17000000.000000 6 1
17000000.000000 7 1
17000000.000000 1086 1
17050000.000000 1 51
17050000.000000 2 18
17050000.000000 3 5
17050000.000000 4 1
17050000.000000 5 2
17050000.000000 1084 1
17100000.000000 1 45
17100000.000000 2 10
17100000.000000 3 2
17100000.000000 4 4
17100000.000000 5 3
17100000.000000 6 1
17100000.000000 8 1
17100000.000000 9 1
17100000.000000 1075 1
17150000.000000 1 43
17150000.000000 2 9
17150000.000000 3 4
17150000.000000 4 3
17150000.000000 5 2
17150000.000000 6 1
17150000.000000 9 1
17150000.000000 1090 1
17200000.000000 1 58
17200000.000000 2 9
17200000.000000 3 5
17200000.000000 4 1
17200000.000000 9 2
17200000.000000 1087 1
17250000.000000 1 50
17250000.000000 2 10
17250000.000000 3 7
17250000.000000 4 1
17250000.000000 5 2
17250000.000000 6 1
17250000.000000 1089 1
17300000.000000 1 53
17300000.000000 2 3
17300000.000000 3 4
17300000.000000 4 5
17300000.000000 5 2
17300000.000000 6 1
17300000.000000 1093 1
17350000.000000 1 55
17350000.000000 2 9
17350000.000000 3 8
17350000.000000 4 1
17350000.000000 8 1
17350000.000000 1091 1
17400000.000000 1 55
17400000.000000 2 6
17400000.000000 3 7
17400000.000000 4 1
17400000.000000 5 1
17400000.000000 1103 1
17450000.000000 1 53
17450000.000000 2 14
17450000.000000 3 4
17450000.000000 4 1
17450000.000000 5 3
17450000.000000 6 1
17450000.000000 9 1
17450000.000000 1073 1
17500000.000000 1 51
17500000.000000 2 12
17500000.000000 3 4
17500000.000000 4 3
17500000.000000 5 2
17500000.000000 1091 1
17550000.000000 1 48
17550000.000000 2 8
17550000.000000 3 6
17550000.000000 4 1
17550000.000000 5 2
17550000.000000 6 2
17550000.000000 1092 1
17600000.000000 1 40
17600000.000000 2 12
17600000.000000 3 2
17600000.000000 4 3
17600000.000000 5 1
17600000.000000 6 1
17600000.000000 1107 1
17650000.000000 1 44
17650000.000000 2 12
17650000.000000 3 3
17650000.000000 4 1
17650000.000000 5 3
17650000.000000 6 1
17650000.000000 1098 1
17700000.000000 1 34
17700000.000000 2 12
17700000.000000 3 6
17700000.000000 5 1
17700000.000000 6 1
17700000.000000 7 1
17700000.000000 1106 1
17750000.000000 1 40
17750000.000000 2 10
17750000.000000 3 3
17750000.000000 4 1
17750000.000000 5 2
17750000.000000 6 1
17750000.000000 9 1
17750000.000000 1102 1
17800000.000000 1 50
17800000.000000 2 10
17800000.000000 3 3
17800000.000000 4 1
17800000.000000 5 2
17800000.000000 8 1
17800000.000000 1099 1
17850000.000000 1 53
17850000.000000 2 11
17850000.000000 3 5
17850000.000000 4 3
17850000.000000 5 1
17850000.000000 6 1
17850000.000000 1087 1
17900000.000000 1 48
17900000.000000 2 24
17900000.000000 3 1
17900000.000000 4 2
17900000.000000 5 2
17900000.000000 1083 1
17950000.000000 1 44
17950000.000000 2 13
17950000.000000 3 4
17950000.000000 4 2
17950000.000000 5 3
17950000.000000 10 1
17950000.000000 1085 1
18000000.000000 1 62
18000000.000000 2 9
18000000.000000 3 6
18000000.000000 4 1
18000000.000000 6 1
18000000.000000 8 1
18000000.000000 1084 1
18050000.000000 1 52
18050000.000000 2 9
18050000.000000 3 3
18050000.000000 4 5
18050000.000000 5 1
18050000.000000 1096 1
18100000.000000 1 54
18100000.000000 2 13
18100000.000000 3 2
18100000.000000 5 1
18100000.000000 6 1
18100000.000000 1103 1
18150000.000000 1 43
18150000.000000 2 10
18150000.000000 3 5
18150000.000000 4 2
18150000.000000 5 2
18150000.000000 1104 1
18200000.000000 1 49
18200000.000000 2 8
18200000.000000 3 5
18200000.000000 4 1
18200000.000000 5 2
18200000.000000 1106 1
18250000.000000 1 39
18250000.000000 2 11
18250000.000000 3 6
18250000.000000 4 4
18250000.000000 5 1
18250000.000000 1100 1
18300000.000000 1 50
18300000.000000 2 12
18300000.000000 3 5
18300000.000000 4 1
18300000.000000 5 2
18300000.000000 1097 1
18350000.000000 1 49
18350000.000000 2 13
18350000.000000 3 3
18350000.000000 4 2
18350000.000000 5 4
18350000.000000 1088 1
18400000.000000 1 53
18400000.000000 2 12
18400000.000000 3 2
18400000.000000 4 1
18400000.000000 6 2
18400000.000000 8 1
18400000.000000 1093 1
18450000.000000 1 50
18450000.000000 2 14
18450000.000000 3 4
18450000.000000 5 1
18450000.000000 7 1
18450000.000000 12 1
18450000.000000 1086 1
18500000.000000 1 56
18500000.000000 2 5
18500000.000000 3 4
18500000.000000 4 1
18500000.000000 5 1
18500000.000000 6 1
18500000.000000 7 1
18500000.000000 1100 1
18550000.000000 1 52
18550000.000000 2 14
18550000.000000 3 6
18550000.000000 6 1
18550000.000000 7 1
18550000.000000 1089 1
18600000.000000 1 55
18600000.000000 2 8
18600000.000000 3 6
18600000.000000 4 4
18600000.000000 6 1
18600000.000000 7 1
18600000.000000 1082 1
18650000.000000 1 45
18650000.000000 2 13
18650000.000000 3 3
18650000.000000 5 1
18650000.000000 6 1
18650000.000000 9 1
18650000.000000 1100 1
18700000.000000 1 54
18700000.000000 2 9
18700000.000000 3 4
18700000.000000 4 2
18700000.000000 5 1
18700000.000000 8 1
18700000.000000 1095 1
18750000.000000 1 45
18750000.000000 2 12
18750000.000000 3 4
18750000.000000 4 2
18750000.000000 5 3
18750000.000000 1096 1
18800000.000000 1 42
18800000.000000 2 14
18800000.000000 3 2
18800000.000000 4 1
18800000.000000 5 2
18800000.000000 10 1
18800000.000000 1100 1
18850000.000000 1 52
18850000.000000 2 7
18850000.000000 3 4
18850000.000000 4 2
18850000.000000 5 2
18850000.000000 7 1
18850000.000000 1097 1
18900000.000000 1 46
18900000.000000 2 15
18900000.000000 3 6
18900000.000000 5 2
18900000.000000 1096 1
18950000.000000 1 56
18950000.000000 2 12
18950000.000000 3 3
18950000.000000 4 2
18950000.000000 6 1
18950000.000000 1097 1
19000000.000000 1 58
19000000.000000 2 10
19000000.000000 3 7
19000000.000000 1101 1
19050000.000000 1 56
19050000.000000 2 12
19050000.000000 3 3
19050000.000000 5 1
19050000.000000 1106 1
19100000.000000 1 50
19100000.000000 2 8
19100000.000000 3 3
19100000.000000 4 3
19100000.000000 5 1
19100000.000000 7 1
19100000.000000 1101 1
19150000.000000 1 68
19150000.000000 2 9
19150000.000000 3 2
19150000.000000 4 2
19150000.000000 5 1
19150000.000000 1095 1
19200000.000000 1 64
19200000.000000 2 7
19200000.000000 3 2
19200000.000000 5 2
19200000.000000 6 1
19200000.000000 1100 1
19250000.000000 1 63
19250000.000000 2 9
19250000.000000 3 5
19250000.000000 4 1
19250000.000000 6 1
19250000.000000 1094 1
19300000.000000 1 59
19300000.000000 2 12
19300000.000000 3 3
19300000.000000 4 2
19300000.000000 5 1
19300000.000000 1095 1
19350000.000000 1 47
19350000.000000 2 14
19350000.000000 3 3
19350000.000000 4 2
19350000.000000 5 1
19350000.000000 1103 1
19400000.000000 1 44
19400000.000000 2 14
19400000.000000 3 7
19400000.000000 4 1
19400000.000000 5 1
19400000.000000 1098 1
19450000.000000 1 48
19450000.000000 2 19
19450000.000000 3 4
19450000.000000 4 1
19450000.000000 1098 1
19500000.000000 1 42
19500000.000000 2 17
19500000.000000 3 3
19500000.000000 5 1
19500000.000000 8 1
19500000.000000 1102 1
19550000.000000 1 48
19550000.000000 2 11
19550000.000000 3 5
19550000.000000 5 2
19550000.000000 1105 1
19600000.000000 1 43
19600000.000000 2 14
19600000.000000 3 2
19600000.000000 4 2
19600000.000000 5 1
19600000.000000 9 1
19600000.000000 1101 1
19650000.000000 1 50
19650000.000000 2 12
19650000.000000 3 4
19650000.000000 7 1
19650000.000000 1107 1
19700000.000000 1 54
19700000.000000 2 13
19700000.000000 3 1
19700000.000000 4 1
19700000.000000 1113 1
19750000.000000 1 52
19750000.000000 2 10
19750000.000000 3 2
19750000.000000 4 3
19750000.000000 1110 1
19800000.000000 1 43
19800000.000000 2 15
19800000.000000 3 3
19800000.000000 4 3
19800000.000000 1106 1
19850000.000000 1 44
19850000.000000 2 9
19850000.000000 3 2
19850000.000000 4 2
19850000.000000 5 2
19850000.000000 6 1
19850000.000000 1108 1
19900000.000000 1 44
19900000.000000 2 9
19900000.000000 3 5
19900000.000000 4 1
19900000.000000 5 2
19900000.000000 1109 1
19950000.000000 1 48
19950000.000000 2 6
19950000.000000 3 2
19950000.000000 5 2
19950000.000000 6 1
19950000.000000 1118 1
20000000.000000 1 47
20000000.000000 2 6
20000000.000000 3 2
20000000.000000 4 3
20000000.000000 5 1
20000000.000000 1118 1
