# time cluster_size count
50000.000000 1 2
50000.000000 598 1
100000.000000 1 7
100000.000000 3 1
100000.000000 4 1
100000.000000 586 1
150000.000000 1 13
150000.000000 2 3
150000.000000 3 1
150000.000000 4 1
150000.000000 574 1
200000.000000 1 10
200000.000000 3 1
200000.000000 4 1
200000.000000 583 1
250000.000000 1 17
250000.000000 2 3
250000.000000 4 1
250000.000000 573 1
300000.000000 1 20
300000.000000 2 1
300000.000000 3 1
300000.000000 4 1
300000.000000 7 1
300000.000000 564 1
350000.000000 1 27
350000.000000 2 6
350000.000000 3 1
350000.000000 558 1
400000.000000 1 30
400000.000000 2 8
400000.000000 554 1
450000.000000 1 33
450000.000000 2 5
450000.000000 3 2
450000.000000 551 1
500000.000000 1 32
500000.000000 2 5
500000.000000 3 2
500000.000000 4 1
500000.000000 548 1
550000.000000 1 31
550000.000000 2 3
550000.000000 3 3
550000.000000 5 1
550000.000000 549 1
600000.000000 1 26
600000.000000 2 4
600000.000000 3 1
600000.000000 4 2
600000.000000 6 1
600000.000000 549 1
650000.000000 1 37
650000.000000 2 5
650000.000000 6 1
650000.000000 547 1
700000.000000 1 47
700000.000000 2 5
700000.000000 5 1
700000.000000 538 1
750000.000000 1 38
750000.000000 2 7
750000.000000 3 1
750000.000000 545 1
800000.000000 1 31
800000.000000 2 6
800000.000000 3 4
800000.000000 4 1
800000.000000 261 1
800000.000000 280 1
850000.000000 1 35
850000.000000 2 6
850000.000000 3 2
850000.000000 4 1
850000.000000 543 1
900000.000000 1 38
900000.000000 2 6
900000.000000 3 3
900000.000000 541 1
950000.000000 1 44
950000.000000 2 1
950000.000000 3 2
950000.000000 548 1
1000000.000000 1 37
1000000.000000 2 7
1000000.000000 3 2
1000000.000000 543 1
1050000.000000 1 40
1050000.000000 2 4
1050000.000000 3 1
1050000.000000 549 1
1100000.000000 1 34
1100000.000000 2 5
1100000.000000 5 1
1100000.000000 10 1
1100000.000000 256 1
1100000.000000 285 1
1150000.000000 1 38
1150000.000000 2 4
1150000.000000 3 2
1150000.000000 263 1
1150000.000000 285 1
1200000.000000 1 35
1200000.000000 2 7
1200000.000000 3 2
1200000.000000 4 1
1200000.000000 257 1
1200000.000000 284 1
1250000.000000 1 39
1250000.000000 2 4
1250000.000000 3 1
1250000.000000 4 1
1250000.000000 263 1
1250000.000000 283 1
1300000.000000 1 36
1300000.000000 2 6
1300000.000000 3 2
1300000.000000 4 1
1300000.000000 261 1
1300000.000000 281 1
1350000.000000 1 32
1350000.000000 2 4
1350000.000000 3 3
1350000.000000 4 1
1350000.000000 265 1
1350000.000000 282 1
1400000.000000 1 36
1400000.000000 2 4
1400000.000000 3 1
1400000.000000 6 1
1400000.000000 547 1
1450000.000000 1 33
1450000.000000 2 7
1450000.000000 3 1
1450000.000000 6 1
1450000.000000 261 1
1450000.000000 283 1
1500000.000000 1 37
1500000.000000 2 8
1500000.000000 3 1
1500000.000000 4 1
1500000.000000 258 1
1500000.000000 282 1
1550000.000000 1 33
1550000.000000 2 10
1550000.000000 5 1
1550000.000000 258 1
1550000.000000 284 1
1600000.000000 1 32
1600000.000000 2 6
1600000.000000 3 3
1600000.000000 5 1
1600000.000000 265 1
1600000.000000 277 1
1650000.000000 1 40
1650000.000000 2 7
1650000.000000 3 1
1650000.000000 4 2
1650000.000000 535 1
1700000.000000 1 43
1700000.000000 2 5
1700000.000000 3 1
1700000.000000 544 1
1750000.000000 1 40
1750000.000000 2 10
1750000.000000 3 2
1750000.000000 534 1
1800000.000000 1 43
1800000.000000 2 6
1800000.000000 3 3
1800000.000000 6 1
1800000.000000 530 1
1850000.000000 1 36
1850000.000000 2 5
1850000.000000 3 5
1850000.000000 6 1
1850000.000000 533 1
1900000.000000 1 34
1900000.000000 2 8
1900000.000000 3 3
1900000.000000 4 2
1900000.000000 5 1
1900000.000000 528 1
1950000.000000 1 41
1950000.000000 2 8
1950000.000000 4 1
1950000.000000 539 1
2000000.000000 1 35
2000000.000000 2 5
2000000.000000 3 2
2000000.000000 5 1
2000000.000000 544 1
2050000.000000 1 33
2050000.000000 2 7
2050000.000000 3 2
2050000.000000 4 3
2050000.000000 535 1
2100000.000000 1 35
2100000.000000 2 4
2100000.000000 3 4
2100000.000000 4 1
2100000.000000 541 1
2150000.000000 1 27
2150000.000000 2 4
2150000.000000 3 2
2150000.000000 4 2
2150000.000000 551 1
2200000.000000 1 36
2200000.000000 2 3
2200000.000000 3 1
2200000.000000 4 2
2200000.000000 6 1
2200000.000000 541 1
2250000.000000 1 28
2250000.000000 2 11
2250000.000000 4 1
2250000.000000 5 1
2250000.000000 258 1
2250000.000000 283 1
2300000.000000 1 24
2300000.000000 2 7
2300000.000000 3 2
2300000.000000 4 1
2300000.000000 5 1
2300000.000000 257 1
2300000.000000 290 1
2350000.000000 1 35
2350000.000000 2 8
2350000.000000 3 2
2350000.000000 262 1
2350000.000000 281 1
2400000.000000 1 30
2400000.000000 2 12
2400000.000000 4 1
2400000.000000 263 1
2400000.000000 279 1
2450000.000000 1 36
2450000.000000 2 9
2450000.000000 3 1
2450000.000000 4 1
2450000.000000 5 2
2450000.000000 254 1
2450000.000000 275 1
2500000.000000 1 48
2500000.000000 2 2
2500000.000000 3 3
2500000.000000 5 1
2500000.000000 259 1
2500000.000000 275 1
2550000.000000 1 39
2550000.000000 2 8
2550000.000000 3 2
2550000.000000 257 1
2550000.000000 282 1
2600000.000000 1 39
2600000.000000 2 4
2600000.000000 3 3
2600000.000000 4 1
2600000.000000 262 1
2600000.000000 278 1
2650000.000000 1 37
2650000.000000 2 7
2650000.000000 3 2
2650000.000000 6 1
2650000.000000 259 1
2650000.000000 278 1
2700000.000000 1 29
2700000.000000 2 11
2700000.000000 3 3
2700000.000000 5 1
2700000.000000 256 1
2700000.000000 279 1
2750000.000000 1 38
2750000.000000 2 7
2750000.000000 3 3
2750000.000000 4 1
2750000.000000 257 1
2750000.000000 278 1
2800000.000000 1 44
2800000.000000 2 4
2800000.000000 3 2
2800000.000000 4 3
2800000.000000 251 1
2800000.000000 279 1
2850000.000000 1 46
2850000.000000 2 3
2850000.000000 3 5
2850000.000000 257 1
2850000.000000 276 1
2900000.000000 1 44
2900000.000000 2 4
2900000.000000 3 2
2900000.000000 4 1
2900000.000000 255 1
2900000.000000 283 1
2950000.000000 1 39
2950000.000000 2 7
2950000.000000 3 1
2950000.000000 6 1
2950000.000000 258 1
2950000.000000 280 1
3000000.000000 1 46
3000000.000000 2 3
3000000.000000 3 1
3000000.000000 4 1
3000000.000000 5 1
3000000.000000 258 1
3000000.000000 278 1
3050000.000000 1 43
3050000.000000 2 6
3050000.000000 3 1
3050000.000000 5 1
3050000.000000 257 1
3050000.000000 280 1
3100000.000000 1 45
3100000.000000 2 3
3100000.000000 3 2
3100000.000000 5 1
3100000.000000 259 1
3100000.000000 279 1
3150000.000000 1 41
3150000.000000 2 6
3150000.000000 3 2
3150000.000000 255 1
3150000.000000 286 1
3200000.000000 1 42
3200000.000000 2 6
3200000.000000 3 1
3200000.000000 4 1
3200000.000000 5 1
3200000.000000 534 1
3250000.000000 1 30
3250000.000000 2 7
3250000.000000 3 4
3250000.000000 544 1
3300000.000000 1 35
3300000.000000 2 6
3300000.000000 3 5
3300000.000000 262 1
3300000.000000 276 1
3350000.000000 1 38
3350000.000000 2 10
3350000.000000 3 2
3350000.000000 260 1
3350000.000000 276 1
3400000.000000 1 42
3400000.000000 2 6
3400000.000000 3 1
3400000.000000 5 1
3400000.000000 260 1
3400000.000000 278 1
3450000.000000 1 32
3450000.000000 2 13
3450000.000000 3 1
3450000.000000 4 1
3450000.000000 6 1
3450000.000000 258 1
3450000.000000 271 1
3500000.000000 1 35
3500000.000000 2 5
3500000.000000 3 3
3500000.000000 4 2
3500000.000000 5 2
3500000.000000 257 1
3500000.000000 271 1
3550000.000000 1 40
3550000.000000 2 7
3550000.000000 3 3
3550000.000000 4 1
3550000.000000 256 1
3550000.000000 277 1
3600000.000000 1 40
3600000.000000 2 10
3600000.000000 3 5
3600000.000000 4 1
3600000.000000 251 1
3600000.000000 270 1
3650000.000000 1 42
3650000.000000 2 13
3650000.000000 3 1
3650000.000000 258 1
3650000.000000 271 1
3700000.000000 1 49
3700000.000000 2 7
3700000.000000 3 1
3700000.000000 4 1
3700000.000000 6 1
3700000.000000 255 1
3700000.000000 269 1
3750000.000000 1 53
3750000.000000 2 7
3750000.000000 3 2
3750000.000000 6 1
3750000.000000 250 1
3750000.000000 271 1
3800000.000000 1 48
3800000.000000 2 5
3800000.000000 3 2
3800000.000000 4 1
3800000.000000 255 1
3800000.000000 277 1
3850000.000000 1 34
3850000.000000 2 8
3850000.000000 3 3
3850000.000000 257 1
3850000.000000 284 1
3900000.000000 1 39
3900000.000000 2 10
3900000.000000 3 4
3900000.000000 6 1
3900000.000000 249 1
3900000.000000 274 1
3950000.000000 1 39
3950000.000000 2 11
3950000.000000 3 2
3950000.000000 6 1
3950000.000000 251 1
3950000.000000 276 1
4000000.000000 1 50
4000000.000000 2 6
4000000.000000 3 4
4000000.000000 7 1
4000000.000000 244 1
4000000.000000 275 1
4050000.000000 1 45
4050000.000000 2 9
4050000.000000 3 1
4050000.000000 4 1
4050000.000000 530 1
4100000.000000 1 35
4100000.000000 2 11
4100000.000000 3 3
4100000.000000 5 1
4100000.000000 254 1
4100000.000000 275 1
4150000.000000 1 49
4150000.000000 2 8
4150000.000000 3 2
4150000.000000 4 1
4150000.000000 243 1
4150000.000000 282 1
4200000.000000 1 40
4200000.000000 2 8
4200000.000000 3 4
4200000.000000 5 1
4200000.000000 250 1
4200000.000000 277 1
4250000.000000 1 40
4250000.000000 2 11
4250000.000000 3 1
4250000.000000 4 1
4250000.000000 5 1
4250000.000000 248 1
4250000.000000 278 1
4300000.000000 1 40
4300000.000000 2 7
4300000.000000 3 2
4300000.000000 4 2
4300000.000000 7 1
4300000.000000 244 1
4300000.000000 281 1
4350000.000000 1 46
4350000.000000 2 8
4350000.000000 3 1
4350000.000000 4 1
4350000.000000 5 2
4350000.000000 243 1
4350000.000000 278 1
4400000.000000 1 45
4400000.000000 2 5
4400000.000000 3 1
4400000.000000 5 1
4400000.000000 6 1
4400000.000000 246 1
4400000.000000 285 1
4450000.000000 1 42
4450000.000000 2 8
4450000.000000 3 2
4450000.000000 4 1
4450000.000000 5 1
4450000.000000 246 1
4450000.000000 281 1
4500000.000000 1 47
4500000.000000 2 5
4500000.000000 3 2
4500000.000000 5 1
4500000.000000 248 1
4500000.000000 284 1
4550000.000000 1 50
4550000.000000 2 8
4550000.000000 534 1
4600000.000000 1 51
4600000.000000 2 13
4600000.000000 3 1
4600000.000000 249 1
4600000.000000 271 1
4650000.000000 1 47
4650000.000000 2 6
4650000.000000 3 5
4650000.000000 4 1
4650000.000000 5 1
4650000.000000 250 1
4650000.000000 267 1
4700000.000000 1 29
4700000.000000 2 7
4700000.000000 3 5
4700000.000000 4 4
4700000.000000 5 1
4700000.000000 250 1
4700000.000000 271 1
4750000.000000 1 50
4750000.000000 2 7
4750000.000000 3 4
4750000.000000 4 1
4750000.000000 5 1
4750000.000000 515 1
4800000.000000 1 32
4800000.000000 2 9
4800000.000000 3 3
4800000.000000 4 1
4800000.000000 5 1
4800000.000000 11 1
4800000.000000 259 1
4800000.000000 262 1
4850000.000000 1 43
4850000.000000 2 4
4850000.000000 3 1
4850000.000000 4 2
4850000.000000 5 2
4850000.000000 6 1
4850000.000000 253 1
4850000.000000 269 1
4900000.000000 1 45
4900000.000000 2 2
4900000.000000 3 1
4900000.000000 4 2
4900000.000000 5 2
4900000.000000 6 1
4900000.000000 256 1
4900000.000000 268 1
4950000.000000 1 49
4950000.000000 2 5
4950000.000000 3 2
4950000.000000 4 1
4950000.000000 6 2
4950000.000000 253 1
4950000.000000 266 1
5000000.000000 1 40
5000000.000000 2 9
5000000.000000 3 3
5000000.000000 4 2
5000000.000000 5 1
5000000.000000 251 1
5000000.000000 269 1
5050000.000000 1 47
5050000.000000 2 4
5050000.000000 3 2
5050000.000000 4 2
5050000.000000 5 1
5050000.000000 7 1
5050000.000000 251 1
5050000.000000 268 1
5100000.000000 1 43
5100000.000000 2 6
5100000.000000 3 2
5100000.000000 5 1
5100000.000000 6 1
5100000.000000 253 1
5100000.000000 275 1
5150000.000000 1 32
5150000.000000 2 9
5150000.000000 3 1
5150000.000000 4 2
5150000.000000 6 1
5150000.000000 257 1
5150000.000000 276 1
5200000.000000 1 40
5200000.000000 2 7
5200000.000000 3 2
5200000.000000 4 2
5200000.000000 6 1
5200000.000000 257 1
5200000.000000 269 1
5250000.000000 1 46
5250000.000000 2 8
5250000.000000 3 2
5250000.000000 6 1
5250000.000000 255 1
5250000.000000 271 1
5300000.000000 1 41
5300000.000000 2 10
5300000.000000 5 2
5300000.000000 259 1
5300000.000000 270 1
5350000.000000 1 47
5350000.000000 2 4
5350000.000000 3 2
5350000.000000 5 1
5350000.000000 6 1
5350000.000000 252 1
5350000.000000 276 1
5400000.000000 1 41
5400000.000000 2 7
5400000.000000 3 4
5400000.000000 4 2
5400000.000000 250 1
5400000.000000 275 1
5450000.000000 1 40
5450000.000000 2 6
5450000.000000 3 4
5450000.000000 5 1
5450000.000000 249 1
5450000.000000 282 1
5500000.000000 1 36
5500000.000000 2 8
5500000.000000 3 3
5500000.000000 4 1
5500000.000000 5 1
5500000.000000 6 1
5500000.000000 247 1
5500000.000000 277 1
5550000.000000 1 51
5550000.000000 2 8
5550000.000000 3 1
5550000.000000 4 1
5550000.000000 249 1
5550000.000000 277 1
5600000.000000 1 49
5600000.000000 2 9
5600000.000000 3 2
5600000.000000 5 2
5600000.000000 241 1
5600000.000000 276 1
5650000.000000 1 52
5650000.000000 2 4
5650000.000000 3 1
5650000.000000 4 2
5650000.000000 250 1
5650000.000000 279 1
5700000.000000 1 48
5700000.000000 2 6
5700000.000000 3 3
5700000.000000 4 1
5700000.000000 249 1
5700000.000000 278 1
5750000.000000 1 44
5750000.000000 2 9
5750000.000000 3 1
5750000.000000 255 1
5750000.000000 280 1
5800000.000000 1 42
5800000.000000 2 10
5800000.000000 3 1
5800000.000000 256 1
5800000.000000 279 1
5850000.000000 1 42
5850000.000000 2 9
5850000.000000 3 2
5850000.000000 254 1
5850000.000000 280 1
5900000.000000 1 30
5900000.000000 2 12
5900000.000000 3 2
5900000.000000 5 1
5900000.000000 258 1
5900000.000000 277 1
5950000.000000 1 40
5950000.000000 2 11
5950000.000000 3 2
5950000.000000 4 1
5950000.000000 250 1
5950000.000000 278 1
6000000.000000 1 50
6000000.000000 2 5
6000000.000000 3 5
6000000.000000 248 1
6000000.000000 277 1
6050000.000000 1 53
6050000.000000 2 7
6050000.000000 3 3
6050000.000000 4 1
6050000.000000 250 1
6050000.000000 270 1
6100000.000000 1 49
6100000.000000 2 7
6100000.000000 3 5
6100000.000000 248 1
6100000.000000 274 1
6150000.000000 1 46
6150000.000000 2 7
6150000.000000 3 2
6150000.000000 5 1
6150000.000000 6 1
6150000.000000 523 1
6200000.000000 1 42
6200000.000000 2 8
6200000.000000 3 5
6200000.000000 4 1
6200000.000000 252 1
6200000.000000 271 1
6250000.000000 1 43
6250000.000000 2 9
6250000.000000 3 3
6250000.000000 5 1
6250000.000000 7 1
6250000.000000 250 1
6250000.000000 268 1
6300000.000000 1 43
6300000.000000 2 11
6300000.000000 3 1
6300000.000000 4 1
6300000.000000 252 1
6300000.000000 276 1
6350000.000000 1 48
6350000.000000 2 8
6350000.000000 3 2
6350000.000000 530 1
6400000.000000 1 40
6400000.000000 2 11
6400000.000000 3 2
6400000.000000 253 1
6400000.000000 279 1
6450000.000000 1 44
6450000.000000 2 9
6450000.000000 3 2
6450000.000000 4 1
6450000.000000 528 1
6500000.000000 1 42
6500000.000000 2 11
6500000.000000 4 1
6500000.000000 245 1
6500000.000000 287 1
6550000.000000 1 36
6550000.000000 2 12
6550000.000000 3 2
6550000.000000 534 1
6600000.000000 1 47
6600000.000000 2 11
6600000.000000 3 3
6600000.000000 245 1
6600000.000000 277 1
6650000.000000 1 36
6650000.000000 2 9
6650000.000000 3 1
6650000.000000 6 1
6650000.000000 537 1
6700000.000000 1 37
6700000.000000 2 5
6700000.000000 3 5
6700000.000000 538 1
6750000.000000 1 37
6750000.000000 2 10
6750000.000000 3 3
6750000.000000 249 1
6750000.000000 285 1
6800000.000000 1 46
6800000.000000 2 5
6800000.000000 3 2
6800000.000000 7 1
6800000.000000 241 1
6800000.000000 290 1
6850000.000000 1 46
6850000.000000 2 5
6850000.000000 3 1
6850000.000000 4 3
6850000.000000 7 1
6850000.000000 244 1
6850000.000000 278 1
6900000.000000 1 44
6900000.000000 2 7
6900000.000000 3 1
6900000.000000 4 2
6900000.000000 5 1
6900000.000000 6 1
6900000.000000 240 1
6900000.000000 280 1
6950000.000000 1 38
6950000.000000 2 11
6950000.000000 3 2
6950000.000000 5 2
6950000.000000 524 1
7000000.000000 1 34
7000000.000000 2 9
7000000.000000 3 6
7000000.000000 4 4
7000000.000000 229 1
7000000.000000 285 1
7050000.000000 1 38
7050000.000000 2 10
7050000.000000 3 5
7050000.000000 5 1
7050000.000000 244 1
7050000.000000 278 1
7100000.000000 1 54
7100000.000000 2 8
7100000.000000 3 2
7100000.000000 8 1
7100000.000000 234 1
7100000.000000 282 1
7150000.000000 1 50
7150000.000000 2 10
7150000.000000 3 4
7150000.000000 235 1
7150000.000000 283 1
7200000.000000 1 42
7200000.000000 2 10
7200000.000000 3 5
7200000.000000 238 1
7200000.000000 285 1
7250000.000000 1 41
7250000.000000 2 11
7250000.000000 3 6
7250000.000000 4 1
7250000.000000 233 1
7250000.000000 282 1
7300000.000000 1 51
7300000.000000 2 12
7300000.000000 3 4
7300000.000000 4 1
7300000.000000 229 1
7300000.000000 280 1
7350000.000000 1 44
7350000.000000 2 12
7350000.000000 3 4
7350000.000000 4 3
7350000.000000 228 1
7350000.000000 280 1
7400000.000000 1 45
7400000.000000 2 6
7400000.000000 3 5
7400000.000000 4 1
7400000.000000 5 1
7400000.000000 6 1
7400000.000000 233 1
7400000.000000 280 1
7450000.000000 1 43
7450000.000000 2 11
7450000.000000 3 5
7450000.000000 4 2
7450000.000000 230 1
7450000.000000 282 1
7500000.000000 1 46
7500000.000000 2 9
7500000.000000 3 2
7500000.000000 4 2
7500000.000000 6 1
7500000.000000 230 1
7500000.000000 286 1
7550000.000000 1 49
7550000.000000 2 8
7550000.000000 3 3
7550000.000000 4 1
7550000.000000 5 2
7550000.000000 230 1
7550000.000000 282 1
7600000.000000 1 38
7600000.000000 2 8
7600000.000000 3 7
7600000.000000 4 2
7600000.000000 5 1
7600000.000000 232 1
7600000.000000 280 1
7650000.000000 1 40
7650000.000000 2 10
7650000.000000 3 6
7650000.000000 7 1
7650000.000000 234 1
7650000.000000 281 1
7700000.000000 1 55
7700000.000000 2 11
7700000.000000 3 2
7700000.000000 4 1
7700000.000000 228 1
7700000.000000 285 1
7750000.000000 1 55
7750000.000000 2 9
7750000.000000 3 1
7750000.000000 4 1
7750000.000000 5 1
7750000.000000 229 1
7750000.000000 286 1
7800000.000000 1 39
7800000.000000 2 10
7800000.000000 3 2
7800000.000000 4 3
7800000.000000 7 1
7800000.000000 231 1
7800000.000000 285 1
7850000.000000 1 38
7850000.000000 2 5
7850000.000000 3 4
7850000.000000 4 2
7850000.000000 5 1
7850000.000000 6 1
7850000.000000 238 1
7850000.000000 283 1
7900000.000000 1 45
7900000.000000 2 8
7900000.000000 3 4
7900000.000000 4 1
7900000.000000 5 2
7900000.000000 232 1
7900000.000000 281 1
7950000.000000 1 40
7950000.000000 2 8
7950000.000000 3 5
7950000.000000 4 3
7950000.000000 5 1
7950000.000000 234 1
7950000.000000 278 1
8000000.000000 1 51
8000000.000000 2 9
8000000.000000 3 5
8000000.000000 4 2
8000000.000000 5 1
8000000.000000 227 1
8000000.000000 276 1
8050000.000000 1 53
8050000.000000 2 12
8050000.000000 3 3
8050000.000000 4 1
8050000.000000 229 1
8050000.000000 281 1
8100000.000000 1 42
8100000.000000 2 9
8100000.000000 3 5
8100000.000000 4 1
8100000.000000 5 1
8100000.000000 234 1
8100000.000000 282 1
8150000.000000 1 52
8150000.000000 2 8
8150000.000000 3 2
8150000.000000 4 3
8150000.000000 235 1
8150000.000000 279 1
8200000.000000 1 51
8200000.000000 2 8
8200000.000000 3 3
8200000.000000 4 4
8200000.000000 5 1
8200000.000000 225 1
8200000.000000 278 1
8250000.000000 1 55
8250000.000000 2 10
8250000.000000 3 4
8250000.000000 4 1
8250000.000000 231 1
8250000.000000 278 1
8300000.000000 1 51
8300000.000000 2 6
8300000.000000 3 2
8300000.000000 4 4
8300000.000000 5 1
8300000.000000 229 1
8300000.000000 281 1
8350000.000000 1 50
8350000.000000 2 8
8350000.000000 3 4
8350000.000000 4 1
8350000.000000 233 1
8350000.000000 285 1
8400000.000000 1 51
8400000.000000 2 12
8400000.000000 3 2
8400000.000000 4 1
8400000.000000 232 1
8400000.000000 283 1
8450000.000000 1 54
8450000.000000 2 10
8450000.000000 3 2
8450000.000000 4 1
8450000.000000 235 1
8450000.000000 281 1
8500000.000000 1 42
8500000.000000 2 15
8500000.000000 3 3
8500000.000000 4 1
8500000.000000 232 1
8500000.000000 283 1
8550000.000000 1 41
8550000.000000 2 11
8550000.000000 3 2
8550000.000000 4 4
8550000.000000 232 1
8550000.000000 283 1
8600000.000000 1 52
8600000.000000 2 7
8600000.000000 3 2
8600000.000000 244 1
8600000.000000 284 1
8650000.000000 1 43
8650000.000000 2 10
8650000.000000 3 3
8650000.000000 5 1
8650000.000000 523 1
8700000.000000 1 37
8700000.000000 2 12
8700000.000000 3 5
8700000.000000 241 1
8700000.000000 283 1
8750000.000000 1 40
8750000.000000 2 13
8750000.000000 3 1
8750000.000000 4 2
8750000.000000 523 1
8800000.000000 1 43
8800000.000000 2 11
8800000.000000 3 2
8800000.000000 4 1
8800000.000000 5 1
8800000.000000 234 1
8800000.000000 286 1
8850000.000000 1 43
8850000.000000 2 12
8850000.000000 3 3
8850000.000000 524 1
8900000.000000 1 50
8900000.000000 2 5
8900000.000000 3 3
8900000.000000 232 1
8900000.000000 299 1
8950000.000000 1 47
8950000.000000 2 3
8950000.000000 3 5
8950000.000000 4 1
8950000.000000 232 1
8950000.000000 296 1
9000000.000000 1 53
9000000.000000 2 6
9000000.000000 3 2
9000000.000000 4 1
9000000.000000 231 1
9000000.000000 294 1
9050000.000000 1 37
9050000.000000 2 8
9050000.000000 3 5
9050000.000000 4 1
9050000.000000 5 1
9050000.000000 226 1
9050000.000000 297 1
9100000.000000 1 49
9100000.000000 2 10
9100000.000000 3 2
9100000.000000 525 1
9150000.000000 1 40
9150000.000000 2 7
9150000.000000 3 3
9150000.000000 6 1
9150000.000000 235 1
9150000.000000 296 1
9200000.000000 1 41
9200000.000000 2 6
9200000.000000 3 3
9200000.000000 7 1
9200000.000000 233 1
9200000.000000 298 1
9250000.000000 1 41
9250000.000000 2 4
9250000.000000 3 5
9250000.000000 4 2
9250000.000000 232 1
9250000.000000 296 1
9300000.000000 1 48
9300000.000000 2 7
9300000.000000 3 1
9300000.000000 4 2
9300000.000000 5 1
9300000.000000 231 1
9300000.000000 291 1
9350000.000000 1 42
9350000.000000 2 6
9350000.000000 3 5
9350000.000000 5 1
9350000.000000 526 1
9400000.000000 1 44
9400000.000000 2 4
9400000.000000 3 3
9400000.000000 4 2
9400000.000000 234 1
9400000.000000 297 1
9450000.000000 1 41
9450000.000000 2 5
9450000.000000 3 3
9450000.000000 4 1
9450000.000000 8 1
9450000.000000 233 1
9450000.000000 295 1
9500000.000000 1 29
9500000.000000 2 10
9500000.000000 3 3
9500000.000000 6 1
9500000.000000 236 1
9500000.000000 300 1
9550000.000000 1 39
9550000.000000 2 7
9550000.000000 3 2
9550000.000000 5 1
9550000.000000 536 1
9600000.000000 1 42
9600000.000000 2 6
9600000.000000 3 5
9600000.000000 4 2
9600000.000000 229 1
9600000.000000 294 1
9650000.000000 1 45
9650000.000000 2 7
9650000.000000 3 2
9650000.000000 4 1
9650000.000000 5 1
9650000.000000 229 1
9650000.000000 297 1
9700000.000000 1 39
9700000.000000 2 8
9700000.000000 3 2
9700000.000000 5 1
9700000.000000 237 1
9700000.000000 297 1
9750000.000000 1 35
9750000.000000 2 9
9750000.000000 3 3
9750000.000000 4 1
9750000.000000 234 1
9750000.000000 300 1
9800000.000000 1 28
9800000.000000 2 6
9800000.000000 3 7
9800000.000000 4 1
9800000.000000 535 1
9850000.000000 1 36
9850000.000000 2 6
9850000.000000 3 3
9850000.000000 4 2
9850000.000000 234 1
9850000.000000 301 1
9900000.000000 1 45
9900000.000000 2 5
9900000.000000 3 2
9900000.000000 4 1
9900000.000000 235 1
9900000.000000 300 1
9950000.000000 1 41
9950000.000000 2 5
9950000.000000 3 2
9950000.000000 5 1
9950000.000000 232 1
9950000.000000 306 1
10000000.000000 1 29
10000000.000000 2 9
10000000.000000 3 3
10000000.000000 544 1
10050000.000000 1 39
10050000.000000 2 5
10050000.000000 3 3
10050000.000000 542 1
10100000.000000 1 43
10100000.000000 2 6
10100000.000000 3 3
10100000.000000 4 1
10100000.000000 532 1
10150000.000000 1 43
10150000.000000 2 6
10150000.000000 3 2
10150000.000000 4 1
10150000.000000 6 1
10150000.000000 235 1
10150000.000000 294 1
10200000.000000 1 41
10200000.000000 2 7
10200000.000000 3 3
10200000.000000 5 1
10200000.000000 231 1
10200000.000000 300 1
10250000.000000 1 47
10250000.000000 2 8
10250000.000000 3 4
10250000.000000 525 1
10300000.000000 1 34
10300000.000000 2 11
10300000.000000 3 2
10300000.000000 5 1
10300000.000000 533 1
10350000.000000 1 36
10350000.000000 2 8
10350000.000000 3 2
10350000.000000 4 2
10350000.000000 534 1
10400000.000000 1 42
10400000.000000 2 9
10400000.000000 3 1
10400000.000000 537 1
10450000.000000 1 39
10450000.000000 2 7
10450000.000000 3 3
10450000.000000 4 1
10450000.000000 534 1
10500000.000000 1 42
10500000.000000 2 8
10500000.000000 3 1
10500000.000000 4 1
10500000.000000 535 1
10550000.000000 1 60
10550000.000000 2 2
10550000.000000 3 1
10550000.000000 232 1
10550000.000000 301 1
10600000.000000 1 40
10600000.000000 2 4
10600000.000000 3 4
10600000.000000 5 1
10600000.000000 237 1
10600000.000000 298 1
10650000.000000 1 38
10650000.000000 2 11
10650000.000000 3 1
10650000.000000 4 1
10650000.000000 236 1
10650000.000000 297 1
10700000.000000 1 44
10700000.000000 2 6
10700000.000000 3 4
10700000.000000 4 1
10700000.000000 233 1
10700000.000000 295 1
10750000.000000 1 42
10750000.000000 2 8
10750000.000000 3 3
10750000.000000 4 1
10750000.000000 230 1
10750000.000000 299 1
10800000.000000 1 45
10800000.000000 2 9
10800000.000000 4 1
10800000.000000 233 1
10800000.000000 300 1
10850000.000000 1 36
10850000.000000 2 8
10850000.000000 3 3
10850000.000000 4 2
10850000.000000 531 1
10900000.000000 1 47
10900000.000000 2 9
10900000.000000 3 1
10900000.000000 5 1
10900000.000000 527 1
10950000.000000 1 39
10950000.000000 2 11
10950000.000000 3 2
10950000.000000 533 1
11000000.000000 1 45
11000000.000000 2 8
11000000.000000 3 2
11000000.000000 4 1
11000000.000000 5 1
11000000.000000 524 1
11050000.000000 1 37
11050000.000000 2 4
11050000.000000 3 3
11050000.000000 4 1
11050000.000000 5 1
11050000.000000 7 1
11050000.000000 530 1
11100000.000000 1 33
11100000.000000 2 8
11100000.000000 3 1
11100000.000000 4 2
11100000.000000 5 2
11100000.000000 530 1
11150000.000000 1 32
11150000.000000 2 6
11150000.000000 3 5
11150000.000000 5 1
11150000.000000 6 1
11150000.000000 530 1
11200000.000000 1 38
11200000.000000 2 6
11200000.000000 3 1
11200000.000000 4 1
11200000.000000 5 1
11200000.000000 538 1
11250000.000000 1 43
11250000.000000 2 8
11250000.000000 3 1
11250000.000000 4 1
11250000.000000 534 1
11300000.000000 1 38
11300000.000000 2 7
11300000.000000 3 1
11300000.000000 4 1
11300000.000000 541 1
11350000.000000 1 37
11350000.000000 2 6
11350000.000000 3 1
11350000.000000 5 1
11350000.000000 543 1
11400000.000000 1 37
11400000.000000 2 4
11400000.000000 4 3
11400000.000000 6 1
11400000.000000 537 1
11450000.000000 1 30
11450000.000000 2 7
11450000.000000 3 3
11450000.000000 4 1
11450000.000000 543 1
11500000.000000 1 41
11500000.000000 2 10
11500000.000000 3 1
11500000.000000 5 1
11500000.000000 531 1
11550000.000000 1 39
11550000.000000 2 7
11550000.000000 4 2
11550000.000000 539 1
11600000.000000 1 48
11600000.000000 2 3
11600000.000000 3 2
11600000.000000 4 1
11600000.000000 536 1
11650000.000000 1 45
11650000.000000 2 6
11650000.000000 3 2
11650000.000000 537 1
11700000.000000 1 40
11700000.000000 2 4
11700000.000000 3 2
11700000.000000 546 1
11750000.000000 1 43
11750000.000000 2 8
11750000.000000 4 1
11750000.000000 537 1
11800000.000000 1 29
11800000.000000 2 6
11800000.000000 3 6
11800000.000000 4 1
11800000.000000 5 1
11800000.000000 532 1
11850000.000000 1 42
11850000.000000 2 5
11850000.000000 3 1
11850000.000000 4 1
11850000.000000 541 1
11900000.000000 1 47
11900000.000000 2 5
11900000.000000 3 1
11900000.000000 4 2
11900000.000000 532 1
11950000.000000 1 47
11950000.000000 2 7
11950000.000000 4 1
11950000.000000 535 1
12000000.000000 1 39
12000000.000000 2 7
12000000.000000 3 1
12000000.000000 4 1
12000000.000000 540 1
12050000.000000 1 41
12050000.000000 2 11
12050000.000000 3 1
12050000.000000 4 1
12050000.000000 530 1
12100000.000000 1 46
12100000.000000 2 7
12100000.000000 3 2
12100000.000000 4 1
12100000.000000 530 1
12150000.000000 1 46
12150000.000000 2 7
12150000.000000 4 2
12150000.000000 8 1
12150000.000000 524 1
12200000.000000 1 39
12200000.000000 2 7
12200000.000000 3 3
12200000.000000 4 2
12200000.000000 530 1
12250000.000000 1 47
12250000.000000 2 10
12250000.000000 3 1
12250000.000000 5 1
12250000.000000 525 1
12300000.000000 1 44
12300000.000000 2 9
12300000.000000 3 3
12300000.000000 5 1
12300000.000000 524 1
12350000.000000 1 44
12350000.000000 2 7
12350000.000000 5 1
12350000.000000 537 1
12400000.000000 1 37
12400000.000000 2 11
12400000.000000 5 1
12400000.000000 6 1
12400000.000000 530 1
12450000.000000 1 38
12450000.000000 2 8
12450000.000000 3 2
12450000.000000 4 2
12450000.000000 5 1
12450000.000000 6 1
12450000.000000 521 1
12500000.000000 1 45
12500000.000000 2 8
12500000.000000 3 4
12500000.000000 5 1
12500000.000000 208 1
12500000.000000 314 1
12550000.000000 1 46
12550000.000000 2 9
12550000.000000 3 1
12550000.000000 4 1
12550000.000000 5 1
12550000.000000 524 1
12600000.000000 1 50
12600000.000000 2 7
12600000.000000 3 3
12600000.000000 4 1
12600000.000000 523 1
12650000.000000 1 45
12650000.000000 2 7
12650000.000000 3 3
12650000.000000 4 2
12650000.000000 5 1
12650000.000000 519 1
12700000.000000 1 45
12700000.000000 2 7
12700000.000000 3 2
12700000.000000 4 2
12700000.000000 5 1
12700000.000000 210 1
12700000.000000 312 1
12750000.000000 1 41
12750000.000000 2 7
12750000.000000 3 1
12750000.000000 4 1
12750000.000000 6 1
12750000.000000 209 1
12750000.000000 323 1
12800000.000000 1 35
12800000.000000 2 6
12800000.000000 3 3
12800000.000000 4 2
12800000.000000 5 1
12800000.000000 531 1
12850000.000000 1 37
12850000.000000 2 10
12850000.000000 3 3
12850000.000000 5 1
12850000.000000 6 1
12850000.000000 208 1
12850000.000000 315 1
12900000.000000 1 37
12900000.000000 2 7
12900000.000000 3 3
12900000.000000 5 1
12900000.000000 6 2
12900000.000000 210 1
12900000.000000 313 1
12950000.000000 1 38
12950000.000000 2 6
12950000.000000 3 6
12950000.000000 5 1
12950000.000000 208 1
12950000.000000 319 1
13000000.000000 1 34
13000000.000000 2 7
13000000.000000 3 3
13000000.000000 5 2
13000000.000000 210 1
13000000.000000 323 1
13050000.000000 1 40
13050000.000000 2 8
13050000.000000 3 2
13050000.000000 7 1
13050000.000000 210 1
13050000.000000 321 1
13100000.000000 1 40
13100000.000000 2 9
13100000.000000 3 4
13100000.000000 7 1
13100000.000000 209 1
13100000.000000 314 1
13150000.000000 1 34
13150000.000000 2 14
13150000.000000 3 1
13150000.000000 4 2
13150000.000000 211 1
13150000.000000 316 1
13200000.000000 1 45
13200000.000000 2 6
13200000.000000 3 2
13200000.000000 4 1
13200000.000000 7 1
13200000.000000 210 1
13200000.000000 316 1
13250000.000000 1 42
13250000.000000 2 9
13250000.000000 3 3
13250000.000000 4 1
13250000.000000 6 1
13250000.000000 211 1
13250000.000000 310 1
13300000.000000 1 36
13300000.000000 2 5
13300000.000000 3 5
13300000.000000 4 2
13300000.000000 216 1
13300000.000000 315 1
13350000.000000 1 36
13350000.000000 2 7
13350000.000000 3 1
13350000.000000 4 2
13350000.000000 5 1
13350000.000000 220 1
13350000.000000 314 1
13400000.000000 1 35
13400000.000000 2 7
13400000.000000 3 2
13400000.000000 4 1
13400000.000000 6 1
13400000.000000 222 1
13400000.000000 313 1
13450000.000000 1 37
13450000.000000 2 5
13450000.000000 3 2
13450000.000000 4 1
13450000.000000 224 1
13450000.000000 319 1
13500000.000000 1 34
13500000.000000 2 8
13500000.000000 3 3
13500000.000000 6 1
13500000.000000 225 1
13500000.000000 310 1
13550000.000000 1 41
13550000.000000 2 5
13550000.000000 3 3
13550000.000000 4 2
13550000.000000 220 1
13550000.000000 312 1
13600000.000000 1 39
13600000.000000 2 7
13600000.000000 4 1
13600000.000000 228 1
13600000.000000 315 1
13650000.000000 1 41
13650000.000000 2 7
13650000.000000 3 2
13650000.000000 5 1
13650000.000000 223 1
13650000.000000 311 1
13700000.000000 1 48
13700000.000000 2 8
13700000.000000 3 3
13700000.000000 219 1
13700000.000000 308 1
13750000.000000 1 52
13750000.000000 2 4
13750000.000000 3 3
13750000.000000 4 1
13750000.000000 216 1
13750000.000000 311 1
13800000.000000 1 44
13800000.000000 2 5
13800000.000000 3 2
13800000.000000 4 2
13800000.000000 222 1
13800000.000000 310 1
13850000.000000 1 35
13850000.000000 2 9
13850000.000000 3 3
13850000.000000 5 1
13850000.000000 223 1
13850000.000000 310 1
13900000.000000 1 41
13900000.000000 2 12
13900000.000000 4 1
13900000.000000 5 1
13900000.000000 526 1
13950000.000000 1 44
13950000.000000 2 9
13950000.000000 3 1
13950000.000000 6 1
13950000.000000 222 1
13950000.000000 307 1
14000000.000000 1 43
14000000.000000 2 7
14000000.000000 3 3
14000000.000000 223 1
14000000.000000 311 1
14050000.000000 1 47
14050000.000000 2 8
14050000.000000 3 1
14050000.000000 534 1
14100000.000000 1 42
14100000.000000 2 5
14100000.000000 3 4
14100000.000000 224 1
14100000.000000 312 1
14150000.000000 1 43
14150000.000000 2 6
14150000.000000 3 1
14150000.000000 4 1
14150000.000000 538 1
14200000.000000 1 37
14200000.000000 2 5
14200000.000000 3 3
14200000.000000 4 1
14200000.000000 5 1
14200000.000000 535 1
14250000.000000 1 48
14250000.000000 2 5
14250000.000000 3 1
14250000.000000 4 1
14250000.000000 535 1
14300000.000000 1 41
14300000.000000 2 7
14300000.000000 3 1
14300000.000000 5 1
14300000.000000 537 1
14350000.000000 1 48
14350000.000000 2 6
14350000.000000 3 1
14350000.000000 537 1
14400000.000000 1 48
14400000.000000 2 8
14400000.000000 3 2
14400000.000000 530 1
14450000.000000 1 41
14450000.000000 2 7
14450000.000000 3 1
14450000.000000 4 2
14450000.000000 534 1
14500000.000000 1 39
14500000.000000 2 11
14500000.000000 3 3
14500000.000000 530 1
14550000.000000 1 46
14550000.000000 2 4
14550000.000000 3 3
14550000.000000 537 1
14600000.000000 1 37
14600000.000000 2 8
14600000.000000 547 1
14650000.000000 1 40
14650000.000000 2 3
14650000.000000 4 2
14650000.000000 5 1
14650000.000000 541 1
14700000.000000 1 47
14700000.000000 2 5
14700000.000000 3 3
14700000.000000 4 1
14700000.000000 530 1
14750000.000000 1 48
14750000.000000 2 6
14750000.000000 3 3
14750000.000000 4 1
14750000.000000 527 1
14800000.000000 1 35
14800000.000000 2 12
14800000.000000 3 2
14800000.000000 4 1
14800000.000000 531 1
14850000.000000 1 48
14850000.000000 2 9
14850000.000000 3 1
14850000.000000 4 1
14850000.000000 527 1
14900000.000000 1 40
14900000.000000 2 7
14900000.000000 3 2
14900000.000000 4 1
14900000.000000 536 1
14950000.000000 1 40
14950000.000000 2 6
14950000.000000 3 1
14950000.000000 4 1
14950000.000000 541 1
15000000.000000 1 39
15000000.000000 2 4
15000000.000000 3 1
15000000.000000 4 1
15000000.000000 546 1
15050000.000000 1 33
15050000.000000 2 7
15050000.000000 3 2
15050000.000000 4 1
15050000.000000 5 1
15050000.000000 538 1
15100000.000000 1 33
15100000.000000 2 5
15100000.000000 3 2
15100000.000000 4 1
15100000.000000 547 1
15150000.000000 1 43
15150000.000000 2 4
15150000.000000 3 1
15150000.000000 546 1
15200000.000000 1 36
15200000.000000 2 1
15200000.000000 3 2
15200000.000000 4 1
15200000.000000 5 1
15200000.000000 547 1
15250000.000000 1 38
15250000.000000 2 7
15250000.000000 4 1
15250000.000000 544 1
15300000.000000 1 44
15300000.000000 2 7
15300000.000000 3 1
15300000.000000 4 1
15300000.000000 535 1
15350000.000000 1 34
15350000.000000 2 5
15350000.000000 3 5
15350000.000000 5 1
15350000.000000 536 1
15400000.000000 1 44
15400000.000000 2 2
15400000.000000 3 3
15400000.000000 543 1
15450000.000000 1 40
15450000.000000 2 8
15450000.000000 3 2
15450000.000000 538 1
15500000.000000 1 39
15500000.000000 2 5
15500000.000000 3 3
15500000.000000 542 1
15550000.000000 1 40
15550000.000000 2 3
15550000.000000 3 2
15550000.000000 4 1
15550000.000000 544 1
15600000.000000 1 37
15600000.000000 2 3
15600000.000000 3 2
15600000.000000 4 1
15600000.000000 547 1
15650000.000000 1 32
15650000.000000 2 8
15650000.000000 3 1
15650000.000000 549 1
15700000.000000 1 37
15700000.000000 2 5
15700000.000000 3 1
15700000.000000 5 1
15700000.000000 545 1
15750000.000000 1 34
15750000.000000 2 5
15750000.000000 3 1
15750000.000000 4 1
15750000.000000 549 1
15800000.000000 1 38
15800000.000000 2 2
15800000.000000 3 1
15800000.000000 6 1
15800000.000000 549 1
15850000.000000 1 29
15850000.000000 2 8
15850000.000000 3 1
15850000.000000 552 1
15900000.000000 1 42
15900000.000000 2 4
15900000.000000 3 1
15900000.000000 547 1
15950000.000000 1 32
15950000.000000 2 6
15950000.000000 4 1
15950000.000000 552 1
16000000.000000 1 28
16000000.000000 2 7
16000000.000000 3 1
16000000.000000 5 1
16000000.000000 550 1
16050000.000000 1 36
16050000.000000 2 4
16050000.000000 4 2
16050000.000000 548 1
16100000.000000 1 34
16100000.000000 2 8
16100000.000000 550 1
16150000.000000 1 40
16150000.000000 2 4
16150000.000000 552 1
16200000.000000 1 35
16200000.000000 2 3
16200000.000000 3 1
16200000.000000 4 1
16200000.000000 552 1
16250000.000000 1 32
16250000.000000 2 3
16250000.000000 3 3
16250000.000000 553 1
16300000.000000 1 33
16300000.000000 2 3
16300000.000000 3 1
16300000.000000 4 2
16300000.000000 5 1
16300000.000000 545 1
16350000.000000 1 23
16350000.000000 2 5
16350000.000000 3 2
16350000.000000 4 1
16350000.000000 5 1
16350000.000000 552 1
16400000.000000 1 31
16400000.000000 2 3
16400000.000000 3 2
16400000.000000 4 1
16400000.000000 553 1
16450000.000000 1 36
16450000.000000 2 7
16450000.000000 4 1
16450000.000000 546 1
16500000.000000 1 42
16500000.000000 2 1
16500000.000000 3 2
16500000.000000 550 1
16550000.000000 1 38
16550000.000000 2 4
16550000.000000 4 1
16550000.000000 550 1
16600000.000000 1 36
16600000.000000 2 6
16600000.000000 552 1
16650000.000000 1 33
16650000.000000 2 4
16650000.000000 3 2
16650000.000000 553 1
16700000.000000 1 33
16700000.000000 2 4
16700000.000000 4 1
16700000.000000 555 1
16750000.000000 1 29
16750000.000000 2 2
16750000.000000 3 1
16750000.000000 4 3
16750000.000000 552 1
16800000.000000 1 36
16800000.000000 2 5
16800000.000000 3 2
16800000.000000 4 1
16800000.000000 544 1
16850000.000000 1 35
16850000.000000 2 4
16850000.000000 3 1
16850000.000000 4 1
16850000.000000 550 1
16900000.000000 1 31
16900000.000000 2 6
16900000.000000 3 1
16900000.000000 554 1
16950000.000000 1 28
16950000.000000 2 3
16950000.000000 3 4
16950000.000000 4 1
16950000.000000 550 1
17000000.000000 1 24
17000000.000000 2 6
17000000.000000 3 3
17000000.000000 4 1
17000000.000000 551 1
17050000.000000 1 30
17050000.000000 2 8
17050000.000000 3 2
17050000.000000 548 1
17100000.000000 1 35
17100000.000000 2 5
17100000.000000 3 2
17100000.000000 549 1
17150000.000000 1 28
17150000.000000 2 6
17150000.000000 3 1
17150000.000000 5 1
17150000.000000 7 1
17150000.000000 545 1
17200000.000000 1 36
17200000.000000 2 4
17200000.000000 3 2
17200000.000000 4 1
17200000.000000 6 1
17200000.000000 540 1
17250000.000000 1 32
17250000.000000 2 12
17250000.000000 4 1
17250000.000000 540 1
17300000.000000 1 47
17300000.000000 2 5
17300000.000000 3 3
17300000.000000 534 1
17350000.000000 1 43
17350000.000000 2 6
17350000.000000 3 2
17350000.000000 4 1
17350000.000000 535 1
17400000.000000 1 36
17400000.000000 2 9
17400000.000000 3 2
17400000.000000 540 1
17450000.000000 1 40
17450000.000000 2 5
17450000.000000 3 1
17450000.000000 4 1
17450000.000000 5 1
17450000.000000 538 1
17500000.000000 1 34
17500000.000000 2 11
17500000.000000 3 2
17500000.000000 4 1
17500000.000000 534 1
17550000.000000 1 35
17550000.000000 2 10
17550000.000000 3 1
17550000.000000 4 1
17550000.000000 538 1
17600000.000000 1 38
17600000.000000 2 3
17600000.000000 3 3
17600000.000000 4 1
17600000.000000 7 1
17600000.000000 536 1
17650000.000000 1 42
17650000.000000 2 8
17650000.000000 3 1
17650000.000000 5 1
17650000.000000 534 1
17700000.000000 1 42
17700000.000000 2 8
17700000.000000 3 1
17700000.000000 4 1
17700000.000000 5 1
17700000.000000 530 1
17750000.000000 1 34
17750000.000000 2 8
17750000.000000 3 4
17750000.000000 10 1
17750000.000000 528 1
17800000.000000 1 42
17800000.000000 2 4
17800000.000000 3 3
17800000.000000 9 1
17800000.000000 532 1
17850000.000000 1 42
17850000.000000 2 4
17850000.000000 3 1
17850000.000000 12 1
17850000.000000 535 1
17900000.000000 1 49
17900000.000000 2 4
17900000.000000 3 2
17900000.000000 4 1
17900000.000000 6 1
17900000.000000 527 1
17950000.000000 1 45
17950000.000000 2 6
17950000.000000 3 1
17950000.000000 540 1
18000000.000000 1 50
18000000.000000 2 1
18000000.000000 3 1
18000000.000000 545 1
18050000.000000 1 41
18050000.000000 2 6
18050000.000000 3 2
18050000.000000 6 1
18050000.000000 535 1
18100000.000000 1 39
18100000.000000 2 8
18100000.000000 4 1
18100000.000000 7 1
18100000.000000 534 1
18150000.000000 1 41
18150000.000000 2 7
18150000.000000 3 1
18150000.000000 542 1
18200000.000000 1 39
18200000.000000 2 7
18200000.000000 3 2
18200000.000000 4 1
18200000.000000 5 1
18200000.000000 532 1
18250000.000000 1 42
18250000.000000 2 4
18250000.000000 3 3
18250000.000000 4 1
18250000.000000 537 1
18300000.000000 1 45
18300000.000000 2 4
18300000.000000 3 3
18300000.000000 538 1
18350000.000000 1 39
18350000.000000 2 6
18350000.000000 3 4
18350000.000000 4 1
18350000.000000 5 1
18350000.000000 7 1
18350000.000000 521 1
18400000.000000 1 41
18400000.000000 2 10
18400000.000000 3 1
18400000.000000 4 1
18400000.000000 532 1
18450000.000000 1 45
18450000.000000 2 5
18450000.000000 3 2
18450000.000000 4 1
18450000.000000 535 1
18500000.000000 1 45
18500000.000000 2 5
18500000.000000 4 1
18500000.000000 5 1
18500000.000000 536 1
18550000.000000 1 50
18550000.000000 2 3
18550000.000000 3 4
18550000.000000 532 1
18600000.000000 1 49
18600000.000000 2 6
18600000.000000 3 1
18600000.000000 536 1
18650000.000000 1 46
18650000.000000 2 6
18650000.000000 3 1
18650000.000000 4 2
18650000.000000 531 1
18700000.000000 1 49
18700000.000000 2 2
18700000.000000 3 2
18700000.000000 4 2
18700000.000000 533 1
18750000.000000 1 44
18750000.000000 2 7
18750000.000000 3 1
18750000.000000 4 1
18750000.000000 535 1
18800000.000000 1 43
18800000.000000 2 9
18800000.000000 3 2
18800000.000000 533 1
18850000.000000 1 49
18850000.000000 2 3
18850000.000000 3 2
18850000.000000 4 1
18850000.000000 535 1
18900000.000000 1 50
18900000.000000 2 6
18900000.000000 3 1
18900000.000000 6 1
18900000.000000 529 1
18950000.000000 1 45
18950000.000000 2 7
18950000.000000 4 1
18950000.000000 537 1
19000000.000000 1 39
19000000.000000 2 7
19000000.000000 3 3
19000000.000000 538 1
19050000.000000 1 37
19050000.000000 2 12
19050000.000000 539 1
19100000.000000 1 47
19100000.000000 2 4
19100000.000000 3 2
19100000.000000 539 1
19150000.000000 1 45
19150000.000000 2 8
19150000.000000 3 1
19150000.000000 536 1
19200000.000000 1 38
19200000.000000 2 11
19200000.000000 3 1
19200000.000000 537 1
19250000.000000 1 42
19250000.000000 2 7
19250000.000000 3 1
19250000.000000 4 1
19250000.000000 537 1
19300000.000000 1 43
19300000.000000 2 4
19300000.000000 3 1
19300000.000000 6 1
19300000.000000 540 1
19350000.000000 1 39
19350000.000000 2 6
19350000.000000 3 3
19350000.000000 4 1
19350000.000000 536 1
19400000.000000 1 32
19400000.000000 2 9
19400000.000000 3 1
19400000.000000 4 1
19400000.000000 543 1
19450000.000000 1 33
19450000.000000 2 8
19450000.000000 3 2
19450000.000000 4 2
19450000.000000 537 1
19500000.000000 1 39
19500000.000000 2 9
19500000.000000 4 1
19500000.000000 539 1
19550000.000000 1 44
19550000.000000 2 7
19550000.000000 3 1
19550000.000000 539 1
19600000.000000 1 46
19600000.000000 2 3
19600000.000000 3 1
19600000.000000 4 1
19600000.000000 541 1
19650000.000000 1 38
19650000.000000 2 5
19650000.000000 3 2
19650000.000000 6 1
19650000.000000 540 1
19700000.000000 1 45
19700000.000000 2 6
19700000.000000 3 1
19700000.000000 540 1
19750000.000000 1 45
19750000.000000 2 2
19750000.000000 3 4
19750000.000000 539 1
19800000.000000 1 42
19800000.000000 2 3
19800000.000000 3 4
19800000.000000 540 1
19850000.000000 1 38
19850000.000000 2 9
19850000.000000 4 1
19850000.000000 5 1
19850000.000000 535 1
19900000.000000 1 49
19900000.000000 2 3
19900000.000000 3 2
19900000.000000 5 1
19900000.000000 534 1
19950000.000000 1 43
19950000.000000 2 7
19950000.000000 6 1
19950000.000000 537 1
20000000.000000 1 37
20000000.000000 2 10
20000000.000000 3 5
20000000.000000 528 1
