# time mean_cluster_size
50000.000000 200.0000000000
100000.000000 60.0000000000
150000.000000 31.5789473684
200000.000000 46.1538461538
250000.000000 27.2727272727
300000.000000 24.0000000000
350000.000000 17.1428571429
400000.000000 15.3846153846
450000.000000 14.6341463415
500000.000000 14.6341463415
550000.000000 15.3846153846
600000.000000 17.1428571429
650000.000000 13.6363636364
700000.000000 11.1111111111
750000.000000 12.7659574468
800000.000000 13.6363636364
850000.000000 13.3333333333
900000.000000 12.5000000000
950000.000000 12.5000000000
1000000.000000 12.7659574468
1050000.000000 13.0434782609
1100000.000000 13.9534883721
1150000.000000 13.0434782609
1200000.000000 12.7659574468
1250000.000000 12.7659574468
1300000.000000 12.7659574468
1350000.000000 14.2857142857
1400000.000000 13.9534883721
1450000.000000 13.6363636364
1500000.000000 12.2448979592
1550000.000000 13.0434782609
1600000.000000 13.6363636364
1650000.000000 11.7647058824
1700000.000000 12.0000000000
1750000.000000 11.3207547170
1800000.000000 11.1111111111
1850000.000000 12.5000000000
1900000.000000 12.2448979592
1950000.000000 11.7647058824
2000000.000000 13.6363636364
2050000.000000 13.0434782609
2100000.000000 13.3333333333
2150000.000000 16.6666666667
2200000.000000 13.6363636364
2250000.000000 13.9534883721
2300000.000000 16.2162162162
2350000.000000 12.7659574468
2400000.000000 13.3333333333
2450000.000000 11.7647058824
2500000.000000 10.7142857143
2550000.000000 11.7647058824
2600000.000000 12.2448979592
2650000.000000 12.2448979592
2700000.000000 13.0434782609
2750000.000000 11.7647058824
2800000.000000 10.9090909091
2850000.000000 10.7142857143
2900000.000000 11.3207547170
2950000.000000 12.0000000000
3000000.000000 11.1111111111
3050000.000000 11.3207547170
3100000.000000 11.3207547170
3150000.000000 11.7647058824
3200000.000000 11.5384615385
3250000.000000 14.2857142857
3300000.000000 12.5000000000
3350000.000000 11.5384615385
3400000.000000 11.5384615385
3450000.000000 12.0000000000
3500000.000000 12.2448979592
3550000.000000 11.3207547170
3600000.000000 10.3448275862
3650000.000000 10.3448275862
3700000.000000 9.8360655738
3750000.000000 9.2307692308
3800000.000000 10.3448275862
3850000.000000 12.7659574468
3900000.000000 10.7142857143
3950000.000000 10.9090909091
4000000.000000 9.5238095238
4050000.000000 10.5263157895
4100000.000000 11.5384615385
4150000.000000 9.6774193548
4200000.000000 10.9090909091
4250000.000000 10.7142857143
4300000.000000 11.1111111111
4350000.000000 10.0000000000
4400000.000000 10.9090909091
4450000.000000 10.7142857143
4500000.000000 10.5263157895
4550000.000000 10.1694915254
4600000.000000 8.9552238806
4650000.000000 9.6774193548
4700000.000000 12.5000000000
4750000.000000 9.3750000000
4800000.000000 12.2448979592
4850000.000000 10.9090909091
4900000.000000 10.9090909091
4950000.000000 9.8360655738
5000000.000000 10.5263157895
5050000.000000 10.1694915254
5100000.000000 10.9090909091
5150000.000000 12.7659574468
5200000.000000 11.1111111111
5250000.000000 10.1694915254
5300000.000000 10.9090909091
5350000.000000 10.5263157895
5400000.000000 10.7142857143
5450000.000000 11.3207547170
5500000.000000 11.5384615385
5550000.000000 9.5238095238
5600000.000000 9.3750000000
5650000.000000 9.8360655738
5700000.000000 10.0000000000
5750000.000000 10.7142857143
5800000.000000 10.9090909091
5850000.000000 10.9090909091
5900000.000000 12.7659574468
5950000.000000 10.7142857143
6000000.000000 9.6774193548
6050000.000000 9.0909090909
6100000.000000 9.5238095238
6150000.000000 10.3448275862
6200000.000000 10.3448275862
6250000.000000 10.1694915254
6300000.000000 10.3448275862
6350000.000000 10.1694915254
6400000.000000 10.9090909091
6450000.000000 10.5263157895
6500000.000000 10.7142857143
6550000.000000 11.7647058824
6600000.000000 9.5238095238
6650000.000000 12.5000000000
6700000.000000 12.5000000000
6750000.000000 11.5384615385
6800000.000000 10.7142857143
6850000.000000 10.3448275862
6900000.000000 10.3448275862
6950000.000000 11.1111111111
7000000.000000 10.9090909091
7050000.000000 10.7142857143
7100000.000000 8.9552238806
7150000.000000 9.0909090909
7200000.000000 10.1694915254
7250000.000000 9.8360655738
7300000.000000 8.5714285714
7350000.000000 9.2307692308
7400000.000000 9.8360655738
7450000.000000 9.5238095238
7500000.000000 9.6774193548
7550000.000000 9.2307692308
7600000.000000 10.3448275862
7650000.000000 10.1694915254
7700000.000000 8.4507042254
7750000.000000 8.6956521739
7800000.000000 10.5263157895
7850000.000000 11.3207547170
7900000.000000 9.6774193548
7950000.000000 10.1694915254
8000000.000000 8.5714285714
8050000.000000 8.4507042254
8100000.000000 10.0000000000
8150000.000000 8.9552238806
8200000.000000 8.6956521739
8250000.000000 8.3333333333
8300000.000000 9.0909090909
8350000.000000 9.2307692308
8400000.000000 8.8235294118
8450000.000000 8.6956521739
8500000.000000 9.5238095238
8550000.000000 10.0000000000
8600000.000000 9.5238095238
8650000.000000 10.3448275862
8700000.000000 10.7142857143
8750000.000000 10.5263157895
8800000.000000 10.0000000000
8850000.000000 10.1694915254
8900000.000000 10.0000000000
8950000.000000 10.3448275862
9000000.000000 9.3750000000
9050000.000000 11.1111111111
9100000.000000 9.6774193548
9150000.000000 11.3207547170
9200000.000000 11.3207547170
9250000.000000 11.1111111111
9300000.000000 9.8360655738
9350000.000000 10.9090909091
9400000.000000 10.9090909091
9450000.000000 11.3207547170
9500000.000000 13.3333333333
9550000.000000 12.0000000000
9600000.000000 10.5263157895
9650000.000000 10.3448275862
9700000.000000 11.5384615385
9750000.000000 12.0000000000
9800000.000000 13.9534883721
9850000.000000 12.2448979592
9900000.000000 10.9090909091
9950000.000000 11.7647058824
10000000.000000 14.2857142857
10050000.000000 12.5000000000
10100000.000000 11.1111111111
10150000.000000 10.9090909091
10200000.000000 11.1111111111
10250000.000000 10.0000000000
10300000.000000 12.2448979592
10350000.000000 12.2448979592
10400000.000000 11.3207547170
10450000.000000 11.7647058824
10500000.000000 11.3207547170
10550000.000000 9.2307692308
10600000.000000 11.7647058824
10650000.000000 11.3207547170
10700000.000000 10.5263157895
10750000.000000 10.7142857143
10800000.000000 10.5263157895
10850000.000000 12.0000000000
10900000.000000 10.1694915254
10950000.000000 11.3207547170
11000000.000000 10.3448275862
11050000.000000 12.5000000000
11100000.000000 12.7659574468
11150000.000000 13.0434782609
11200000.000000 12.5000000000
11250000.000000 11.1111111111
11300000.000000 12.5000000000
11350000.000000 13.0434782609
11400000.000000 13.0434782609
11450000.000000 14.2857142857
11500000.000000 11.1111111111
11550000.000000 12.2448979592
11600000.000000 10.9090909091
11650000.000000 11.1111111111
11700000.000000 12.7659574468
11750000.000000 11.3207547170
11800000.000000 13.6363636364
11850000.000000 12.0000000000
11900000.000000 10.7142857143
11950000.000000 10.7142857143
12000000.000000 12.2448979592
12050000.000000 10.9090909091
12100000.000000 10.5263157895
12150000.000000 10.5263157895
12200000.000000 11.5384615385
12250000.000000 10.0000000000
12300000.000000 10.3448275862
12350000.000000 11.3207547170
12400000.000000 11.7647058824
12450000.000000 11.3207547170
12500000.000000 10.0000000000
12550000.000000 10.1694915254
12600000.000000 9.6774193548
12650000.000000 10.1694915254
12700000.000000 10.1694915254
12750000.000000 11.3207547170
12800000.000000 12.5000000000
12850000.000000 11.1111111111
12900000.000000 11.5384615385
12950000.000000 11.3207547170
13000000.000000 12.5000000000
13050000.000000 11.3207547170
13100000.000000 10.7142857143
13150000.000000 11.3207547170
13200000.000000 10.5263157895
13250000.000000 10.3448275862
13300000.000000 12.0000000000
13350000.000000 12.2448979592
13400000.000000 12.5000000000
13450000.000000 12.7659574468
13500000.000000 12.5000000000
13550000.000000 11.3207547170
13600000.000000 12.2448979592
13650000.000000 11.3207547170
13700000.000000 9.8360655738
13750000.000000 9.6774193548
13800000.000000 10.9090909091
13850000.000000 12.0000000000
13900000.000000 10.7142857143
13950000.000000 10.5263157895
14000000.000000 10.9090909091
14050000.000000 10.5263157895
14100000.000000 11.3207547170
14150000.000000 11.5384615385
14200000.000000 12.5000000000
14250000.000000 10.7142857143
14300000.000000 11.7647058824
14350000.000000 10.7142857143
14400000.000000 10.1694915254
14450000.000000 11.5384615385
14500000.000000 11.1111111111
14550000.000000 11.1111111111
14600000.000000 13.0434782609
14650000.000000 12.7659574468
14700000.000000 10.5263157895
14750000.000000 10.1694915254
14800000.000000 11.7647058824
14850000.000000 10.0000000000
14900000.000000 11.7647058824
14950000.000000 12.2448979592
15000000.000000 13.0434782609
15050000.000000 13.3333333333
15100000.000000 14.2857142857
15150000.000000 12.2448979592
15200000.000000 14.2857142857
15250000.000000 12.7659574468
15300000.000000 11.1111111111
15350000.000000 13.0434782609
15400000.000000 12.0000000000
15450000.000000 11.7647058824
15500000.000000 12.5000000000
15550000.000000 12.7659574468
15600000.000000 13.6363636364
15650000.000000 14.2857142857
15700000.000000 13.3333333333
15750000.000000 14.2857142857
15800000.000000 13.9534883721
15850000.000000 15.3846153846
15900000.000000 12.5000000000
15950000.000000 15.0000000000
16000000.000000 15.7894736842
16050000.000000 13.9534883721
16100000.000000 13.9534883721
16150000.000000 13.3333333333
16200000.000000 14.6341463415
16250000.000000 15.3846153846
16300000.000000 14.6341463415
16350000.000000 18.1818181818
16400000.000000 15.7894736842
16450000.000000 13.3333333333
16500000.000000 13.0434782609
16550000.000000 13.6363636364
16600000.000000 13.9534883721
16650000.000000 15.0000000000
16700000.000000 15.3846153846
16750000.000000 16.6666666667
16800000.000000 13.3333333333
16850000.000000 14.2857142857
16900000.000000 15.3846153846
16950000.000000 16.2162162162
17000000.000000 17.1428571429
17050000.000000 14.6341463415
17100000.000000 13.9534883721
17150000.000000 15.7894736842
17200000.000000 13.3333333333
17250000.000000 13.0434782609
17300000.000000 10.7142857143
17350000.000000 11.3207547170
17400000.000000 12.5000000000
17450000.000000 12.2448979592
17500000.000000 12.2448979592
17550000.000000 12.5000000000
17600000.000000 12.7659574468
17650000.000000 11.3207547170
17700000.000000 11.1111111111
17750000.000000 12.5000000000
17800000.000000 11.7647058824
17850000.000000 12.2448979592
17900000.000000 10.3448275862
17950000.000000 11.3207547170
18000000.000000 11.3207547170
18050000.000000 11.7647058824
18100000.000000 12.0000000000
18150000.000000 12.0000000000
18200000.000000 11.7647058824
18250000.000000 11.7647058824
18300000.000000 11.3207547170
18350000.000000 11.3207547170
18400000.000000 11.1111111111
18450000.000000 11.1111111111
18500000.000000 11.3207547170
18550000.000000 10.3448275862
18600000.000000 10.5263157895
18650000.000000 10.7142857143
18700000.000000 10.7142857143
18750000.000000 11.1111111111
18800000.000000 10.9090909091
18850000.000000 10.7142857143
18900000.000000 10.1694915254
18950000.000000 11.1111111111
19000000.000000 12.0000000000
19050000.000000 12.0000000000
19100000.000000 11.1111111111
19150000.000000 10.9090909091
19200000.000000 11.7647058824
19250000.000000 11.5384615385
19300000.000000 12.0000000000
19350000.000000 12.0000000000
19400000.000000 13.6363636364
19450000.000000 13.0434782609
19500000.000000 12.0000000000
19550000.000000 11.3207547170
19600000.000000 11.5384615385
19650000.000000 12.7659574468
19700000.000000 11.3207547170
19750000.000000 11.5384615385
19800000.000000 12.0000000000
19850000.000000 12.0000000000
19900000.000000 10.7142857143
19950000.000000 11.5384615385
20000000.000000 11.3207547170
