# time cluster_size count
50000.000000 2 1
50000.000000 598 1
100000.000000 1 2
100000.000000 2 2
100000.000000 594 1
150000.000000 1 8
150000.000000 8 1
150000.000000 584 1
200000.000000 1 11
200000.000000 2 1
200000.000000 6 1
200000.000000 581 1
250000.000000 1 15
250000.000000 2 2
250000.000000 4 1
250000.000000 577 1
300000.000000 1 18
300000.000000 2 1
300000.000000 580 1
350000.000000 1 15
350000.000000 2 3
350000.000000 4 1
350000.000000 11 1
350000.000000 564 1
400000.000000 1 18
400000.000000 2 3
400000.000000 3 1
400000.000000 573 1
450000.000000 1 23
450000.000000 2 4
450000.000000 3 1
450000.000000 4 2
450000.000000 558 1
500000.000000 1 22
500000.000000 2 3
500000.000000 3 2
500000.000000 5 1
500000.000000 6 1
500000.000000 555 1
550000.000000 1 25
550000.000000 2 4
550000.000000 5 1
550000.000000 562 1
600000.000000 1 25
600000.000000 2 2
600000.000000 3 1
600000.000000 9 1
600000.000000 10 1
600000.000000 549 1
650000.000000 1 27
650000.000000 2 1
650000.000000 3 2
650000.000000 12 1
650000.000000 553 1
700000.000000 1 23
700000.000000 2 5
700000.000000 3 1
700000.000000 13 1
700000.000000 31 1
700000.000000 520 1
750000.000000 1 27
750000.000000 2 7
750000.000000 3 1
750000.000000 556 1
800000.000000 1 28
800000.000000 2 4
800000.000000 3 4
800000.000000 11 1
800000.000000 29 1
800000.000000 512 1
850000.000000 1 39
850000.000000 2 4
850000.000000 3 2
850000.000000 10 1
850000.000000 537 1
900000.000000 1 30
900000.000000 2 5
900000.000000 3 3
900000.000000 4 2
900000.000000 11 1
900000.000000 27 1
900000.000000 505 1
950000.000000 1 32
950000.000000 2 3
950000.000000 3 5
950000.000000 4 1
950000.000000 5 1
950000.000000 14 1
950000.000000 28 1
950000.000000 496 1
1000000.000000 1 38
1000000.000000 2 5
1000000.000000 3 3
1000000.000000 4 1
1000000.000000 13 1
1000000.000000 24 1
1000000.000000 502 1
1050000.000000 1 45
1050000.000000 2 6
1050000.000000 3 1
1050000.000000 17 1
1050000.000000 523 1
1100000.000000 1 39
1100000.000000 2 12
1100000.000000 3 2
1100000.000000 5 1
1100000.000000 8 1
1100000.000000 22 1
1100000.000000 496 1
1150000.000000 1 37
1150000.000000 2 4
1150000.000000 3 1
1150000.000000 4 1
1150000.000000 548 1
1200000.000000 1 30
1200000.000000 2 5
1200000.000000 3 3
1200000.000000 4 2
1200000.000000 14 1
1200000.000000 23 1
1200000.000000 506 1
1250000.000000 1 31
1250000.000000 2 7
1250000.000000 3 3
1250000.000000 4 1
1250000.000000 14 1
1250000.000000 26 1
1250000.000000 502 1
1300000.000000 1 31
1300000.000000 2 7
1300000.000000 3 3
1300000.000000 4 1
1300000.000000 15 1
1300000.000000 27 1
1300000.000000 500 1
1350000.000000 1 27
1350000.000000 2 8
1350000.000000 3 4
1350000.000000 4 1
1350000.000000 15 1
1350000.000000 24 1
1350000.000000 502 1
1400000.000000 1 26
1400000.000000 2 9
1400000.000000 3 3
1400000.000000 16 1
1400000.000000 20 1
1400000.000000 511 1
1450000.000000 1 28
1450000.000000 2 7
1450000.000000 3 1
1450000.000000 15 1
1450000.000000 22 1
1450000.000000 518 1
1500000.000000 1 28
1500000.000000 2 5
1500000.000000 3 3
1500000.000000 4 1
1500000.000000 39 1
1500000.000000 510 1
1550000.000000 1 33
1550000.000000 2 6
1550000.000000 3 1
1550000.000000 4 1
1550000.000000 6 1
1550000.000000 36 1
1550000.000000 506 1
1600000.000000 1 35
1600000.000000 2 3
1600000.000000 4 1
1600000.000000 5 1
1600000.000000 6 1
1600000.000000 7 1
1600000.000000 537 1
1650000.000000 1 38
1650000.000000 2 5
1650000.000000 3 2
1650000.000000 5 1
1650000.000000 541 1
1700000.000000 1 36
1700000.000000 2 6
1700000.000000 3 2
1700000.000000 32 1
1700000.000000 514 1
1750000.000000 1 39
1750000.000000 2 8
1750000.000000 3 1
1750000.000000 35 1
1750000.000000 507 1
1800000.000000 1 37
1800000.000000 2 9
1800000.000000 3 3
1800000.000000 34 1
1800000.000000 502 1
1850000.000000 1 37
1850000.000000 2 10
1850000.000000 3 1
1850000.000000 33 1
1850000.000000 507 1
1900000.000000 1 46
1900000.000000 2 7
1900000.000000 4 1
1900000.000000 35 1
1900000.000000 501 1
1950000.000000 1 29
1950000.000000 2 9
1950000.000000 3 3
1950000.000000 37 1
1950000.000000 507 1
2000000.000000 1 29
2000000.000000 2 7
2000000.000000 3 1
2000000.000000 4 1
2000000.000000 6 1
2000000.000000 35 1
2000000.000000 509 1
2050000.000000 1 35
2050000.000000 2 7
2050000.000000 3 1
2050000.000000 94 1
2050000.000000 454 1
2100000.000000 1 41
2100000.000000 2 6
2100000.000000 4 1
2100000.000000 34 1
2100000.000000 94 1
2100000.000000 415 1
2150000.000000 1 36
2150000.000000 2 3
2150000.000000 3 4
2150000.000000 4 1
2150000.000000 32 1
2150000.000000 510 1
2200000.000000 1 31
2200000.000000 2 10
2200000.000000 3 1
2200000.000000 5 1
2200000.000000 29 1
2200000.000000 92 1
2200000.000000 420 1
2250000.000000 1 31
2250000.000000 2 8
2250000.000000 3 5
2250000.000000 4 1
2250000.000000 29 1
2250000.000000 505 1
2300000.000000 1 35
2300000.000000 2 8
2300000.000000 3 1
2300000.000000 4 2
2300000.000000 5 1
2300000.000000 533 1
2350000.000000 1 39
2350000.000000 2 9
2350000.000000 3 1
2350000.000000 4 3
2350000.000000 11 1
2350000.000000 19 1
2350000.000000 498 1
2400000.000000 1 38
2400000.000000 2 7
2400000.000000 3 3
2400000.000000 4 1
2400000.000000 9 1
2400000.000000 20 1
2400000.000000 506 1
2450000.000000 1 36
2450000.000000 2 10
2450000.000000 3 3
2450000.000000 4 1
2450000.000000 5 2
2450000.000000 9 1
2450000.000000 105 1
2450000.000000 407 1
2500000.000000 1 52
2500000.000000 2 6
2500000.000000 3 2
2500000.000000 5 1
2500000.000000 6 1
2500000.000000 519 1
2550000.000000 1 38
2550000.000000 2 14
2550000.000000 5 1
2550000.000000 7 1
2550000.000000 9 1
2550000.000000 99 1
2550000.000000 414 1
2600000.000000 1 47
2600000.000000 2 9
2600000.000000 3 3
2600000.000000 110 1
2600000.000000 416 1
2650000.000000 1 45
2650000.000000 2 6
2650000.000000 3 3
2650000.000000 4 1
2650000.000000 109 1
2650000.000000 421 1
2700000.000000 1 41
2700000.000000 2 8
2700000.000000 3 2
2700000.000000 4 2
2700000.000000 17 1
2700000.000000 92 1
2700000.000000 420 1
2750000.000000 1 48
2750000.000000 2 5
2750000.000000 3 1
2750000.000000 4 1
2750000.000000 19 1
2750000.000000 93 1
2750000.000000 423 1
2800000.000000 1 39
2800000.000000 2 10
2800000.000000 3 4
2800000.000000 15 1
2800000.000000 90 1
2800000.000000 424 1
2850000.000000 1 37
2850000.000000 2 4
2850000.000000 3 2
2850000.000000 4 2
2850000.000000 17 1
2850000.000000 94 1
2850000.000000 430 1
2900000.000000 1 45
2900000.000000 2 9
2900000.000000 3 1
2900000.000000 16 1
2900000.000000 89 1
2900000.000000 429 1
2950000.000000 1 38
2950000.000000 2 12
2950000.000000 538 1
3000000.000000 1 43
3000000.000000 2 10
3000000.000000 3 1
3000000.000000 16 1
3000000.000000 89 1
3000000.000000 429 1
3050000.000000 1 53
3050000.000000 2 7
3050000.000000 3 2
3050000.000000 527 1
3100000.000000 1 44
3100000.000000 2 7
3100000.000000 4 1
3100000.000000 93 1
3100000.000000 445 1
3150000.000000 1 37
3150000.000000 2 7
3150000.000000 4 2
3150000.000000 16 1
3150000.000000 94 1
3150000.000000 431 1
3200000.000000 1 40
3200000.000000 2 10
3200000.000000 3 2
3200000.000000 13 1
3200000.000000 96 1
3200000.000000 425 1
3250000.000000 1 43
3250000.000000 2 5
3250000.000000 3 3
3250000.000000 114 1
3250000.000000 424 1
3300000.000000 1 33
3300000.000000 2 10
3300000.000000 3 4
3300000.000000 4 1
3300000.000000 13 1
3300000.000000 95 1
3300000.000000 423 1
3350000.000000 1 48
3350000.000000 2 8
3350000.000000 3 1
3350000.000000 14 1
3350000.000000 519 1
3400000.000000 1 42
3400000.000000 2 6
3400000.000000 3 4
3400000.000000 16 1
3400000.000000 97 1
3400000.000000 421 1
3450000.000000 1 37
3450000.000000 2 9
3450000.000000 3 3
3450000.000000 16 1
3450000.000000 93 1
3450000.000000 427 1
3500000.000000 1 39
3500000.000000 2 6
3500000.000000 3 4
3500000.000000 4 2
3500000.000000 5 1
3500000.000000 14 1
3500000.000000 90 1
3500000.000000 420 1
3550000.000000 1 42
3550000.000000 2 12
3550000.000000 3 2
3550000.000000 14 1
3550000.000000 514 1
3600000.000000 1 44
3600000.000000 2 11
3600000.000000 3 3
3600000.000000 4 3
3600000.000000 15 1
3600000.000000 88 1
3600000.000000 410 1
3650000.000000 1 53
3650000.000000 2 6
3650000.000000 3 4
3650000.000000 4 1
3650000.000000 6 1
3650000.000000 12 1
3650000.000000 87 1
3650000.000000 414 1
3700000.000000 1 44
3700000.000000 2 7
3700000.000000 3 2
3700000.000000 4 1
3700000.000000 5 2
3700000.000000 12 1
3700000.000000 86 1
3700000.000000 424 1
3750000.000000 1 47
3750000.000000 2 8
3750000.000000 3 3
3750000.000000 4 3
3750000.000000 13 1
3750000.000000 89 1
3750000.000000 414 1
3800000.000000 1 47
3800000.000000 2 6
3800000.000000 3 3
3800000.000000 4 2
3800000.000000 9 1
3800000.000000 10 1
3800000.000000 89 1
3800000.000000 416 1
3850000.000000 1 55
3850000.000000 2 10
3850000.000000 3 2
3850000.000000 4 1
3850000.000000 9 1
3850000.000000 506 1
3900000.000000 1 52
3900000.000000 2 11
3900000.000000 3 3
3900000.000000 4 3
3900000.000000 87 1
3900000.000000 418 1
3950000.000000 1 42
3950000.000000 2 10
3950000.000000 3 5
3950000.000000 4 2
3950000.000000 8 1
3950000.000000 87 1
3950000.000000 420 1
4000000.000000 1 35
4000000.000000 2 8
4000000.000000 3 3
4000000.000000 4 1
4000000.000000 5 2
4000000.000000 8 1
4000000.000000 89 1
4000000.000000 429 1
4050000.000000 1 40
4050000.000000 2 16
4050000.000000 3 2
4050000.000000 4 1
4050000.000000 14 1
4050000.000000 87 1
4050000.000000 417 1
4100000.000000 1 42
4100000.000000 2 10
4100000.000000 3 3
4100000.000000 4 1
4100000.000000 5 1
4100000.000000 13 1
4100000.000000 85 1
4100000.000000 422 1
4150000.000000 1 44
4150000.000000 2 7
4150000.000000 3 3
4150000.000000 4 2
4150000.000000 5 1
4150000.000000 7 1
4150000.000000 11 1
4150000.000000 88 1
4150000.000000 414 1
4200000.000000 1 53
4200000.000000 2 8
4200000.000000 3 3
4200000.000000 4 1
4200000.000000 6 1
4200000.000000 7 1
4200000.000000 505 1
4250000.000000 1 59
4250000.000000 2 5
4250000.000000 3 4
4250000.000000 4 1
4250000.000000 5 1
4250000.000000 8 1
4250000.000000 502 1
4300000.000000 1 37
4300000.000000 2 14
4300000.000000 3 5
4300000.000000 4 1
4300000.000000 6 1
4300000.000000 90 1
4300000.000000 420 1
4350000.000000 1 57
4350000.000000 2 10
4350000.000000 3 2
4350000.000000 4 1
4350000.000000 513 1
4400000.000000 1 46
4400000.000000 2 9
4400000.000000 3 2
4400000.000000 4 1
4400000.000000 5 1
4400000.000000 11 1
4400000.000000 93 1
4400000.000000 417 1
4450000.000000 1 42
4450000.000000 2 9
4450000.000000 3 4
4450000.000000 4 1
4450000.000000 5 2
4450000.000000 514 1
4500000.000000 1 48
4500000.000000 2 9
4500000.000000 3 4
4500000.000000 8 1
4500000.000000 93 1
4500000.000000 421 1
4550000.000000 1 45
4550000.000000 2 7
4550000.000000 4 2
4550000.000000 5 1
4550000.000000 8 1
4550000.000000 97 1
4550000.000000 423 1
4600000.000000 1 47
4600000.000000 2 9
4600000.000000 3 1
4600000.000000 4 1
4600000.000000 11 1
4600000.000000 517 1
4650000.000000 1 38
4650000.000000 2 9
4650000.000000 3 4
4650000.000000 4 2
4650000.000000 5 1
4650000.000000 519 1
4700000.000000 1 33
4700000.000000 2 11
4700000.000000 3 4
4700000.000000 4 1
4700000.000000 5 2
4700000.000000 519 1
4750000.000000 1 39
4750000.000000 2 7
4750000.000000 3 3
4750000.000000 4 1
4750000.000000 6 1
4750000.000000 7 1
4750000.000000 521 1
4800000.000000 1 37
4800000.000000 2 12
4800000.000000 3 5
4800000.000000 7 1
4800000.000000 517 1
4850000.000000 1 40
4850000.000000 2 6
4850000.000000 3 6
4850000.000000 4 1
4850000.000000 6 1
4850000.000000 88 1
4850000.000000 432 1
4900000.000000 1 41
4900000.000000 2 7
4900000.000000 3 2
4900000.000000 6 2
4900000.000000 101 1
4900000.000000 426 1
4950000.000000 1 46
4950000.000000 2 9
4950000.000000 3 2
4950000.000000 4 1
4950000.000000 5 1
4950000.000000 6 1
4950000.000000 515 1
5000000.000000 1 42
5000000.000000 2 9
5000000.000000 4 1
5000000.000000 5 1
5000000.000000 6 1
5000000.000000 525 1
5050000.000000 1 41
5050000.000000 2 9
5050000.000000 3 4
5050000.000000 4 1
5050000.000000 7 1
5050000.000000 93 1
5050000.000000 425 1
5100000.000000 1 35
5100000.000000 2 13
5100000.000000 3 3
5100000.000000 4 1
5100000.000000 5 2
5100000.000000 92 1
5100000.000000 424 1
5150000.000000 1 40
5150000.000000 2 7
5150000.000000 3 4
5150000.000000 5 1
5150000.000000 6 1
5150000.000000 93 1
5150000.000000 430 1
5200000.000000 1 45
5200000.000000 2 8
5200000.000000 3 2
5200000.000000 5 2
5200000.000000 7 1
5200000.000000 93 1
5200000.000000 423 1
5250000.000000 1 51
5250000.000000 2 6
5250000.000000 3 2
5250000.000000 4 2
5250000.000000 99 1
5250000.000000 424 1
5300000.000000 1 43
5300000.000000 2 7
5300000.000000 3 4
5300000.000000 5 1
5300000.000000 7 1
5300000.000000 91 1
5300000.000000 428 1
5350000.000000 1 46
5350000.000000 2 8
5350000.000000 3 3
5350000.000000 4 2
5350000.000000 94 1
5350000.000000 427 1
5400000.000000 1 42
5400000.000000 2 7
5400000.000000 3 5
5400000.000000 4 1
5400000.000000 5 1
5400000.000000 6 1
5400000.000000 514 1
5450000.000000 1 37
5450000.000000 2 12
5450000.000000 3 1
5450000.000000 4 3
5450000.000000 5 1
5450000.000000 519 1
5500000.000000 1 44
5500000.000000 2 8
5500000.000000 3 2
5500000.000000 4 1
5500000.000000 5 1
5500000.000000 6 1
5500000.000000 91 1
5500000.000000 428 1
5550000.000000 1 41
5550000.000000 2 4
5550000.000000 3 4
5550000.000000 4 1
5550000.000000 5 1
5550000.000000 8 1
5550000.000000 522 1
5600000.000000 1 47
5600000.000000 2 2
5600000.000000 3 2
5600000.000000 4 1
5600000.000000 5 1
5600000.000000 6 1
5600000.000000 8 1
5600000.000000 520 1
5650000.000000 1 44
5650000.000000 2 8
5650000.000000 3 2
5650000.000000 4 1
5650000.000000 5 2
5650000.000000 6 1
5650000.000000 8 1
5650000.000000 506 1
5700000.000000 1 46
5700000.000000 2 9
5700000.000000 3 3
5700000.000000 4 2
5700000.000000 10 1
5700000.000000 72 1
5700000.000000 437 1
5750000.000000 1 46
5750000.000000 2 11
5750000.000000 3 3
5750000.000000 4 3
5750000.000000 5 1
5750000.000000 6 1
5750000.000000 75 1
5750000.000000 425 1
5800000.000000 1 45
5800000.000000 2 12
5800000.000000 3 2
5800000.000000 5 2
5800000.000000 8 1
5800000.000000 80 1
5800000.000000 427 1
5850000.000000 1 37
5850000.000000 2 12
5850000.000000 3 6
5850000.000000 4 1
5850000.000000 8 1
5850000.000000 85 1
5850000.000000 424 1
5900000.000000 1 38
5900000.000000 2 9
5900000.000000 3 5
5900000.000000 4 3
5900000.000000 5 2
5900000.000000 80 1
5900000.000000 427 1
5950000.000000 1 47
5950000.000000 2 4
5950000.000000 3 5
5950000.000000 4 2
5950000.000000 6 1
5950000.000000 88 1
5950000.000000 428 1
6000000.000000 1 42
6000000.000000 2 10
6000000.000000 3 6
6000000.000000 4 1
6000000.000000 5 1
6000000.000000 7 1
6000000.000000 75 1
6000000.000000 429 1
6050000.000000 1 47
6050000.000000 2 6
6050000.000000 3 3
6050000.000000 4 2
6050000.000000 5 2
6050000.000000 514 1
6100000.000000 1 42
6100000.000000 2 10
6100000.000000 4 1
6100000.000000 6 1
6100000.000000 7 1
6100000.000000 521 1
6150000.000000 1 44
6150000.000000 2 10
6150000.000000 3 4
6150000.000000 4 1
6150000.000000 6 1
6150000.000000 87 1
6150000.000000 427 1
6200000.000000 1 48
6200000.000000 2 5
6200000.000000 3 5
6200000.000000 5 1
6200000.000000 7 1
6200000.000000 83 1
6200000.000000 432 1
6250000.000000 1 44
6250000.000000 2 8
6250000.000000 3 2
6250000.000000 4 2
6250000.000000 5 1
6250000.000000 12 1
6250000.000000 74 1
6250000.000000 435 1
6300000.000000 1 40
6300000.000000 2 12
6300000.000000 3 4
6300000.000000 4 2
6300000.000000 5 1
6300000.000000 7 1
6300000.000000 504 1
6350000.000000 1 46
6350000.000000 2 11
6350000.000000 3 4
6350000.000000 6 1
6350000.000000 514 1
6400000.000000 1 47
6400000.000000 2 13
6400000.000000 3 1
6400000.000000 5 1
6400000.000000 6 1
6400000.000000 79 1
6400000.000000 434 1
6450000.000000 1 43
6450000.000000 2 9
6450000.000000 3 4
6450000.000000 4 1
6450000.000000 5 1
6450000.000000 518 1
6500000.000000 1 37
6500000.000000 2 7
6500000.000000 3 4
6500000.000000 5 1
6500000.000000 6 1
6500000.000000 526 1
6550000.000000 1 45
6550000.000000 2 9
6550000.000000 3 1
6550000.000000 4 3
6550000.000000 8 1
6550000.000000 514 1
6600000.000000 1 45
6600000.000000 2 14
6600000.000000 3 2
6600000.000000 4 2
6600000.000000 5 1
6600000.000000 508 1
6650000.000000 1 52
6650000.000000 2 8
6650000.000000 3 4
6650000.000000 7 1
6650000.000000 513 1
6700000.000000 1 53
6700000.000000 2 9
6700000.000000 3 3
6700000.000000 4 2
6700000.000000 5 1
6700000.000000 77 1
6700000.000000 430 1
6750000.000000 1 44
6750000.000000 2 10
6750000.000000 3 7
6750000.000000 4 1
6750000.000000 79 1
6750000.000000 432 1
6800000.000000 1 39
6800000.000000 2 14
6800000.000000 3 5
6800000.000000 4 1
6800000.000000 82 1
6800000.000000 432 1
6850000.000000 1 39
6850000.000000 2 10
6850000.000000 3 2
6850000.000000 4 1
6850000.000000 6 1
6850000.000000 525 1
6900000.000000 1 42
6900000.000000 2 9
6900000.000000 3 3
6900000.000000 6 1
6900000.000000 525 1
6950000.000000 1 43
6950000.000000 2 7
6950000.000000 3 4
6950000.000000 4 2
6950000.000000 523 1
7000000.000000 1 47
7000000.000000 2 6
7000000.000000 3 6
7000000.000000 5 1
7000000.000000 518 1
7050000.000000 1 49
7050000.000000 2 10
7050000.000000 4 1
7050000.000000 6 1
7050000.000000 521 1
7100000.000000 1 42
7100000.000000 2 11
7100000.000000 3 2
7100000.000000 4 1
7100000.000000 526 1
7150000.000000 1 44
7150000.000000 2 5
7150000.000000 3 1
7150000.000000 4 1
7150000.000000 5 1
7150000.000000 7 1
7150000.000000 527 1
7200000.000000 1 41
7200000.000000 2 8
7200000.000000 3 1
7200000.000000 11 1
7200000.000000 529 1
7250000.000000 1 41
7250000.000000 2 9
7250000.000000 3 1
7250000.000000 7 1
7250000.000000 531 1
7300000.000000 1 45
7300000.000000 2 4
7300000.000000 3 2
7300000.000000 11 1
7300000.000000 530 1
7350000.000000 1 42
7350000.000000 2 6
7350000.000000 3 1
7350000.000000 4 1
7350000.000000 539 1
7400000.000000 1 50
7400000.000000 2 9
7400000.000000 3 1
7400000.000000 529 1
7450000.000000 1 54
7450000.000000 2 8
7450000.000000 3 3
7450000.000000 521 1
7500000.000000 1 33
7500000.000000 2 12
7500000.000000 3 5
7500000.000000 5 1
7500000.000000 523 1
7550000.000000 1 44
7550000.000000 2 6
7550000.000000 3 6
7550000.000000 4 2
7550000.000000 518 1
7600000.000000 1 45
7600000.000000 2 8
7600000.000000 4 3
7600000.000000 5 1
7600000.000000 522 1
7650000.000000 1 48
7650000.000000 2 7
7650000.000000 5 1
7650000.000000 6 1
7650000.000000 85 1
7650000.000000 442 1
7700000.000000 1 39
7700000.000000 2 9
7700000.000000 3 2
7700000.000000 7 1
7700000.000000 530 1
7750000.000000 1 43
7750000.000000 2 7
7750000.000000 3 3
7750000.000000 5 1
7750000.000000 529 1
7800000.000000 1 44
7800000.000000 2 9
7800000.000000 3 2
7800000.000000 4 1
7800000.000000 5 2
7800000.000000 518 1
7850000.000000 1 45
7850000.000000 2 8
7850000.000000 3 2
7850000.000000 4 2
7850000.000000 5 1
7850000.000000 520 1
7900000.000000 1 46
7900000.000000 2 9
7900000.000000 3 2
7900000.000000 4 4
7900000.000000 514 1
7950000.000000 1 44
7950000.000000 2 12
7950000.000000 3 3
7950000.000000 4 1
7950000.000000 519 1
8000000.000000 1 36
8000000.000000 2 6
8000000.000000 3 7
8000000.000000 4 1
8000000.000000 78 1
8000000.000000 449 1
8050000.000000 1 47
8050000.000000 2 7
8050000.000000 3 2
8050000.000000 4 1
8050000.000000 78 1
8050000.000000 451 1
8100000.000000 1 37
8100000.000000 2 12
8100000.000000 3 4
8100000.000000 4 1
8100000.000000 6 1
8100000.000000 75 1
8100000.000000 442 1
8150000.000000 1 42
8150000.000000 2 5
8150000.000000 3 4
8150000.000000 4 1
8150000.000000 5 1
8150000.000000 8 1
8150000.000000 77 1
8150000.000000 442 1
8200000.000000 1 37
8200000.000000 2 7
8200000.000000 3 2
8200000.000000 4 2
8200000.000000 5 1
8200000.000000 79 1
8200000.000000 451 1
8250000.000000 1 40
8250000.000000 2 5
8250000.000000 3 5
8250000.000000 4 2
8250000.000000 76 1
8250000.000000 451 1
8300000.000000 1 33
8300000.000000 2 8
8300000.000000 3 4
8300000.000000 5 1
8300000.000000 6 1
8300000.000000 75 1
8300000.000000 453 1
8350000.000000 1 41
8350000.000000 2 7
8350000.000000 3 3
8350000.000000 4 1
8350000.000000 6 1
8350000.000000 74 1
8350000.000000 452 1
8400000.000000 1 43
8400000.000000 2 6
8400000.000000 3 5
8400000.000000 80 1
8400000.000000 450 1
8450000.000000 1 39
8450000.000000 2 6
8450000.000000 3 3
8450000.000000 4 1
8450000.000000 83 1
8450000.000000 453 1
8500000.000000 1 38
8500000.000000 2 8
8500000.000000 3 3
8500000.000000 4 2
8500000.000000 79 1
8500000.000000 450 1
8550000.000000 1 43
8550000.000000 2 8
8550000.000000 3 2
8550000.000000 4 1
8550000.000000 81 1
8550000.000000 450 1
8600000.000000 1 41
8600000.000000 2 8
8600000.000000 3 1
8600000.000000 4 1
8600000.000000 81 1
8600000.000000 455 1
8650000.000000 1 38
8650000.000000 2 9
8650000.000000 3 3
8650000.000000 535 1
8700000.000000 1 42
8700000.000000 2 8
8700000.000000 3 2
8700000.000000 81 1
8700000.000000 455 1
8750000.000000 1 34
8750000.000000 2 8
8750000.000000 3 2
8750000.000000 4 2
8750000.000000 75 1
8750000.000000 461 1
8800000.000000 1 40
8800000.000000 2 8
8800000.000000 3 1
8800000.000000 5 1
8800000.000000 77 1
8800000.000000 459 1
8850000.000000 1 47
8850000.000000 2 6
8850000.000000 3 1
8850000.000000 5 2
8850000.000000 69 1
8850000.000000 459 1
8900000.000000 1 39
8900000.000000 2 9
8900000.000000 3 1
8900000.000000 4 1
8900000.000000 75 1
8900000.000000 461 1
8950000.000000 1 36
8950000.000000 2 5
8950000.000000 3 5
8950000.000000 75 1
8950000.000000 464 1
9000000.000000 1 34
9000000.000000 2 11
9000000.000000 3 2
9000000.000000 78 1
9000000.000000 460 1
9050000.000000 1 37
9050000.000000 2 10
9050000.000000 3 2
9050000.000000 5 1
9050000.000000 72 1
9050000.000000 460 1
9100000.000000 1 33
9100000.000000 2 6
9100000.000000 3 7
9100000.000000 6 1
9100000.000000 72 1
9100000.000000 456 1
9150000.000000 1 46
9150000.000000 2 12
9150000.000000 77 1
9150000.000000 453 1
9200000.000000 1 55
9200000.000000 2 6
9200000.000000 3 3
9200000.000000 5 1
9200000.000000 71 1
9200000.000000 448 1
9250000.000000 1 38
9250000.000000 2 7
9250000.000000 3 4
9250000.000000 4 1
9250000.000000 5 1
9250000.000000 74 1
9250000.000000 453 1
9300000.000000 1 44
9300000.000000 2 9
9300000.000000 3 5
9300000.000000 72 1
9300000.000000 451 1
9350000.000000 1 58
9350000.000000 2 6
9350000.000000 3 3
9350000.000000 4 1
9350000.000000 5 1
9350000.000000 65 1
9350000.000000 447 1
9400000.000000 1 52
9400000.000000 2 9
9400000.000000 3 3
9400000.000000 521 1
9450000.000000 1 41
9450000.000000 2 14
9450000.000000 3 1
9450000.000000 4 1
9450000.000000 65 1
9450000.000000 459 1
9500000.000000 1 38
9500000.000000 2 11
9500000.000000 3 4
9500000.000000 4 3
9500000.000000 63 1
9500000.000000 453 1
9550000.000000 1 45
9550000.000000 2 9
9550000.000000 3 3
9550000.000000 4 1
9550000.000000 5 1
9550000.000000 8 1
9550000.000000 61 1
9550000.000000 450 1
9600000.000000 1 44
9600000.000000 2 11
9600000.000000 3 1
9600000.000000 4 1
9600000.000000 5 1
9600000.000000 6 1
9600000.000000 60 1
9600000.000000 456 1
9650000.000000 1 46
9650000.000000 2 11
9650000.000000 3 1
9650000.000000 4 2
9650000.000000 9 1
9650000.000000 62 1
9650000.000000 450 1
9700000.000000 1 46
9700000.000000 2 9
9700000.000000 3 2
9700000.000000 4 1
9700000.000000 6 1
9700000.000000 62 1
9700000.000000 458 1
9750000.000000 1 43
9750000.000000 2 8
9750000.000000 3 3
9750000.000000 4 2
9750000.000000 5 1
9750000.000000 9 1
9750000.000000 62 1
9750000.000000 448 1
9800000.000000 1 45
9800000.000000 2 11
9800000.000000 4 2
9800000.000000 5 1
9800000.000000 9 1
9800000.000000 62 1
9800000.000000 449 1
9850000.000000 1 53
9850000.000000 2 6
9850000.000000 3 2
9850000.000000 4 1
9850000.000000 5 1
9850000.000000 9 1
9850000.000000 58 1
9850000.000000 453 1
9900000.000000 1 58
9900000.000000 2 6
9900000.000000 3 2
9900000.000000 4 2
9900000.000000 11 1
9900000.000000 57 1
9900000.000000 448 1
9950000.000000 1 49
9950000.000000 2 9
9950000.000000 3 2
9950000.000000 7 1
9950000.000000 12 1
9950000.000000 57 1
9950000.000000 451 1
10000000.000000 1 57
10000000.000000 2 8
10000000.000000 3 6
10000000.000000 7 1
10000000.000000 502 1
10050000.000000 1 49
10050000.000000 2 9
10050000.000000 3 5
10050000.000000 4 2
10050000.000000 5 1
10050000.000000 56 1
10050000.000000 449 1
10100000.000000 1 44
10100000.000000 2 10
10100000.000000 3 1
10100000.000000 4 1
10100000.000000 5 1
10100000.000000 11 1
10100000.000000 58 1
10100000.000000 455 1
10150000.000000 1 48
10150000.000000 2 10
10150000.000000 3 2
10150000.000000 4 2
10150000.000000 6 1
10150000.000000 55 1
10150000.000000 457 1
10200000.000000 1 43
10200000.000000 2 11
10200000.000000 3 4
10200000.000000 4 2
10200000.000000 58 1
10200000.000000 457 1
10250000.000000 1 42
10250000.000000 2 11
10250000.000000 3 4
10250000.000000 4 3
10250000.000000 5 1
10250000.000000 56 1
10250000.000000 451 1
10300000.000000 1 36
10300000.000000 2 12
10300000.000000 3 3
10300000.000000 4 3
10300000.000000 5 1
10300000.000000 59 1
10300000.000000 455 1
10350000.000000 1 35
10350000.000000 2 12
10350000.000000 3 5
10350000.000000 5 1
10350000.000000 58 1
10350000.000000 463 1
10400000.000000 1 42
10400000.000000 2 6
10400000.000000 3 5
10400000.000000 4 3
10400000.000000 64 1
10400000.000000 455 1
10450000.000000 1 41
10450000.000000 2 6
10450000.000000 3 5
10450000.000000 4 2
10450000.000000 9 1
10450000.000000 60 1
10450000.000000 455 1
10500000.000000 1 38
10500000.000000 2 7
10500000.000000 3 3
10500000.000000 4 3
10500000.000000 5 2
10500000.000000 8 1
10500000.000000 53 1
10500000.000000 456 1
10550000.000000 1 42
10550000.000000 2 8
10550000.000000 3 5
10550000.000000 5 2
10550000.000000 9 1
10550000.000000 52 1
10550000.000000 456 1
10600000.000000 1 41
10600000.000000 2 5
10600000.000000 3 3
10600000.000000 4 2
10600000.000000 5 2
10600000.000000 11 1
10600000.000000 52 1
10600000.000000 459 1
10650000.000000 1 33
10650000.000000 2 13
10650000.000000 3 2
10650000.000000 5 2
10650000.000000 10 1
10650000.000000 54 1
10650000.000000 461 1
10700000.000000 1 44
10700000.000000 2 12
10700000.000000 3 2
10700000.000000 4 1
10700000.000000 6 1
10700000.000000 8 1
10700000.000000 51 1
10700000.000000 457 1
10750000.000000 1 38
10750000.000000 2 9
10750000.000000 3 1
10750000.000000 4 2
10750000.000000 5 1
10750000.000000 6 1
10750000.000000 7 1
10750000.000000 60 1
10750000.000000 455 1
10800000.000000 1 42
10800000.000000 2 11
10800000.000000 4 2
10800000.000000 5 1
10800000.000000 6 1
10800000.000000 10 1
10800000.000000 55 1
10800000.000000 452 1
10850000.000000 1 43
10850000.000000 2 6
10850000.000000 3 3
10850000.000000 9 1
10850000.000000 10 1
10850000.000000 61 1
10850000.000000 456 1
10900000.000000 1 41
10900000.000000 2 6
10900000.000000 3 1
10900000.000000 4 1
10900000.000000 5 1
10900000.000000 6 1
10900000.000000 529 1
10950000.000000 1 41
10950000.000000 2 8
10950000.000000 3 2
10950000.000000 5 1
10950000.000000 8 1
10950000.000000 64 1
10950000.000000 460 1
11000000.000000 1 39
11000000.000000 2 5
11000000.000000 3 2
11000000.000000 5 1
11000000.000000 8 1
11000000.000000 532 1
11050000.000000 1 37
11050000.000000 2 7
11050000.000000 3 2
11050000.000000 4 1
11050000.000000 6 1
11050000.000000 8 1
11050000.000000 64 1
11050000.000000 461 1
11100000.000000 1 41
11100000.000000 2 2
11100000.000000 3 3
11100000.000000 4 1
11100000.000000 5 1
11100000.000000 65 1
11100000.000000 472 1
11150000.000000 1 31
11150000.000000 2 8
11150000.000000 3 3
11150000.000000 4 1
11150000.000000 540 1
11200000.000000 1 41
11200000.000000 2 7
11200000.000000 3 1
11200000.000000 4 1
11200000.000000 5 1
11200000.000000 74 1
11200000.000000 459 1
11250000.000000 1 34
11250000.000000 2 5
11250000.000000 3 3
11250000.000000 4 2
11250000.000000 6 1
11250000.000000 8 1
11250000.000000 69 1
11250000.000000 456 1
11300000.000000 1 39
11300000.000000 2 6
11300000.000000 3 3
11300000.000000 4 1
11300000.000000 5 2
11300000.000000 68 1
11300000.000000 458 1
11350000.000000 1 45
11350000.000000 2 8
11350000.000000 3 2
11350000.000000 7 1
11350000.000000 69 1
11350000.000000 457 1
11400000.000000 1 43
11400000.000000 2 5
11400000.000000 3 3
11400000.000000 4 2
11400000.000000 7 1
11400000.000000 59 1
11400000.000000 464 1
11450000.000000 1 44
11450000.000000 2 7
11450000.000000 3 3
11450000.000000 5 1
11450000.000000 57 1
11450000.000000 471 1
11500000.000000 1 43
11500000.000000 2 6
11500000.000000 3 3
11500000.000000 61 1
11500000.000000 475 1
11550000.000000 1 39
11550000.000000 2 11
11550000.000000 4 2
11550000.000000 59 1
11550000.000000 472 1
11600000.000000 1 47
11600000.000000 2 5
11600000.000000 3 2
11600000.000000 4 2
11600000.000000 51 1
11600000.000000 478 1
11650000.000000 1 41
11650000.000000 2 6
11650000.000000 3 5
11650000.000000 4 1
11650000.000000 528 1
11700000.000000 1 41
11700000.000000 2 6
11700000.000000 3 2
11700000.000000 4 1
11700000.000000 5 1
11700000.000000 52 1
11700000.000000 480 1
11750000.000000 1 48
11750000.000000 2 7
11750000.000000 3 1
11750000.000000 4 1
11750000.000000 50 1
11750000.000000 481 1
11800000.000000 1 41
11800000.000000 2 4
11800000.000000 3 5
11800000.000000 4 1
11800000.000000 6 1
11800000.000000 49 1
11800000.000000 477 1
11850000.000000 1 40
11850000.000000 2 11
11850000.000000 3 2
11850000.000000 5 1
11850000.000000 47 1
11850000.000000 480 1
11900000.000000 1 41
11900000.000000 2 6
11900000.000000 3 2
11900000.000000 6 2
11900000.000000 10 1
11900000.000000 46 1
11900000.000000 473 1
11950000.000000 1 43
11950000.000000 2 5
11950000.000000 3 3
11950000.000000 4 2
11950000.000000 44 1
11950000.000000 486 1
12000000.000000 1 49
12000000.000000 2 4
12000000.000000 3 4
12000000.000000 4 1
12000000.000000 47 1
12000000.000000 480 1
12050000.000000 1 38
12050000.000000 2 9
12050000.000000 3 1
12050000.000000 4 3
12050000.000000 7 1
12050000.000000 46 1
12050000.000000 476 1
12100000.000000 1 41
12100000.000000 2 6
12100000.000000 3 3
12100000.000000 4 1
12100000.000000 6 1
12100000.000000 7 1
12100000.000000 44 1
12100000.000000 477 1
12150000.000000 1 42
12150000.000000 2 8
12150000.000000 3 2
12150000.000000 4 2
12150000.000000 7 1
12150000.000000 44 1
12150000.000000 477 1
12200000.000000 1 43
12200000.000000 2 11
12200000.000000 3 3
12200000.000000 7 1
12200000.000000 44 1
12200000.000000 475 1
12250000.000000 1 47
12250000.000000 2 7
12250000.000000 3 1
12250000.000000 4 1
12250000.000000 45 1
12250000.000000 487 1
12300000.000000 1 51
12300000.000000 2 7
12300000.000000 3 3
12300000.000000 7 1
12300000.000000 519 1
12350000.000000 1 46
12350000.000000 2 6
12350000.000000 3 6
12350000.000000 6 2
12350000.000000 512 1
12400000.000000 1 52
12400000.000000 2 9
12400000.000000 3 1
12400000.000000 4 2
12400000.000000 6 1
12400000.000000 513 1
12450000.000000 1 39
12450000.000000 2 14
12450000.000000 3 3
12450000.000000 5 1
12450000.000000 42 1
12450000.000000 477 1
12500000.000000 1 33
12500000.000000 2 7
12500000.000000 3 2
12500000.000000 4 2
12500000.000000 6 2
12500000.000000 527 1
12550000.000000 1 34
12550000.000000 2 10
12550000.000000 3 1
12550000.000000 4 2
12550000.000000 7 1
12550000.000000 42 1
12550000.000000 486 1
12600000.000000 1 40
12600000.000000 2 5
12600000.000000 3 8
12600000.000000 5 1
12600000.000000 37 1
12600000.000000 484 1
12650000.000000 1 42
12650000.000000 2 8
12650000.000000 3 1
12650000.000000 4 1
12650000.000000 8 1
12650000.000000 527 1
12700000.000000 1 41
12700000.000000 2 7
12700000.000000 3 1
12700000.000000 4 3
12700000.000000 530 1
12750000.000000 1 37
12750000.000000 2 11
12750000.000000 3 2
12750000.000000 4 1
12750000.000000 531 1
12800000.000000 1 36
12800000.000000 2 3
12800000.000000 3 4
12800000.000000 4 1
12800000.000000 5 2
12800000.000000 532 1
12850000.000000 1 43
12850000.000000 2 7
12850000.000000 3 4
12850000.000000 531 1
12900000.000000 1 43
12900000.000000 2 1
12900000.000000 3 5
12900000.000000 5 2
12900000.000000 530 1
12950000.000000 1 42
12950000.000000 2 8
12950000.000000 3 2
12950000.000000 4 1
12950000.000000 5 1
12950000.000000 527 1
13000000.000000 1 45
13000000.000000 2 3
13000000.000000 3 2
13000000.000000 5 1
13000000.000000 6 1
13000000.000000 532 1
13050000.000000 1 40
13050000.000000 2 7
13050000.000000 3 3
13050000.000000 4 1
13050000.000000 6 1
13050000.000000 527 1
13100000.000000 1 49
13100000.000000 2 11
13100000.000000 3 2
13100000.000000 523 1
13150000.000000 1 49
13150000.000000 2 6
13150000.000000 3 3
13150000.000000 530 1
13200000.000000 1 45
13200000.000000 2 9
13200000.000000 4 1
13200000.000000 533 1
13250000.000000 1 55
13250000.000000 2 5
13250000.000000 3 1
13250000.000000 4 1
13250000.000000 528 1
13300000.000000 1 38
13300000.000000 2 9
13300000.000000 3 3
13300000.000000 4 1
13300000.000000 34 1
13300000.000000 497 1
13350000.000000 1 37
13350000.000000 2 4
13350000.000000 3 4
13350000.000000 4 2
13350000.000000 35 1
13350000.000000 500 1
13400000.000000 1 40
13400000.000000 2 8
13400000.000000 3 2
13400000.000000 4 1
13400000.000000 37 1
13400000.000000 497 1
13450000.000000 1 34
13450000.000000 2 12
13450000.000000 41 1
13450000.000000 501 1
13500000.000000 1 42
13500000.000000 2 6
13500000.000000 3 1
13500000.000000 543 1
13550000.000000 1 38
13550000.000000 2 7
13550000.000000 4 2
13550000.000000 6 1
13550000.000000 26 1
13550000.000000 508 1
13600000.000000 1 45
13600000.000000 2 8
13600000.000000 3 1
13600000.000000 6 1
13600000.000000 27 1
13600000.000000 503 1
13650000.000000 1 33
13650000.000000 2 6
13650000.000000 3 1
13650000.000000 4 1
13650000.000000 7 1
13650000.000000 541 1
13700000.000000 1 45
13700000.000000 2 6
13700000.000000 3 1
13700000.000000 4 1
13700000.000000 6 1
13700000.000000 22 1
13700000.000000 508 1
13750000.000000 1 31
13750000.000000 2 10
13750000.000000 3 2
13750000.000000 4 3
13750000.000000 23 1
13750000.000000 508 1
13800000.000000 1 30
13800000.000000 2 9
13800000.000000 3 4
13800000.000000 4 1
13800000.000000 27 1
13800000.000000 509 1
13850000.000000 1 41
13850000.000000 2 7
13850000.000000 3 2
13850000.000000 4 1
13850000.000000 20 1
13850000.000000 515 1
13900000.000000 1 42
13900000.000000 2 9
13900000.000000 3 3
13900000.000000 19 1
13900000.000000 512 1
13950000.000000 1 41
13950000.000000 2 7
13950000.000000 4 1
13950000.000000 5 1
13950000.000000 536 1
14000000.000000 1 38
14000000.000000 2 5
14000000.000000 3 2
14000000.000000 4 1
14000000.000000 542 1
14050000.000000 1 45
14050000.000000 2 7
14050000.000000 3 1
14050000.000000 538 1
14100000.000000 1 43
14100000.000000 2 5
14100000.000000 3 3
14100000.000000 5 1
14100000.000000 13 1
14100000.000000 17 1
14100000.000000 503 1
14150000.000000 1 33
14150000.000000 2 11
14150000.000000 3 1
14150000.000000 4 1
14150000.000000 8 1
14150000.000000 530 1
14200000.000000 1 34
14200000.000000 2 8
14200000.000000 3 1
14200000.000000 4 1
14200000.000000 5 1
14200000.000000 16 1
14200000.000000 522 1
14250000.000000 1 40
14250000.000000 2 7
14250000.000000 3 2
14250000.000000 5 2
14250000.000000 15 1
14250000.000000 515 1
14300000.000000 1 45
14300000.000000 2 6
14300000.000000 4 2
14300000.000000 5 1
14300000.000000 18 1
14300000.000000 512 1
14350000.000000 1 42
14350000.000000 2 3
14350000.000000 3 5
14350000.000000 6 1
14350000.000000 531 1
14400000.000000 1 40
14400000.000000 2 8
14400000.000000 3 2
14400000.000000 4 1
14400000.000000 534 1
14450000.000000 1 41
14450000.000000 2 9
14450000.000000 3 1
14450000.000000 5 1
14450000.000000 20 1
14450000.000000 513 1
14500000.000000 1 36
14500000.000000 2 9
14500000.000000 3 1
14500000.000000 4 2
14500000.000000 18 1
14500000.000000 517 1
14550000.000000 1 42
14550000.000000 2 5
14550000.000000 3 3
14550000.000000 539 1
14600000.000000 1 36
14600000.000000 2 6
14600000.000000 3 3
14600000.000000 4 1
14600000.000000 539 1
14650000.000000 1 32
14650000.000000 2 2
14650000.000000 3 4
14650000.000000 4 1
14650000.000000 6 1
14650000.000000 542 1
14700000.000000 1 37
14700000.000000 2 5
14700000.000000 3 2
14700000.000000 4 1
14700000.000000 8 1
14700000.000000 12 1
14700000.000000 523 1
14750000.000000 1 33
14750000.000000 2 7
14750000.000000 3 1
14750000.000000 12 1
14750000.000000 538 1
14800000.000000 1 32
14800000.000000 2 7
14800000.000000 3 1
14800000.000000 8 1
14800000.000000 543 1
14850000.000000 1 28
14850000.000000 2 4
14850000.000000 3 3
14850000.000000 555 1
14900000.000000 1 34
14900000.000000 2 4
14900000.000000 3 1
14900000.000000 4 1
14900000.000000 12 1
14900000.000000 539 1
14950000.000000 1 30
14950000.000000 2 5
14950000.000000 3 1
14950000.000000 10 1
14950000.000000 14 1
14950000.000000 533 1
15000000.000000 1 25
15000000.000000 2 7
15000000.000000 3 2
15000000.000000 555 1
15050000.000000 1 30
15050000.000000 2 9
15050000.000000 3 2
15050000.000000 15 1
15050000.000000 531 1
15100000.000000 1 42
15100000.000000 2 2
15100000.000000 3 4
15100000.000000 18 1
15100000.000000 524 1
15150000.000000 1 35
15150000.000000 2 8
15150000.000000 3 1
15150000.000000 4 1
15150000.000000 18 1
15150000.000000 524 1
15200000.000000 1 33
15200000.000000 2 6
15200000.000000 3 1
15200000.000000 4 1
15200000.000000 19 1
15200000.000000 529 1
15250000.000000 1 40
15250000.000000 2 7
15250000.000000 3 1
15250000.000000 15 1
15250000.000000 528 1
15300000.000000 1 40
15300000.000000 2 6
15300000.000000 3 1
15300000.000000 14 1
15300000.000000 531 1
15350000.000000 1 34
15350000.000000 2 6
15350000.000000 3 4
15350000.000000 14 1
15350000.000000 528 1
15400000.000000 1 44
15400000.000000 2 7
15400000.000000 3 4
15400000.000000 6 1
15400000.000000 524 1
15450000.000000 1 40
15450000.000000 2 10
15450000.000000 3 1
15450000.000000 537 1
15500000.000000 1 40
15500000.000000 2 6
15500000.000000 3 2
15500000.000000 4 1
15500000.000000 11 1
15500000.000000 527 1
15550000.000000 1 45
15550000.000000 2 5
15550000.000000 4 1
15550000.000000 11 1
15550000.000000 530 1
15600000.000000 1 41
15600000.000000 2 7
15600000.000000 3 2
15600000.000000 10 1
15600000.000000 529 1
15650000.000000 1 45
15650000.000000 2 2
15650000.000000 3 2
15650000.000000 4 1
15650000.000000 10 1
15650000.000000 531 1
15700000.000000 1 39
15700000.000000 2 9
15700000.000000 3 1
15700000.000000 5 1
15700000.000000 7 1
15700000.000000 528 1
15750000.000000 1 37
15750000.000000 2 3
15750000.000000 3 3
15750000.000000 5 1
15750000.000000 7 1
15750000.000000 536 1
15800000.000000 1 36
15800000.000000 2 4
15800000.000000 3 2
15800000.000000 11 1
15800000.000000 539 1
15850000.000000 1 44
15850000.000000 2 4
15850000.000000 4 1
15850000.000000 7 1
15850000.000000 537 1
15900000.000000 1 42
15900000.000000 2 4
15900000.000000 3 3
15900000.000000 4 2
15900000.000000 533 1
15950000.000000 1 40
15950000.000000 2 8
15950000.000000 3 1
15950000.000000 4 1
15950000.000000 537 1
16000000.000000 1 41
16000000.000000 2 8
16000000.000000 3 1
16000000.000000 4 1
16000000.000000 536 1
16050000.000000 1 33
16050000.000000 2 4
16050000.000000 3 3
16050000.000000 5 1
16050000.000000 545 1
16100000.000000 1 34
16100000.000000 2 7
16100000.000000 3 2
16100000.000000 7 1
16100000.000000 539 1
16150000.000000 1 41
16150000.000000 2 3
16150000.000000 3 1
16150000.000000 4 1
16150000.000000 5 1
16150000.000000 541 1
16200000.000000 1 34
16200000.000000 2 4
16200000.000000 3 1
16200000.000000 4 2
16200000.000000 6 1
16200000.000000 541 1
16250000.000000 1 36
16250000.000000 2 4
16250000.000000 3 2
16250000.000000 4 1
16250000.000000 5 1
16250000.000000 7 1
16250000.000000 534 1
16300000.000000 1 31
16300000.000000 2 7
16300000.000000 3 3
16300000.000000 5 2
16300000.000000 536 1
16350000.000000 1 39
16350000.000000 2 1
16350000.000000 4 1
16350000.000000 5 1
16350000.000000 6 1
16350000.000000 544 1
16400000.000000 1 43
16400000.000000 2 5
16400000.000000 3 2
16400000.000000 541 1
16450000.000000 1 32
16450000.000000 2 7
16450000.000000 3 2
16450000.000000 5 2
16450000.000000 538 1
16500000.000000 1 38
16500000.000000 2 6
16500000.000000 3 2
16500000.000000 4 1
16500000.000000 540 1
16550000.000000 1 45
16550000.000000 2 5
16550000.000000 3 2
16550000.000000 539 1
16600000.000000 1 39
16600000.000000 2 8
16600000.000000 3 2
16600000.000000 539 1
16650000.000000 1 44
16650000.000000 2 8
16650000.000000 3 1
16650000.000000 537 1
16700000.000000 1 36
16700000.000000 2 5
16700000.000000 3 3
16700000.000000 7 1
16700000.000000 538 1
16750000.000000 1 37
16750000.000000 2 9
16750000.000000 3 1
16750000.000000 4 1
16750000.000000 538 1
16800000.000000 1 43
16800000.000000 2 6
16800000.000000 5 1
16800000.000000 6 1
16800000.000000 534 1
16850000.000000 1 47
16850000.000000 2 5
16850000.000000 3 1
16850000.000000 4 2
16850000.000000 532 1
16900000.000000 1 38
16900000.000000 2 5
16900000.000000 3 1
16900000.000000 4 2
16900000.000000 5 2
16900000.000000 531 1
16950000.000000 1 41
16950000.000000 2 4
16950000.000000 3 4
16950000.000000 5 1
16950000.000000 534 1
17000000.000000 1 39
17000000.000000 2 7
17000000.000000 3 1
17000000.000000 5 2
17000000.000000 534 1
17050000.000000 1 39
17050000.000000 2 7
17050000.000000 3 2
17050000.000000 4 1
17050000.000000 537 1
17100000.000000 1 40
17100000.000000 2 7
17100000.000000 3 2
17100000.000000 4 1
17100000.000000 536 1
17150000.000000 1 38
17150000.000000 2 8
17150000.000000 3 1
17150000.000000 4 1
17150000.000000 539 1
17200000.000000 1 38
17200000.000000 2 7
17200000.000000 4 1
17200000.000000 6 1
17200000.000000 538 1
17250000.000000 1 41
17250000.000000 2 4
17250000.000000 3 2
17250000.000000 4 2
17250000.000000 6 1
17250000.000000 531 1
17300000.000000 1 43
17300000.000000 2 2
17300000.000000 3 3
17300000.000000 4 2
17300000.000000 5 1
17300000.000000 531 1
17350000.000000 1 40
17350000.000000 2 9
17350000.000000 3 2
17350000.000000 536 1
17400000.000000 1 54
17400000.000000 2 3
17400000.000000 3 3
17400000.000000 531 1
17450000.000000 1 44
17450000.000000 2 9
17450000.000000 3 1
17450000.000000 535 1
17500000.000000 1 47
17500000.000000 2 7
17500000.000000 3 2
17500000.000000 533 1
17550000.000000 1 50
17550000.000000 2 6
17550000.000000 3 1
17550000.000000 4 1
17550000.000000 531 1
17600000.000000 1 50
17600000.000000 2 3
17600000.000000 3 2
17600000.000000 538 1
17650000.000000 1 45
17650000.000000 2 6
17650000.000000 3 3
17650000.000000 534 1
17700000.000000 1 45
17700000.000000 2 6
17700000.000000 3 2
17700000.000000 4 2
17700000.000000 529 1
17750000.000000 1 50
17750000.000000 2 4
17750000.000000 3 1
17750000.000000 5 1
17750000.000000 534 1
17800000.000000 1 46
17800000.000000 2 10
17800000.000000 3 1
17800000.000000 531 1
17850000.000000 1 50
17850000.000000 2 3
17850000.000000 3 4
17850000.000000 532 1
17900000.000000 1 44
17900000.000000 2 4
17900000.000000 3 1
17900000.000000 4 3
17900000.000000 533 1
17950000.000000 1 47
17950000.000000 2 5
17950000.000000 3 2
17950000.000000 4 1
17950000.000000 533 1
18000000.000000 1 45
18000000.000000 2 5
18000000.000000 3 2
18000000.000000 4 1
18000000.000000 535 1
18050000.000000 1 45
18050000.000000 2 7
18050000.000000 3 3
18050000.000000 4 1
18050000.000000 528 1
18100000.000000 1 46
18100000.000000 2 9
18100000.000000 3 4
18100000.000000 524 1
18150000.000000 1 42
18150000.000000 2 7
18150000.000000 3 4
18150000.000000 5 1
18150000.000000 527 1
18200000.000000 1 35
18200000.000000 2 6
18200000.000000 3 3
18200000.000000 4 4
18200000.000000 528 1
18250000.000000 1 44
18250000.000000 2 10
18250000.000000 3 3
18250000.000000 4 1
18250000.000000 523 1
18300000.000000 1 53
18300000.000000 2 7
18300000.000000 3 1
18300000.000000 4 1
18300000.000000 526 1
18350000.000000 1 52
18350000.000000 2 8
18350000.000000 3 3
18350000.000000 4 1
18350000.000000 519 1
18400000.000000 1 51
18400000.000000 2 9
18400000.000000 3 3
18400000.000000 522 1
18450000.000000 1 44
18450000.000000 2 10
18450000.000000 3 2
18450000.000000 4 1
18450000.000000 526 1
18500000.000000 1 43
18500000.000000 2 6
18500000.000000 3 7
18500000.000000 524 1
18550000.000000 1 42
18550000.000000 2 12
18550000.000000 3 3
18550000.000000 525 1
18600000.000000 1 35
18600000.000000 2 11
18600000.000000 3 3
18600000.000000 4 1
18600000.000000 530 1
18650000.000000 1 41
18650000.000000 2 8
18650000.000000 3 4
18650000.000000 4 1
18650000.000000 527 1
18700000.000000 1 49
18700000.000000 2 2
18700000.000000 3 1
18700000.000000 4 4
18700000.000000 528 1
18750000.000000 1 46
18750000.000000 2 7
18750000.000000 3 2
18750000.000000 5 1
18750000.000000 529 1
18800000.000000 1 44
18800000.000000 2 6
18800000.000000 3 4
18800000.000000 4 1
18800000.000000 528 1
18850000.000000 1 41
18850000.000000 2 7
18850000.000000 3 3
18850000.000000 5 2
18850000.000000 526 1
18900000.000000 1 44
18900000.000000 2 8
18900000.000000 6 1
18900000.000000 534 1
18950000.000000 1 44
18950000.000000 2 7
18950000.000000 3 1
18950000.000000 4 1
18950000.000000 535 1
19000000.000000 1 44
19000000.000000 2 7
19000000.000000 4 1
19000000.000000 5 1
19000000.000000 533 1
19050000.000000 1 48
19050000.000000 2 4
19050000.000000 3 2
19050000.000000 9 1
19050000.000000 529 1
19100000.000000 1 43
19100000.000000 2 8
19100000.000000 3 2
19100000.000000 4 1
19100000.000000 5 1
19100000.000000 526 1
19150000.000000 1 42
19150000.000000 2 7
19150000.000000 3 5
19150000.000000 529 1
19200000.000000 1 34
19200000.000000 2 8
19200000.000000 3 4
19200000.000000 4 3
19200000.000000 526 1
19250000.000000 1 32
19250000.000000 2 8
19250000.000000 3 1
19250000.000000 4 2
19250000.000000 5 1
19250000.000000 8 1
19250000.000000 528 1
19300000.000000 1 42
19300000.000000 2 10
19300000.000000 3 1
19300000.000000 5 1
19300000.000000 530 1
19350000.000000 1 37
19350000.000000 2 11
19350000.000000 3 3
19350000.000000 532 1
19400000.000000 1 43
19400000.000000 2 4
19400000.000000 3 3
19400000.000000 4 1
19400000.000000 6 2
19400000.000000 524 1
19450000.000000 1 37
19450000.000000 2 4
19450000.000000 3 2
19450000.000000 4 2
19450000.000000 5 2
19450000.000000 531 1
19500000.000000 1 33
19500000.000000 2 3
19500000.000000 3 2
19500000.000000 4 3
19500000.000000 5 2
19500000.000000 533 1
19550000.000000 1 43
19550000.000000 2 8
19550000.000000 3 2
19550000.000000 4 1
19550000.000000 5 1
19550000.000000 526 1
19600000.000000 1 44
19600000.000000 2 7
19600000.000000 4 1
19600000.000000 5 1
19600000.000000 533 1
19650000.000000 1 40
19650000.000000 2 7
19650000.000000 3 1
19650000.000000 4 3
19650000.000000 531 1
19700000.000000 1 45
19700000.000000 2 9
19700000.000000 3 1
19700000.000000 4 1
19700000.000000 530 1
19750000.000000 1 51
19750000.000000 2 9
19750000.000000 531 1
