# time mean_cluster_size
50000.000000 300.0000000000
100000.000000 120.0000000000
150000.000000 60.0000000000
200000.000000 42.8571428571
250000.000000 31.5789473684
300000.000000 30.0000000000
350000.000000 28.5714285714
400000.000000 26.0869565217
450000.000000 19.3548387097
500000.000000 20.0000000000
550000.000000 19.3548387097
600000.000000 19.3548387097
650000.000000 18.7500000000
700000.000000 18.7500000000
750000.000000 16.6666666667
800000.000000 15.3846153846
850000.000000 12.7659574468
900000.000000 13.9534883721
950000.000000 13.3333333333
1000000.000000 12.0000000000
1050000.000000 11.1111111111
1100000.000000 10.5263157895
1150000.000000 13.6363636364
1200000.000000 13.9534883721
1250000.000000 13.3333333333
1300000.000000 13.3333333333
1350000.000000 13.9534883721
1400000.000000 14.6341463415
1450000.000000 15.3846153846
1500000.000000 15.3846153846
1550000.000000 13.6363636364
1600000.000000 13.9534883721
1650000.000000 12.7659574468
1700000.000000 13.0434782609
1750000.000000 12.0000000000
1800000.000000 11.7647058824
1850000.000000 12.0000000000
1900000.000000 10.7142857143
1950000.000000 13.9534883721
2000000.000000 14.6341463415
2050000.000000 13.3333333333
2100000.000000 11.7647058824
2150000.000000 13.0434782609
2200000.000000 13.0434782609
2250000.000000 12.7659574468
2300000.000000 12.5000000000
2350000.000000 10.9090909091
2400000.000000 11.5384615385
2450000.000000 10.9090909091
2500000.000000 9.5238095238
2550000.000000 10.5263157895
2600000.000000 9.8360655738
2650000.000000 10.5263157895
2700000.000000 10.7142857143
2750000.000000 10.3448275862
2800000.000000 10.7142857143
2850000.000000 12.5000000000
2900000.000000 10.3448275862
2950000.000000 11.7647058824
3000000.000000 10.5263157895
3050000.000000 9.5238095238
3100000.000000 11.1111111111
3150000.000000 12.2448979592
3200000.000000 10.9090909091
3250000.000000 11.3207547170
3300000.000000 11.7647058824
3350000.000000 10.1694915254
3400000.000000 10.9090909091
3450000.000000 11.5384615385
3500000.000000 10.9090909091
3550000.000000 10.3448275862
3600000.000000 9.3750000000
3650000.000000 8.8235294118
3700000.000000 10.1694915254
3750000.000000 9.3750000000
3800000.000000 9.6774193548
3850000.000000 8.5714285714
3900000.000000 8.4507042254
3950000.000000 9.6774193548
4000000.000000 11.5384615385
4050000.000000 9.6774193548
4100000.000000 10.0000000000
4150000.000000 9.8360655738
4200000.000000 8.8235294118
4250000.000000 8.3333333333
4300000.000000 10.0000000000
4350000.000000 8.4507042254
4400000.000000 9.6774193548
4450000.000000 10.1694915254
4500000.000000 9.3750000000
4550000.000000 10.3448275862
4600000.000000 10.0000000000
4650000.000000 10.9090909091
4700000.000000 11.5384615385
4750000.000000 11.3207547170
4800000.000000 10.7142857143
4850000.000000 10.7142857143
4900000.000000 11.1111111111
4950000.000000 9.8360655738
5000000.000000 10.9090909091
5050000.000000 10.3448275862
5100000.000000 10.7142857143
5150000.000000 10.9090909091
5200000.000000 10.0000000000
5250000.000000 9.5238095238
5300000.000000 10.3448275862
5350000.000000 9.8360655738
5400000.000000 10.3448275862
5450000.000000 10.9090909091
5500000.000000 10.1694915254
5550000.000000 11.3207547170
5600000.000000 10.7142857143
5650000.000000 10.0000000000
5700000.000000 9.5238095238
5750000.000000 8.9552238806
5800000.000000 9.3750000000
5850000.000000 10.1694915254
5900000.000000 10.1694915254
5950000.000000 9.8360655738
6000000.000000 9.5238095238
6050000.000000 9.8360655738
6100000.000000 10.7142857143
6150000.000000 9.6774193548
6200000.000000 9.6774193548
6250000.000000 10.0000000000
6300000.000000 9.8360655738
6350000.000000 9.5238095238
6400000.000000 9.2307692308
6450000.000000 10.1694915254
6500000.000000 11.7647058824
6550000.000000 10.0000000000
6600000.000000 9.2307692308
6650000.000000 9.0909090909
6700000.000000 8.5714285714
6750000.000000 9.3750000000
6800000.000000 9.8360655738
6850000.000000 11.1111111111
6900000.000000 10.7142857143
6950000.000000 10.5263157895
7000000.000000 9.8360655738
7050000.000000 9.6774193548
7100000.000000 10.5263157895
7150000.000000 11.1111111111
7200000.000000 11.5384615385
7250000.000000 11.3207547170
7300000.000000 11.3207547170
7350000.000000 11.7647058824
7400000.000000 9.8360655738
7450000.000000 9.0909090909
7500000.000000 11.5384615385
7550000.000000 10.1694915254
7600000.000000 10.3448275862
7650000.000000 10.1694915254
7700000.000000 11.5384615385
7750000.000000 10.9090909091
7800000.000000 10.1694915254
7850000.000000 10.1694915254
7900000.000000 9.6774193548
7950000.000000 9.8360655738
8000000.000000 11.5384615385
8050000.000000 10.1694915254
8100000.000000 10.5263157895
8150000.000000 10.7142857143
8200000.000000 11.7647058824
8250000.000000 11.1111111111
8300000.000000 12.2448979592
8350000.000000 10.9090909091
8400000.000000 10.7142857143
8450000.000000 11.7647058824
8500000.000000 11.3207547170
8550000.000000 10.7142857143
8600000.000000 11.3207547170
8650000.000000 11.7647058824
8700000.000000 11.1111111111
8750000.000000 12.5000000000
8800000.000000 11.5384615385
8850000.000000 10.3448275862
8900000.000000 11.5384615385
8950000.000000 12.5000000000
9000000.000000 12.2448979592
9050000.000000 11.5384615385
9100000.000000 12.2448979592
9150000.000000 10.0000000000
9200000.000000 8.9552238806
9250000.000000 11.3207547170
9300000.000000 10.0000000000
9350000.000000 8.4507042254
9400000.000000 9.2307692308
9450000.000000 10.1694915254
9500000.000000 10.3448275862
9550000.000000 9.6774193548
9600000.000000 9.8360655738
9650000.000000 9.5238095238
9700000.000000 9.8360655738
9750000.000000 10.0000000000
9800000.000000 9.6774193548
9850000.000000 9.0909090909
9900000.000000 8.4507042254
9950000.000000 9.3750000000
10000000.000000 8.2191780822
10050000.000000 8.8235294118
10100000.000000 10.0000000000
10150000.000000 9.2307692308
10200000.000000 9.6774193548
10250000.000000 9.5238095238
10300000.000000 10.5263157895
10350000.000000 10.9090909091
10400000.000000 10.3448275862
10450000.000000 10.5263157895
10500000.000000 10.7142857143
10550000.000000 10.0000000000
10600000.000000 10.7142857143
10650000.000000 11.3207547170
10700000.000000 9.5238095238
10750000.000000 10.9090909091
10800000.000000 10.0000000000
10850000.000000 10.7142857143
10900000.000000 11.5384615385
10950000.000000 10.9090909091
11000000.000000 12.2448979592
11050000.000000 11.7647058824
11100000.000000 12.0000000000
11150000.000000 13.6363636364
11200000.000000 11.3207547170
11250000.000000 12.5000000000
11300000.000000 11.3207547170
11350000.000000 10.3448275862
11400000.000000 10.7142857143
11450000.000000 10.5263157895
11500000.000000 11.1111111111
11550000.000000 11.1111111111
11600000.000000 10.3448275862
11650000.000000 11.1111111111
11700000.000000 11.3207547170
11750000.000000 10.1694915254
11800000.000000 11.1111111111
11850000.000000 10.7142857143
11900000.000000 11.1111111111
11950000.000000 10.9090909091
12000000.000000 10.0000000000
12050000.000000 11.1111111111
12100000.000000 10.9090909091
12150000.000000 10.5263157895
12200000.000000 10.0000000000
12250000.000000 10.3448275862
12300000.000000 9.5238095238
12350000.000000 9.8360655738
12400000.000000 9.0909090909
12450000.000000 10.1694915254
12500000.000000 12.7659574468
12550000.000000 12.0000000000
12600000.000000 10.7142857143
12650000.000000 11.1111111111
12700000.000000 11.3207547170
12750000.000000 11.5384615385
12800000.000000 12.7659574468
12850000.000000 10.9090909091
12900000.000000 11.5384615385
12950000.000000 10.9090909091
13000000.000000 11.3207547170
13050000.000000 11.3207547170
13100000.000000 9.5238095238
13150000.000000 10.1694915254
13200000.000000 10.7142857143
13250000.000000 9.5238095238
13300000.000000 11.3207547170
13350000.000000 12.2448979592
13400000.000000 11.3207547170
13450000.000000 12.5000000000
13500000.000000 12.0000000000
13550000.000000 12.0000000000
13600000.000000 10.5263157895
13650000.000000 13.9534883721
13700000.000000 10.7142857143
13750000.000000 12.5000000000
13800000.000000 13.0434782609
13850000.000000 11.3207547170
13900000.000000 10.7142857143
13950000.000000 11.7647058824
14000000.000000 12.7659574468
14050000.000000 11.1111111111
14100000.000000 10.9090909091
14150000.000000 12.5000000000
14200000.000000 12.7659574468
14250000.000000 11.3207547170
14300000.000000 10.7142857143
14350000.000000 11.5384615385
14400000.000000 11.5384615385
14450000.000000 11.1111111111
14500000.000000 12.0000000000
14550000.000000 11.7647058824
14600000.000000 12.7659574468
14650000.000000 14.6341463415
14700000.000000 12.5000000000
14750000.000000 13.9534883721
14800000.000000 14.2857142857
14850000.000000 16.6666666667
14900000.000000 14.2857142857
14950000.000000 15.3846153846
15000000.000000 17.1428571429
15050000.000000 13.9534883721
15100000.000000 12.0000000000
15150000.000000 12.7659574468
15200000.000000 13.9534883721
15250000.000000 12.0000000000
15300000.000000 12.2448979592
15350000.000000 13.0434782609
15400000.000000 10.5263157895
15450000.000000 11.5384615385
15500000.000000 11.7647058824
15550000.000000 11.3207547170
15600000.000000 11.5384615385
15650000.000000 11.5384615385
15700000.000000 11.5384615385
15750000.000000 13.0434782609
15800000.000000 13.6363636364
15850000.000000 11.7647058824
15900000.000000 11.5384615385
15950000.000000 11.7647058824
16000000.000000 11.5384615385
16050000.000000 14.2857142857
16100000.000000 13.3333333333
16150000.000000 12.5000000000
16200000.000000 13.9534883721
16250000.000000 13.0434782609
16300000.000000 13.6363636364
16350000.000000 13.6363636364
16400000.000000 11.7647058824
16450000.000000 13.6363636364
16500000.000000 12.5000000000
16550000.000000 11.3207547170
16600000.000000 12.0000000000
16650000.000000 11.1111111111
16700000.000000 13.0434782609
16750000.000000 12.2448979592
16800000.000000 11.5384615385
16850000.000000 10.7142857143
16900000.000000 12.2448979592
16950000.000000 11.7647058824
17000000.000000 12.0000000000
17050000.000000 12.0000000000
17100000.000000 11.7647058824
17150000.000000 12.2448979592
17200000.000000 12.5000000000
17250000.000000 11.7647058824
17300000.000000 11.5384615385
17350000.000000 11.5384615385
17400000.000000 9.8360655738
17450000.000000 10.9090909091
17500000.000000 10.5263157895
17550000.000000 10.1694915254
17600000.000000 10.7142857143
17650000.000000 10.9090909091
17700000.000000 10.7142857143
17750000.000000 10.5263157895
17800000.000000 10.3448275862
17850000.000000 10.3448275862
17900000.000000 11.3207547170
17950000.000000 10.7142857143
18000000.000000 11.1111111111
18050000.000000 10.5263157895
18100000.000000 10.0000000000
18150000.000000 10.9090909091
18200000.000000 12.2448979592
18250000.000000 10.1694915254
18300000.000000 9.5238095238
18350000.000000 9.2307692308
18400000.000000 9.3750000000
18450000.000000 10.3448275862
18500000.000000 10.5263157895
18550000.000000 10.3448275862
18600000.000000 11.7647058824
18650000.000000 10.9090909091
18700000.000000 10.5263157895
18750000.000000 10.5263157895
18800000.000000 10.7142857143
18850000.000000 11.1111111111
18900000.000000 11.1111111111
18950000.000000 11.1111111111
19000000.000000 11.1111111111
19050000.000000 10.7142857143
19100000.000000 10.7142857143
19150000.000000 10.9090909091
19200000.000000 12.0000000000
19250000.000000 13.0434782609
19300000.000000 10.9090909091
19350000.000000 11.5384615385
19400000.000000 11.1111111111
19450000.000000 12.5000000000
19500000.000000 13.6363636364
19550000.000000 10.7142857143
19600000.000000 11.1111111111
19650000.000000 11.5384615385
19700000.000000 10.5263157895
19750000.000000 9.8360655738
