# time cluster_size count
50000.000000 1 2
50000.000000 2 2
50000.000000 594 1
100000.000000 1 10
100000.000000 2 3
100000.000000 3 1
100000.000000 114 1
100000.000000 467 1
150000.000000 1 19
150000.000000 2 3
150000.000000 3 1
150000.000000 6 1
150000.000000 57 1
150000.000000 99 1
150000.000000 104 1
150000.000000 306 1
200000.000000 1 23
200000.000000 2 5
200000.000000 10 1
200000.000000 47 1
200000.000000 53 1
200000.000000 55 1
200000.000000 402 1
250000.000000 1 29
250000.000000 2 1
250000.000000 3 2
250000.000000 4 1
250000.000000 5 1
250000.000000 102 1
250000.000000 158 1
250000.000000 294 1
300000.000000 1 24
300000.000000 2 5
300000.000000 58 1
300000.000000 100 1
300000.000000 109 1
300000.000000 299 1
350000.000000 1 20
350000.000000 2 4
350000.000000 3 1
350000.000000 8 1
350000.000000 561 1
400000.000000 1 22
400000.000000 2 6
400000.000000 5 1
400000.000000 107 1
400000.000000 162 1
400000.000000 292 1
450000.000000 1 21
450000.000000 2 5
450000.000000 3 2
450000.000000 5 1
450000.000000 109 1
450000.000000 160 1
450000.000000 289 1
500000.000000 1 30
500000.000000 2 1
500000.000000 4 3
500000.000000 266 1
500000.000000 290 1
550000.000000 1 32
550000.000000 2 7
550000.000000 3 3
550000.000000 104 1
550000.000000 149 1
550000.000000 292 1
600000.000000 1 29
600000.000000 2 6
600000.000000 3 1
600000.000000 4 1
600000.000000 48 1
600000.000000 104 1
600000.000000 110 1
600000.000000 290 1
650000.000000 1 31
650000.000000 2 5
650000.000000 3 1
650000.000000 4 1
650000.000000 5 1
650000.000000 43 1
650000.000000 504 1
700000.000000 1 20
700000.000000 2 11
700000.000000 4 1
700000.000000 6 1
700000.000000 147 1
700000.000000 401 1
750000.000000 1 31
750000.000000 2 7
750000.000000 6 1
750000.000000 42 1
750000.000000 108 1
750000.000000 399 1
800000.000000 1 26
800000.000000 2 3
800000.000000 3 1
800000.000000 4 1
800000.000000 6 1
800000.000000 47 1
800000.000000 508 1
850000.000000 1 29
850000.000000 2 3
850000.000000 3 2
850000.000000 5 2
850000.000000 6 1
850000.000000 43 1
850000.000000 105 1
850000.000000 106 1
850000.000000 289 1
900000.000000 1 26
900000.000000 2 6
900000.000000 3 2
900000.000000 5 1
900000.000000 106 1
900000.000000 155 1
900000.000000 290 1
950000.000000 1 26
950000.000000 2 5
950000.000000 3 1
950000.000000 6 1
950000.000000 48 1
950000.000000 106 1
950000.000000 163 1
950000.000000 238 1
1000000.000000 1 41
1000000.000000 2 5
1000000.000000 49 1
1000000.000000 104 1
1000000.000000 396 1
1050000.000000 1 37
1050000.000000 2 2
1050000.000000 3 2
1050000.000000 108 1
1050000.000000 162 1
1050000.000000 283 1
1100000.000000 1 37
1100000.000000 2 2
1100000.000000 3 2
1100000.000000 49 1
1100000.000000 108 1
1100000.000000 110 1
1100000.000000 124 1
1100000.000000 162 1
1150000.000000 1 31
1150000.000000 2 5
1150000.000000 3 1
1150000.000000 4 2
1150000.000000 108 1
1150000.000000 440 1
1200000.000000 1 38
1200000.000000 2 3
1200000.000000 3 1
1200000.000000 4 1
1200000.000000 46 1
1200000.000000 108 1
1200000.000000 395 1
1250000.000000 1 33
1250000.000000 2 3
1250000.000000 3 1
1250000.000000 4 3
1250000.000000 48 1
1250000.000000 108 1
1250000.000000 109 1
1250000.000000 120 1
1250000.000000 161 1
1300000.000000 1 42
1300000.000000 2 4
1300000.000000 3 2
1300000.000000 45 1
1300000.000000 105 1
1300000.000000 113 1
1300000.000000 122 1
1300000.000000 159 1
1350000.000000 1 38
1350000.000000 2 7
1350000.000000 3 1
1350000.000000 4 1
1350000.000000 44 1
1350000.000000 106 1
1350000.000000 110 1
1350000.000000 122 1
1350000.000000 159 1
1400000.000000 1 37
1400000.000000 2 2
1400000.000000 3 1
1400000.000000 5 1
1400000.000000 45 1
1400000.000000 117 1
1400000.000000 158 1
1400000.000000 231 1
1450000.000000 1 33
1450000.000000 2 5
1450000.000000 4 1
1450000.000000 6 1
1450000.000000 44 1
1450000.000000 109 1
1450000.000000 113 1
1450000.000000 281 1
1500000.000000 1 31
1500000.000000 2 7
1500000.000000 3 2
1500000.000000 4 1
1500000.000000 5 1
1500000.000000 45 1
1500000.000000 109 1
1500000.000000 123 1
1500000.000000 263 1
1550000.000000 1 30
1550000.000000 2 3
1550000.000000 3 2
1550000.000000 4 1
1550000.000000 5 1
1550000.000000 42 1
1550000.000000 111 1
1550000.000000 113 1
1550000.000000 125 1
1550000.000000 158 1
1600000.000000 1 40
1600000.000000 2 7
1600000.000000 3 1
1600000.000000 5 1
1600000.000000 40 1
1600000.000000 111 1
1600000.000000 155 1
1600000.000000 232 1
1650000.000000 1 36
1650000.000000 2 4
1650000.000000 3 2
1650000.000000 5 1
1650000.000000 45 1
1650000.000000 107 1
1650000.000000 113 1
1650000.000000 125 1
1650000.000000 155 1
1700000.000000 1 33
1700000.000000 2 6
1700000.000000 3 3
1700000.000000 4 1
1700000.000000 42 1
1700000.000000 107 1
1700000.000000 112 1
1700000.000000 125 1
1700000.000000 156 1
1750000.000000 1 39
1750000.000000 2 6
1750000.000000 3 1
1750000.000000 4 2
1750000.000000 5 1
1750000.000000 42 1
1750000.000000 105 1
1750000.000000 109 1
1750000.000000 123 1
1750000.000000 154 1
1800000.000000 1 46
1800000.000000 2 3
1800000.000000 3 2
1800000.000000 4 1
1800000.000000 42 1
1800000.000000 107 1
1800000.000000 114 1
1800000.000000 122 1
1800000.000000 153 1
1850000.000000 1 42
1850000.000000 2 5
1850000.000000 3 1
1850000.000000 4 2
1850000.000000 5 1
1850000.000000 38 1
1850000.000000 105 1
1850000.000000 152 1
1850000.000000 237 1
1900000.000000 1 48
1900000.000000 2 2
1900000.000000 3 3
1900000.000000 4 2
1900000.000000 42 1
1900000.000000 105 1
1900000.000000 113 1
1900000.000000 121 1
1900000.000000 150 1
1950000.000000 1 41
1950000.000000 2 10
1950000.000000 3 2
1950000.000000 4 1
1950000.000000 42 1
1950000.000000 105 1
1950000.000000 113 1
1950000.000000 119 1
1950000.000000 150 1
2000000.000000 1 33
2000000.000000 2 8
2000000.000000 3 3
2000000.000000 4 2
2000000.000000 45 1
2000000.000000 104 1
2000000.000000 153 1
2000000.000000 232 1
2050000.000000 1 36
2050000.000000 2 8
2050000.000000 3 1
2050000.000000 4 2
2050000.000000 42 1
2050000.000000 150 1
2050000.000000 345 1
2100000.000000 1 32
2100000.000000 2 9
2100000.000000 3 1
2100000.000000 4 2
2100000.000000 6 1
2100000.000000 42 1
2100000.000000 153 1
2100000.000000 338 1
2150000.000000 1 31
2150000.000000 2 10
2150000.000000 3 1
2150000.000000 4 1
2150000.000000 6 1
2150000.000000 46 1
2150000.000000 100 1
2150000.000000 113 1
2150000.000000 125 1
2150000.000000 152 1
2200000.000000 1 39
2200000.000000 2 7
2200000.000000 3 2
2200000.000000 4 1
2200000.000000 5 1
2200000.000000 42 1
2200000.000000 149 1
2200000.000000 341 1
2250000.000000 1 40
2250000.000000 2 5
2250000.000000 3 2
2250000.000000 43 1
2250000.000000 102 1
2250000.000000 153 1
2250000.000000 246 1
2300000.000000 1 36
2300000.000000 2 11
2300000.000000 3 1
2300000.000000 4 1
2300000.000000 5 1
2300000.000000 44 1
2300000.000000 99 1
2300000.000000 149 1
2300000.000000 238 1
2350000.000000 1 37
2350000.000000 2 6
2350000.000000 3 2
2350000.000000 4 2
2350000.000000 5 1
2350000.000000 43 1
2350000.000000 102 1
2350000.000000 152 1
2350000.000000 235 1
2400000.000000 1 38
2400000.000000 2 5
2400000.000000 3 3
2400000.000000 4 1
2400000.000000 5 1
2400000.000000 43 1
2400000.000000 102 1
2400000.000000 153 1
2400000.000000 236 1
2450000.000000 1 35
2450000.000000 2 7
2450000.000000 3 3
2450000.000000 5 1
2450000.000000 46 1
2450000.000000 104 1
2450000.000000 152 1
2450000.000000 235 1
2500000.000000 1 35
2500000.000000 2 8
2500000.000000 3 3
2500000.000000 4 1
2500000.000000 5 1
2500000.000000 46 1
2500000.000000 99 1
2500000.000000 151 1
2500000.000000 235 1
2550000.000000 1 36
2550000.000000 2 7
2550000.000000 3 5
2550000.000000 46 1
2550000.000000 99 1
2550000.000000 155 1
2550000.000000 235 1
2600000.000000 1 34
2600000.000000 2 5
2600000.000000 3 1
2600000.000000 5 1
2600000.000000 6 1
2600000.000000 44 1
2600000.000000 101 1
2600000.000000 152 1
2600000.000000 245 1
2650000.000000 1 30
2650000.000000 2 8
2650000.000000 3 2
2650000.000000 4 2
2650000.000000 7 1
2650000.000000 45 1
2650000.000000 98 1
2650000.000000 153 1
2650000.000000 237 1
2700000.000000 1 40
2700000.000000 2 6
2700000.000000 3 2
2700000.000000 7 1
2700000.000000 45 1
2700000.000000 101 1
2700000.000000 153 1
2700000.000000 236 1
2750000.000000 1 35
2750000.000000 2 10
2750000.000000 3 3
2750000.000000 53 1
2750000.000000 94 1
2750000.000000 157 1
2750000.000000 232 1
2800000.000000 1 36
2800000.000000 2 8
2800000.000000 3 4
2800000.000000 7 1
2800000.000000 44 1
2800000.000000 94 1
2800000.000000 157 1
2800000.000000 234 1
2850000.000000 1 47
2850000.000000 2 10
2850000.000000 3 1
2850000.000000 4 1
2850000.000000 43 1
2850000.000000 96 1
2850000.000000 157 1
2850000.000000 230 1
2900000.000000 1 43
2900000.000000 2 9
2900000.000000 3 1
2900000.000000 4 2
2900000.000000 8 1
2900000.000000 42 1
2900000.000000 94 1
2900000.000000 158 1
2900000.000000 226 1
2950000.000000 1 44
2950000.000000 2 1
2950000.000000 3 4
2950000.000000 4 1
2950000.000000 5 2
2950000.000000 145 1
2950000.000000 158 1
2950000.000000 225 1
3000000.000000 1 47
3000000.000000 2 7
3000000.000000 3 1
3000000.000000 4 1
3000000.000000 5 1
3000000.000000 8 1
3000000.000000 41 1
3000000.000000 92 1
3000000.000000 156 1
3000000.000000 230 1
3050000.000000 1 41
3050000.000000 2 9
3050000.000000 3 2
3050000.000000 4 2
3050000.000000 48 1
3050000.000000 96 1
3050000.000000 156 1
3050000.000000 227 1
3100000.000000 1 27
3100000.000000 2 11
3100000.000000 3 4
3100000.000000 4 2
3100000.000000 5 1
3100000.000000 49 1
3100000.000000 93 1
3100000.000000 156 1
3100000.000000 228 1
3150000.000000 1 47
3150000.000000 2 6
3150000.000000 3 6
3150000.000000 5 1
3150000.000000 48 1
3150000.000000 91 1
3150000.000000 154 1
3150000.000000 225 1
3200000.000000 1 38
3200000.000000 2 6
3200000.000000 3 1
3200000.000000 5 1
3200000.000000 7 1
3200000.000000 8 1
3200000.000000 48 1
3200000.000000 94 1
3200000.000000 155 1
3200000.000000 230 1
3250000.000000 1 36
3250000.000000 2 11
3250000.000000 3 3
3250000.000000 4 1
3250000.000000 5 2
3250000.000000 48 1
3250000.000000 93 1
3250000.000000 154 1
3250000.000000 224 1
3300000.000000 1 43
3300000.000000 2 8
3300000.000000 3 1
3300000.000000 10 1
3300000.000000 48 1
3300000.000000 98 1
3300000.000000 156 1
3300000.000000 226 1
3350000.000000 1 40
3350000.000000 2 13
3350000.000000 3 2
3350000.000000 5 1
3350000.000000 48 1
3350000.000000 96 1
3350000.000000 157 1
3350000.000000 222 1
3400000.000000 1 48
3400000.000000 2 7
3400000.000000 3 1
3400000.000000 4 3
3400000.000000 5 1
3400000.000000 47 1
3400000.000000 95 1
3400000.000000 153 1
3400000.000000 223 1
3450000.000000 1 35
3450000.000000 2 9
3450000.000000 3 2
3450000.000000 4 1
3450000.000000 6 1
3450000.000000 49 1
3450000.000000 99 1
3450000.000000 155 1
3450000.000000 228 1
3500000.000000 1 43
3500000.000000 2 10
3500000.000000 5 2
3500000.000000 49 1
3500000.000000 225 1
3500000.000000 253 1
3550000.000000 1 37
3550000.000000 2 14
3550000.000000 3 2
3550000.000000 4 1
3550000.000000 50 1
3550000.000000 96 1
3550000.000000 156 1
3550000.000000 223 1
3600000.000000 1 30
3600000.000000 2 8
3600000.000000 3 4
3600000.000000 4 1
3600000.000000 5 1
3600000.000000 52 1
3600000.000000 90 1
3600000.000000 165 1
3600000.000000 226 1
3650000.000000 1 45
3650000.000000 2 4
3650000.000000 3 7
3650000.000000 48 1
3650000.000000 91 1
3650000.000000 161 1
3650000.000000 226 1
3700000.000000 1 39
3700000.000000 2 6
3700000.000000 3 6
3700000.000000 4 1
3700000.000000 51 1
3700000.000000 476 1
3750000.000000 1 36
3750000.000000 2 10
3750000.000000 3 5
3750000.000000 52 1
3750000.000000 225 1
3750000.000000 252 1
3800000.000000 1 34
3800000.000000 2 8
3800000.000000 3 6
3800000.000000 52 1
3800000.000000 480 1
3850000.000000 1 47
3850000.000000 2 7
3850000.000000 3 4
3850000.000000 53 1
3850000.000000 223 1
3850000.000000 251 1
3900000.000000 1 50
3900000.000000 2 8
3900000.000000 3 3
3900000.000000 54 1
3900000.000000 161 1
3900000.000000 310 1
3950000.000000 1 45
3950000.000000 2 4
3950000.000000 3 3
3950000.000000 4 2
3950000.000000 53 1
3950000.000000 92 1
3950000.000000 164 1
3950000.000000 221 1
4000000.000000 1 35
4000000.000000 2 7
4000000.000000 3 5
4000000.000000 5 1
4000000.000000 531 1
4050000.000000 1 38
4050000.000000 2 10
4050000.000000 4 1
4050000.000000 5 1
4050000.000000 51 1
4050000.000000 482 1
4100000.000000 1 40
4100000.000000 2 2
4100000.000000 3 2
4100000.000000 4 2
4100000.000000 5 1
4100000.000000 54 1
4100000.000000 483 1
4150000.000000 1 36
4150000.000000 2 7
4150000.000000 3 4
4150000.000000 4 1
4150000.000000 55 1
4150000.000000 479 1
4200000.000000 1 35
4200000.000000 2 12
4200000.000000 3 1
4200000.000000 4 2
4200000.000000 52 1
4200000.000000 162 1
4200000.000000 316 1
4250000.000000 1 45
4250000.000000 2 9
4250000.000000 5 1
4250000.000000 55 1
4250000.000000 162 1
4250000.000000 315 1
4300000.000000 1 43
4300000.000000 2 9
4300000.000000 5 1
4300000.000000 55 1
4300000.000000 161 1
4300000.000000 318 1
4350000.000000 1 47
4350000.000000 2 7
4350000.000000 3 1
4350000.000000 5 1
4350000.000000 54 1
4350000.000000 477 1
4400000.000000 1 38
4400000.000000 2 8
4400000.000000 3 2
4400000.000000 5 1
4400000.000000 55 1
4400000.000000 162 1
4400000.000000 318 1
4450000.000000 1 38
4450000.000000 2 4
4450000.000000 3 4
4450000.000000 4 1
4450000.000000 54 1
4450000.000000 484 1
4500000.000000 1 51
4500000.000000 2 6
4500000.000000 3 1
4500000.000000 5 1
4500000.000000 50 1
4500000.000000 479 1
4550000.000000 1 47
4550000.000000 2 7
4550000.000000 4 1
4550000.000000 53 1
4550000.000000 482 1
4600000.000000 1 45
4600000.000000 2 6
4600000.000000 3 4
4600000.000000 5 1
4600000.000000 50 1
4600000.000000 476 1
4650000.000000 1 42
4650000.000000 2 7
4650000.000000 3 2
4650000.000000 5 2
4650000.000000 51 1
4650000.000000 477 1
4700000.000000 1 47
4700000.000000 2 7
4700000.000000 3 2
4700000.000000 4 1
4700000.000000 53 1
4700000.000000 476 1
4750000.000000 1 42
4750000.000000 2 6
4750000.000000 3 3
4750000.000000 4 3
4750000.000000 52 1
4750000.000000 473 1
4800000.000000 1 47
4800000.000000 2 3
4800000.000000 3 3
4800000.000000 4 2
4800000.000000 52 1
4800000.000000 478 1
4850000.000000 1 41
4850000.000000 2 12
4850000.000000 3 1
4850000.000000 4 1
4850000.000000 50 1
4850000.000000 478 1
4900000.000000 1 52
4900000.000000 2 6
4900000.000000 4 1
4900000.000000 6 1
4900000.000000 49 1
4900000.000000 477 1
4950000.000000 1 40
4950000.000000 2 6
4950000.000000 3 4
4950000.000000 5 1
4950000.000000 51 1
4950000.000000 480 1
5000000.000000 1 43
5000000.000000 2 5
5000000.000000 3 5
5000000.000000 4 1
5000000.000000 50 1
5000000.000000 478 1
5050000.000000 1 45
5050000.000000 2 10
5050000.000000 3 1
5050000.000000 4 1
5050000.000000 47 1
5050000.000000 481 1
5100000.000000 1 44
5100000.000000 2 8
5100000.000000 3 3
5100000.000000 51 1
5100000.000000 480 1
5150000.000000 1 57
5150000.000000 2 6
5150000.000000 52 1
5150000.000000 479 1
5200000.000000 1 42
5200000.000000 2 12
5200000.000000 54 1
5200000.000000 480 1
5250000.000000 1 45
5250000.000000 2 10
5250000.000000 3 1
5250000.000000 53 1
5250000.000000 479 1
5300000.000000 1 41
5300000.000000 2 10
5300000.000000 3 2
5300000.000000 4 1
5300000.000000 53 1
5300000.000000 476 1
5350000.000000 1 38
5350000.000000 2 8
5350000.000000 3 2
5350000.000000 4 1
5350000.000000 5 1
5350000.000000 51 1
5350000.000000 480 1
5400000.000000 1 41
5400000.000000 2 8
5400000.000000 3 1
5400000.000000 4 1
5400000.000000 5 1
5400000.000000 49 1
5400000.000000 482 1
5450000.000000 1 40
5450000.000000 2 8
5450000.000000 3 6
5450000.000000 48 1
5450000.000000 478 1
5500000.000000 1 36
5500000.000000 2 4
5500000.000000 3 2
5500000.000000 4 2
5500000.000000 6 1
5500000.000000 50 1
5500000.000000 486 1
5550000.000000 1 34
5550000.000000 2 8
5550000.000000 3 5
5550000.000000 46 1
5550000.000000 489 1
5600000.000000 1 46
5600000.000000 2 4
5600000.000000 3 3
5600000.000000 4 1
5600000.000000 47 1
5600000.000000 486 1
5650000.000000 1 39
5650000.000000 2 5
5650000.000000 3 3
5650000.000000 4 1
5650000.000000 47 1
5650000.000000 491 1
5700000.000000 1 40
5700000.000000 2 6
5700000.000000 4 2
5700000.000000 5 1
5700000.000000 47 1
5700000.000000 488 1
5750000.000000 1 40
5750000.000000 2 6
5750000.000000 4 1
5750000.000000 6 1
5750000.000000 8 1
5750000.000000 47 1
5750000.000000 483 1
5800000.000000 1 46
5800000.000000 2 8
5800000.000000 3 3
5800000.000000 6 1
5800000.000000 47 1
5800000.000000 476 1
5850000.000000 1 41
5850000.000000 2 7
5850000.000000 3 3
5850000.000000 4 1
5850000.000000 50 1
5850000.000000 482 1
5900000.000000 1 44
5900000.000000 2 9
5900000.000000 3 4
5900000.000000 4 1
5900000.000000 49 1
5900000.000000 473 1
5950000.000000 1 44
5950000.000000 2 6
5950000.000000 3 4
5950000.000000 4 2
5950000.000000 47 1
5950000.000000 477 1
6000000.000000 1 40
6000000.000000 2 9
6000000.000000 3 3
6000000.000000 6 1
6000000.000000 46 1
6000000.000000 481 1
6050000.000000 1 47
6050000.000000 2 6
6050000.000000 3 3
6050000.000000 52 1
6050000.000000 480 1
6100000.000000 1 44
6100000.000000 2 8
6100000.000000 3 2
6100000.000000 6 1
6100000.000000 47 1
6100000.000000 481 1
6150000.000000 1 46
6150000.000000 2 7
6150000.000000 3 2
6150000.000000 48 1
6150000.000000 196 1
6150000.000000 290 1
6200000.000000 1 48
6200000.000000 2 10
6200000.000000 3 1
6200000.000000 4 1
6200000.000000 5 1
6200000.000000 47 1
6200000.000000 185 1
6200000.000000 288 1
6250000.000000 1 44
6250000.000000 2 7
6250000.000000 3 1
6250000.000000 4 1
6250000.000000 55 1
6250000.000000 190 1
6250000.000000 290 1
6300000.000000 1 45
6300000.000000 2 15
6300000.000000 50 1
6300000.000000 184 1
6300000.000000 291 1
6350000.000000 1 40
6350000.000000 2 11
6350000.000000 3 3
6350000.000000 5 1
6350000.000000 49 1
6350000.000000 181 1
6350000.000000 294 1
6400000.000000 1 45
6400000.000000 2 12
6400000.000000 3 3
6400000.000000 46 1
6400000.000000 187 1
6400000.000000 289 1
6450000.000000 1 50
6450000.000000 2 8
6450000.000000 3 1
6450000.000000 47 1
6450000.000000 186 1
6450000.000000 298 1
6500000.000000 1 52
6500000.000000 2 4
6500000.000000 3 5
6500000.000000 50 1
6500000.000000 185 1
6500000.000000 290 1
6550000.000000 1 54
6550000.000000 2 7
6550000.000000 3 2
6550000.000000 45 1
6550000.000000 191 1
6550000.000000 290 1
6600000.000000 1 48
6600000.000000 2 9
6600000.000000 3 1
6600000.000000 5 1
6600000.000000 45 1
6600000.000000 481 1
6650000.000000 1 51
6650000.000000 2 4
6650000.000000 3 4
6650000.000000 50 1
6650000.000000 189 1
6650000.000000 290 1
6700000.000000 1 49
6700000.000000 2 6
6700000.000000 3 1
6700000.000000 4 1
6700000.000000 49 1
6700000.000000 483 1
6750000.000000 1 46
6750000.000000 2 10
6750000.000000 3 1
6750000.000000 49 1
6750000.000000 192 1
6750000.000000 290 1
6800000.000000 1 45
6800000.000000 2 8
6800000.000000 5 1
6800000.000000 48 1
6800000.000000 191 1
6800000.000000 295 1
6850000.000000 1 54
6850000.000000 2 6
6850000.000000 3 1
6850000.000000 50 1
6850000.000000 481 1
6900000.000000 1 40
6900000.000000 2 9
6900000.000000 3 3
6900000.000000 5 1
6900000.000000 49 1
6900000.000000 189 1
6900000.000000 290 1
6950000.000000 1 43
6950000.000000 2 10
6950000.000000 3 1
6950000.000000 45 1
6950000.000000 195 1
6950000.000000 294 1
7000000.000000 1 42
7000000.000000 2 5
7000000.000000 3 2
7000000.000000 7 1
7000000.000000 45 1
7000000.000000 190 1
7000000.000000 300 1
7050000.000000 1 36
7050000.000000 2 4
7050000.000000 3 6
7050000.000000 6 1
7050000.000000 45 1
7050000.000000 189 1
7050000.000000 298 1
7100000.000000 1 47
7100000.000000 2 7
7100000.000000 3 2
7100000.000000 5 1
7100000.000000 42 1
7100000.000000 188 1
7100000.000000 298 1
7150000.000000 1 49
7150000.000000 2 2
7150000.000000 3 3
7150000.000000 5 1
7150000.000000 43 1
7150000.000000 490 1
7200000.000000 1 33
7200000.000000 2 8
7200000.000000 3 4
7200000.000000 4 1
7200000.000000 5 1
7200000.000000 44 1
7200000.000000 486 1
7250000.000000 1 39
7250000.000000 2 6
7250000.000000 3 2
7250000.000000 4 1
7250000.000000 6 1
7250000.000000 45 1
7250000.000000 488 1
7300000.000000 1 34
7300000.000000 2 8
7300000.000000 3 1
7300000.000000 4 1
7300000.000000 5 1
7300000.000000 9 1
7300000.000000 43 1
7300000.000000 486 1
7350000.000000 1 30
7350000.000000 2 13
7350000.000000 3 2
7350000.000000 4 1
7350000.000000 7 1
7350000.000000 44 1
7350000.000000 189 1
7350000.000000 294 1
7400000.000000 1 34
7400000.000000 2 9
7400000.000000 3 2
7400000.000000 5 1
7400000.000000 7 1
7400000.000000 45 1
7400000.000000 190 1
7400000.000000 295 1
7450000.000000 1 32
7450000.000000 2 13
7450000.000000 3 1
7450000.000000 4 1
7450000.000000 5 1
7450000.000000 43 1
7450000.000000 191 1
7450000.000000 296 1
7500000.000000 1 37
7500000.000000 2 8
7500000.000000 3 5
7500000.000000 4 1
7500000.000000 44 1
7500000.000000 191 1
7500000.000000 293 1
7550000.000000 1 27
7550000.000000 2 9
7550000.000000 3 2
7550000.000000 4 1
7550000.000000 5 1
7550000.000000 6 1
7550000.000000 46 1
7550000.000000 192 1
7550000.000000 296 1
7600000.000000 1 35
7600000.000000 2 8
7600000.000000 3 5
7600000.000000 6 1
7600000.000000 44 1
7600000.000000 190 1
7600000.000000 294 1
7650000.000000 1 40
7650000.000000 2 6
7650000.000000 3 2
7650000.000000 4 1
7650000.000000 5 1
7650000.000000 6 1
7650000.000000 42 1
7650000.000000 190 1
7650000.000000 295 1
7700000.000000 1 39
7700000.000000 2 4
7700000.000000 3 1
7700000.000000 4 2
7700000.000000 6 2
7700000.000000 43 1
7700000.000000 190 1
7700000.000000 297 1
7750000.000000 1 33
7750000.000000 2 6
7750000.000000 3 3
7750000.000000 4 1
7750000.000000 6 2
7750000.000000 41 1
7750000.000000 189 1
7750000.000000 300 1
7800000.000000 1 36
7800000.000000 2 5
7800000.000000 3 3
7800000.000000 4 2
7800000.000000 6 1
7800000.000000 41 1
7800000.000000 189 1
7800000.000000 301 1
7850000.000000 1 32
7850000.000000 2 8
7850000.000000 3 1
7850000.000000 4 1
7850000.000000 5 1
7850000.000000 7 1
7850000.000000 39 1
7850000.000000 191 1
7850000.000000 303 1
7900000.000000 1 36
7900000.000000 2 6
7900000.000000 3 2
7900000.000000 4 1
7900000.000000 5 2
7900000.000000 40 1
7900000.000000 190 1
7900000.000000 302 1
7950000.000000 1 37
7950000.000000 2 8
7950000.000000 3 3
7950000.000000 4 2
7950000.000000 42 1
7950000.000000 191 1
7950000.000000 297 1
8000000.000000 1 44
8000000.000000 2 4
8000000.000000 3 2
8000000.000000 4 3
8000000.000000 38 1
8000000.000000 194 1
8000000.000000 298 1
8050000.000000 1 42
8050000.000000 2 10
8050000.000000 3 2
8050000.000000 40 1
8050000.000000 492 1
8100000.000000 1 46
8100000.000000 2 10
8100000.000000 3 1
8100000.000000 42 1
8100000.000000 190 1
8100000.000000 299 1
8150000.000000 1 47
8150000.000000 2 8
8150000.000000 3 2
8150000.000000 43 1
8150000.000000 191 1
8150000.000000 297 1
8200000.000000 1 36
8200000.000000 2 7
8200000.000000 3 3
8200000.000000 4 2
8200000.000000 43 1
8200000.000000 191 1
8200000.000000 299 1
8250000.000000 1 34
8250000.000000 2 12
8250000.000000 3 5
8250000.000000 38 1
8250000.000000 192 1
8250000.000000 297 1
8300000.000000 1 44
8300000.000000 2 7
8300000.000000 3 3
8300000.000000 5 1
8300000.000000 40 1
8300000.000000 188 1
8300000.000000 300 1
8350000.000000 1 40
8350000.000000 2 7
8350000.000000 3 7
8350000.000000 5 1
8350000.000000 36 1
8350000.000000 188 1
8350000.000000 296 1
8400000.000000 1 35
8400000.000000 2 9
8400000.000000 3 3
8400000.000000 4 2
8400000.000000 6 1
8400000.000000 41 1
8400000.000000 188 1
8400000.000000 295 1
8450000.000000 1 48
8450000.000000 2 10
8450000.000000 3 1
8450000.000000 4 1
8450000.000000 41 1
8450000.000000 190 1
8450000.000000 294 1
8500000.000000 1 48
8500000.000000 2 9
8500000.000000 3 3
8500000.000000 4 1
8500000.000000 38 1
8500000.000000 188 1
8500000.000000 295 1
8550000.000000 1 36
8550000.000000 2 8
8550000.000000 3 4
8550000.000000 4 1
8550000.000000 6 1
8550000.000000 42 1
8550000.000000 191 1
8550000.000000 293 1
8600000.000000 1 33
8600000.000000 2 11
8600000.000000 3 3
8600000.000000 4 1
8600000.000000 5 3
8600000.000000 32 1
8600000.000000 190 1
8600000.000000 295 1
8650000.000000 1 47
8650000.000000 2 5
8650000.000000 3 2
8650000.000000 4 1
8650000.000000 5 1
8650000.000000 41 1
8650000.000000 191 1
8650000.000000 296 1
8700000.000000 1 35
8700000.000000 2 7
8700000.000000 3 4
8700000.000000 4 1
8700000.000000 6 2
8700000.000000 35 1
8700000.000000 191 1
8700000.000000 297 1
8750000.000000 1 37
8750000.000000 2 4
8750000.000000 3 2
8750000.000000 4 3
8750000.000000 5 2
8750000.000000 34 1
8750000.000000 191 1
8750000.000000 302 1
8800000.000000 1 52
8800000.000000 2 8
8800000.000000 3 2
8800000.000000 36 1
8800000.000000 490 1
8850000.000000 1 44
8850000.000000 2 7
8850000.000000 3 2
8850000.000000 4 1
8850000.000000 8 1
8850000.000000 33 1
8850000.000000 192 1
8850000.000000 299 1
8900000.000000 1 38
8900000.000000 2 7
8900000.000000 3 4
8900000.000000 4 1
8900000.000000 6 1
8900000.000000 7 1
8900000.000000 26 1
8900000.000000 493 1
8950000.000000 1 45
8950000.000000 2 7
8950000.000000 3 2
8950000.000000 7 2
8950000.000000 30 1
8950000.000000 190 1
8950000.000000 301 1
9000000.000000 1 48
9000000.000000 2 7
9000000.000000 3 1
9000000.000000 7 1
9000000.000000 8 1
9000000.000000 29 1
9000000.000000 191 1
9000000.000000 300 1
9050000.000000 1 47
9050000.000000 2 8
9050000.000000 3 1
9050000.000000 4 1
9050000.000000 5 1
9050000.000000 30 1
9050000.000000 189 1
9050000.000000 306 1
9100000.000000 1 38
9100000.000000 2 6
9100000.000000 3 4
9100000.000000 5 1
9100000.000000 6 1
9100000.000000 31 1
9100000.000000 191 1
9100000.000000 305 1
9150000.000000 1 40
9150000.000000 2 8
9150000.000000 3 4
9150000.000000 4 1
9150000.000000 33 1
9150000.000000 189 1
9150000.000000 306 1
9200000.000000 1 43
9200000.000000 2 6
9200000.000000 3 4
9200000.000000 4 1
9200000.000000 5 2
9200000.000000 30 1
9200000.000000 187 1
9200000.000000 302 1
9250000.000000 1 35
9250000.000000 2 12
9250000.000000 3 3
9250000.000000 6 1
9250000.000000 33 1
9250000.000000 190 1
9250000.000000 303 1
9300000.000000 1 36
9300000.000000 2 9
9300000.000000 3 3
9300000.000000 5 1
9300000.000000 6 1
9300000.000000 30 1
9300000.000000 189 1
9300000.000000 307 1
9350000.000000 1 45
9350000.000000 2 7
9350000.000000 3 1
9350000.000000 4 2
9350000.000000 29 1
9350000.000000 190 1
9350000.000000 311 1
9400000.000000 1 45
9400000.000000 2 7
9400000.000000 3 1
9400000.000000 6 1
9400000.000000 7 1
9400000.000000 27 1
9400000.000000 191 1
9400000.000000 307 1
9450000.000000 1 47
9450000.000000 2 7
9450000.000000 4 1
9450000.000000 9 1
9450000.000000 27 1
9450000.000000 188 1
9450000.000000 311 1
9500000.000000 1 47
9500000.000000 2 6
9500000.000000 5 1
9500000.000000 10 1
9500000.000000 28 1
9500000.000000 188 1
9500000.000000 310 1
9550000.000000 1 37
9550000.000000 2 11
9550000.000000 6 1
9550000.000000 10 1
9550000.000000 27 1
9550000.000000 498 1
9600000.000000 1 41
9600000.000000 2 5
9600000.000000 3 1
9600000.000000 5 3
9600000.000000 7 1
9600000.000000 22 1
9600000.000000 192 1
9600000.000000 310 1
9650000.000000 1 32
9650000.000000 2 7
9650000.000000 3 2
9650000.000000 6 1
9650000.000000 11 1
9650000.000000 25 1
9650000.000000 192 1
9650000.000000 314 1
9700000.000000 1 28
9700000.000000 2 8
9700000.000000 4 1
9700000.000000 5 2
9700000.000000 6 1
9700000.000000 7 1
9700000.000000 25 1
9700000.000000 193 1
9700000.000000 311 1
9750000.000000 1 25
9750000.000000 2 11
9750000.000000 4 1
9750000.000000 7 1
9750000.000000 11 1
9750000.000000 25 1
9750000.000000 192 1
9750000.000000 314 1
9800000.000000 1 44
9800000.000000 2 4
9800000.000000 4 2
9800000.000000 10 1
9800000.000000 26 1
9800000.000000 194 1
9800000.000000 310 1
9850000.000000 1 38
9850000.000000 2 2
9850000.000000 3 1
9850000.000000 5 1
9850000.000000 8 1
9850000.000000 9 1
9850000.000000 25 1
9850000.000000 196 1
9850000.000000 312 1
9900000.000000 1 37
9900000.000000 2 6
9900000.000000 4 2
9900000.000000 5 1
9900000.000000 9 1
9900000.000000 20 1
9900000.000000 195 1
9900000.000000 314 1
9950000.000000 1 41
9950000.000000 2 10
9950000.000000 3 1
9950000.000000 8 1
9950000.000000 20 1
9950000.000000 195 1
9950000.000000 313 1
10000000.000000 1 36
10000000.000000 2 9
10000000.000000 3 3
10000000.000000 8 1
10000000.000000 18 1
10000000.000000 197 1
10000000.000000 314 1
10050000.000000 1 42
10050000.000000 2 9
10050000.000000 3 3
10050000.000000 5 1
10050000.000000 10 1
10050000.000000 17 1
10050000.000000 192 1
10050000.000000 307 1
10100000.000000 1 49
10100000.000000 2 10
10100000.000000 3 1
10100000.000000 4 1
10100000.000000 7 1
10100000.000000 14 1
10100000.000000 195 1
10100000.000000 308 1
10150000.000000 1 58
10150000.000000 2 10
10150000.000000 8 1
10150000.000000 14 1
10150000.000000 195 1
10150000.000000 305 1
10200000.000000 1 54
10200000.000000 2 8
10200000.000000 3 2
10200000.000000 5 1
10200000.000000 16 1
10200000.000000 503 1
10250000.000000 1 37
10250000.000000 2 11
10250000.000000 3 6
10250000.000000 16 1
10250000.000000 507 1
10300000.000000 1 52
10300000.000000 2 11
10300000.000000 3 1
10300000.000000 7 1
10300000.000000 16 1
10300000.000000 500 1
10350000.000000 1 49
10350000.000000 2 5
10350000.000000 3 2
10350000.000000 5 2
10350000.000000 16 1
10350000.000000 509 1
10400000.000000 1 50
10400000.000000 2 8
10400000.000000 3 1
10400000.000000 5 1
10400000.000000 18 1
10400000.000000 508 1
10450000.000000 1 42
10450000.000000 2 14
10450000.000000 3 1
10450000.000000 4 2
10450000.000000 15 1
10450000.000000 192 1
10450000.000000 312 1
10500000.000000 1 49
10500000.000000 2 6
10500000.000000 3 2
10500000.000000 4 2
10500000.000000 21 1
10500000.000000 192 1
10500000.000000 312 1
10550000.000000 1 41
10550000.000000 2 10
10550000.000000 3 3
10550000.000000 5 1
10550000.000000 21 1
10550000.000000 191 1
10550000.000000 313 1
10600000.000000 1 45
10600000.000000 2 7
10600000.000000 3 3
10600000.000000 4 1
10600000.000000 7 1
10600000.000000 19 1
10600000.000000 191 1
10600000.000000 311 1
10650000.000000 1 43
10650000.000000 2 9
10650000.000000 3 2
10650000.000000 4 1
10650000.000000 17 1
10650000.000000 512 1
10700000.000000 1 41
10700000.000000 2 9
10700000.000000 3 2
10700000.000000 4 1
10700000.000000 6 1
10700000.000000 18 1
10700000.000000 507 1
10750000.000000 1 46
10750000.000000 2 7
10750000.000000 3 3
10750000.000000 5 1
10750000.000000 13 1
10750000.000000 513 1
10800000.000000 1 35
10800000.000000 2 13
10800000.000000 3 2
10800000.000000 4 1
10800000.000000 14 1
10800000.000000 198 1
10800000.000000 317 1
10850000.000000 1 37
10850000.000000 2 5
10850000.000000 3 5
10850000.000000 4 2
10850000.000000 15 1
10850000.000000 192 1
10850000.000000 323 1
10900000.000000 1 37
10900000.000000 2 10
10900000.000000 3 2
10900000.000000 4 1
10900000.000000 6 1
10900000.000000 7 1
10900000.000000 16 1
10900000.000000 504 1
10950000.000000 1 41
10950000.000000 2 3
10950000.000000 3 4
10950000.000000 5 3
10950000.000000 16 1
10950000.000000 190 1
10950000.000000 320 1
11000000.000000 1 43
11000000.000000 2 8
11000000.000000 3 4
11000000.000000 7 3
11000000.000000 508 1
11050000.000000 1 46
11050000.000000 2 6
11050000.000000 3 4
11050000.000000 4 1
11050000.000000 7 2
11050000.000000 194 1
11050000.000000 318 1
11100000.000000 1 40
11100000.000000 2 4
11100000.000000 3 3
11100000.000000 4 1
11100000.000000 5 1
11100000.000000 6 1
11100000.000000 7 2
11100000.000000 194 1
11100000.000000 320 1
11150000.000000 1 41
11150000.000000 2 7
11150000.000000 3 4
11150000.000000 4 2
11150000.000000 5 1
11150000.000000 195 1
11150000.000000 325 1
11200000.000000 1 39
11200000.000000 2 6
11200000.000000 3 3
11200000.000000 4 1
11200000.000000 6 1
11200000.000000 8 1
11200000.000000 196 1
11200000.000000 326 1
11250000.000000 1 40
11250000.000000 2 9
11250000.000000 3 3
11250000.000000 5 2
11250000.000000 193 1
11250000.000000 330 1
11300000.000000 1 36
11300000.000000 2 10
11300000.000000 3 3
11300000.000000 4 1
11300000.000000 8 1
11300000.000000 197 1
11300000.000000 326 1
11350000.000000 1 38
11350000.000000 2 13
11350000.000000 3 4
11350000.000000 4 1
11350000.000000 197 1
11350000.000000 323 1
11400000.000000 1 40
11400000.000000 2 10
11400000.000000 3 2
11400000.000000 4 3
11400000.000000 5 1
11400000.000000 195 1
11400000.000000 322 1
11450000.000000 1 35
11450000.000000 2 13
11450000.000000 3 2
11450000.000000 4 1
11450000.000000 7 1
11450000.000000 201 1
11450000.000000 321 1
11500000.000000 1 43
11500000.000000 2 8
11500000.000000 3 2
11500000.000000 4 3
11500000.000000 6 1
11500000.000000 196 1
11500000.000000 321 1
11550000.000000 1 36
11550000.000000 2 8
11550000.000000 3 4
11550000.000000 4 1
11550000.000000 5 2
11550000.000000 198 1
11550000.000000 324 1
11600000.000000 1 35
11600000.000000 2 6
11600000.000000 3 1
11600000.000000 4 1
11600000.000000 5 1
11600000.000000 6 1
11600000.000000 7 1
11600000.000000 197 1
11600000.000000 331 1
11650000.000000 1 37
11650000.000000 2 7
11650000.000000 3 6
11650000.000000 4 1
11650000.000000 203 1
11650000.000000 324 1
11700000.000000 1 39
11700000.000000 2 10
11700000.000000 3 2
11700000.000000 4 1
11700000.000000 199 1
11700000.000000 332 1
11750000.000000 1 42
11750000.000000 2 8
11750000.000000 3 1
11750000.000000 5 1
11750000.000000 202 1
11750000.000000 332 1
11800000.000000 1 43
11800000.000000 2 7
11800000.000000 3 4
11800000.000000 4 3
11800000.000000 196 1
11800000.000000 323 1
11850000.000000 1 32
11850000.000000 2 10
11850000.000000 3 5
11850000.000000 4 1
11850000.000000 199 1
11850000.000000 330 1
11900000.000000 1 34
11900000.000000 2 6
11900000.000000 3 5
11900000.000000 6 1
11900000.000000 199 1
11900000.000000 334 1
11950000.000000 1 40
11950000.000000 2 9
11950000.000000 3 5
11950000.000000 197 1
11950000.000000 330 1
12000000.000000 1 38
12000000.000000 2 6
12000000.000000 3 4
12000000.000000 4 1
12000000.000000 5 1
12000000.000000 199 1
12000000.000000 330 1
12050000.000000 1 32
12050000.000000 2 8
12050000.000000 3 1
12050000.000000 4 2
12050000.000000 5 1
12050000.000000 7 1
12050000.000000 200 1
12050000.000000 329 1
12100000.000000 1 41
12100000.000000 2 6
12100000.000000 3 1
12100000.000000 4 2
12100000.000000 7 1
12100000.000000 529 1
12150000.000000 1 45
12150000.000000 2 6
12150000.000000 3 1
12150000.000000 4 2
12150000.000000 5 1
12150000.000000 196 1
12150000.000000 331 1
12200000.000000 1 44
12200000.000000 2 8
12200000.000000 5 2
12200000.000000 7 1
12200000.000000 523 1
12250000.000000 1 43
12250000.000000 2 5
12250000.000000 3 1
12250000.000000 4 3
12250000.000000 532 1
12300000.000000 1 46
12300000.000000 2 3
12300000.000000 3 2
12300000.000000 4 1
12300000.000000 5 2
12300000.000000 203 1
12300000.000000 325 1
12350000.000000 1 46
12350000.000000 2 5
12350000.000000 3 2
12350000.000000 4 1
12350000.000000 6 1
12350000.000000 201 1
12350000.000000 327 1
12400000.000000 1 47
12400000.000000 2 8
12400000.000000 3 1
12400000.000000 8 1
12400000.000000 526 1
12450000.000000 1 49
12450000.000000 2 4
12450000.000000 3 1
12450000.000000 4 1
12450000.000000 5 1
12450000.000000 203 1
12450000.000000 328 1
12500000.000000 1 40
12500000.000000 2 5
12500000.000000 3 3
12500000.000000 4 1
12500000.000000 202 1
12500000.000000 335 1
12550000.000000 1 44
12550000.000000 2 6
12550000.000000 5 2
12550000.000000 204 1
12550000.000000 330 1
12600000.000000 1 43
12600000.000000 2 7
12600000.000000 4 1
12600000.000000 539 1
12650000.000000 1 42
12650000.000000 2 8
12650000.000000 3 2
12650000.000000 206 1
12650000.000000 330 1
12700000.000000 1 46
12700000.000000 2 7
12700000.000000 3 1
12700000.000000 537 1
12750000.000000 1 44
12750000.000000 2 3
12750000.000000 3 1
12750000.000000 4 2
12750000.000000 539 1
12800000.000000 1 29
12800000.000000 2 5
12800000.000000 3 2
12800000.000000 4 2
12800000.000000 547 1
12850000.000000 1 36
12850000.000000 2 10
12850000.000000 3 2
12850000.000000 538 1
12900000.000000 1 37
12900000.000000 2 9
12900000.000000 4 1
12900000.000000 5 1
12900000.000000 536 1
12950000.000000 1 39
12950000.000000 2 5
12950000.000000 3 2
12950000.000000 4 1
12950000.000000 541 1
13000000.000000 1 45
13000000.000000 2 4
13000000.000000 3 3
13000000.000000 538 1
13050000.000000 1 33
13050000.000000 2 7
13050000.000000 3 2
13050000.000000 5 1
13050000.000000 542 1
13100000.000000 1 40
13100000.000000 2 5
13100000.000000 3 2
13100000.000000 544 1
13150000.000000 1 37
13150000.000000 2 9
13150000.000000 3 1
13150000.000000 542 1
13200000.000000 1 43
13200000.000000 2 6
13200000.000000 545 1
13250000.000000 1 40
13250000.000000 2 6
13250000.000000 3 3
13250000.000000 539 1
13300000.000000 1 48
13300000.000000 2 6
13300000.000000 5 1
13300000.000000 535 1
13350000.000000 1 38
13350000.000000 2 11
13350000.000000 3 3
13350000.000000 4 1
13350000.000000 527 1
13400000.000000 1 51
13400000.000000 2 8
13400000.000000 6 1
13400000.000000 527 1
13450000.000000 1 38
13450000.000000 2 7
13450000.000000 3 2
13450000.000000 4 3
13450000.000000 530 1
13500000.000000 1 40
13500000.000000 2 7
13500000.000000 3 2
13500000.000000 4 3
13500000.000000 6 1
13500000.000000 522 1
13550000.000000 1 45
13550000.000000 2 9
13550000.000000 3 2
13550000.000000 4 1
13550000.000000 6 1
13550000.000000 521 1
13600000.000000 1 37
13600000.000000 2 10
13600000.000000 3 2
13600000.000000 4 2
13600000.000000 7 1
13600000.000000 522 1
13650000.000000 1 40
13650000.000000 2 5
13650000.000000 3 6
13650000.000000 4 1
13650000.000000 528 1
13700000.000000 1 38
13700000.000000 2 3
13700000.000000 3 5
13700000.000000 4 2
13700000.000000 5 2
13700000.000000 523 1
13750000.000000 1 49
13750000.000000 2 3
13750000.000000 3 3
13750000.000000 4 3
13750000.000000 524 1
13800000.000000 1 52
13800000.000000 2 8
13800000.000000 3 1
13800000.000000 4 1
13800000.000000 6 1
13800000.000000 519 1
13850000.000000 1 47
13850000.000000 2 6
13850000.000000 3 3
13850000.000000 5 1
13850000.000000 6 1
13850000.000000 521 1
13900000.000000 1 45
13900000.000000 2 11
13900000.000000 3 1
13900000.000000 4 1
13900000.000000 6 1
13900000.000000 520 1
13950000.000000 1 34
13950000.000000 2 10
13950000.000000 3 2
13950000.000000 5 1
13950000.000000 6 1
13950000.000000 7 1
13950000.000000 522 1
14000000.000000 1 33
14000000.000000 2 7
14000000.000000 3 6
14000000.000000 4 1
14000000.000000 7 1
14000000.000000 524 1
14050000.000000 1 41
14050000.000000 2 10
14050000.000000 3 3
14050000.000000 4 1
14050000.000000 6 1
14050000.000000 520 1
14100000.000000 1 51
14100000.000000 2 8
14100000.000000 3 2
14100000.000000 527 1
14150000.000000 1 35
14150000.000000 2 13
14150000.000000 3 1
14150000.000000 4 1
14150000.000000 532 1
14200000.000000 1 43
14200000.000000 2 4
14200000.000000 3 5
14200000.000000 534 1
14250000.000000 1 36
14250000.000000 2 7
14250000.000000 3 2
14250000.000000 4 1
14250000.000000 540 1
14300000.000000 1 45
14300000.000000 2 10
14300000.000000 6 1
14300000.000000 529 1
14350000.000000 1 47
14350000.000000 2 10
14350000.000000 3 1
14350000.000000 530 1
14400000.000000 1 48
14400000.000000 2 9
14400000.000000 3 1
14400000.000000 531 1
14450000.000000 1 43
14450000.000000 2 7
14450000.000000 3 2
14450000.000000 537 1
14500000.000000 1 34
14500000.000000 2 12
14500000.000000 3 2
14500000.000000 536 1
14550000.000000 1 46
14550000.000000 2 5
14550000.000000 3 2
14550000.000000 4 1
14550000.000000 534 1
14600000.000000 1 42
14600000.000000 2 11
14600000.000000 3 2
14600000.000000 530 1
14650000.000000 1 47
14650000.000000 2 6
14650000.000000 3 1
14650000.000000 4 1
14650000.000000 5 1
14650000.000000 529 1
14700000.000000 1 46
14700000.000000 2 7
14700000.000000 3 2
14700000.000000 4 1
14700000.000000 530 1
14750000.000000 1 51
14750000.000000 2 11
14750000.000000 527 1
14800000.000000 1 42
14800000.000000 2 9
14800000.000000 3 2
14800000.000000 534 1
14850000.000000 1 45
14850000.000000 2 6
14850000.000000 4 2
14850000.000000 5 1
14850000.000000 530 1
14900000.000000 1 35
14900000.000000 2 7
14900000.000000 3 2
14900000.000000 4 1
14900000.000000 6 1
14900000.000000 535 1
14950000.000000 1 41
14950000.000000 2 13
14950000.000000 533 1
15000000.000000 1 40
15000000.000000 2 7
15000000.000000 3 1
15000000.000000 4 1
15000000.000000 539 1
15050000.000000 1 31
15050000.000000 2 6
15050000.000000 3 3
15050000.000000 4 1
15050000.000000 544 1
15100000.000000 1 31
15100000.000000 2 5
15100000.000000 3 1
15100000.000000 4 3
15100000.000000 544 1
15150000.000000 1 42
15150000.000000 2 4
15150000.000000 3 2
15150000.000000 544 1
15200000.000000 1 36
15200000.000000 2 5
15200000.000000 3 2
15200000.000000 548 1
15250000.000000 1 46
15250000.000000 2 3
15250000.000000 3 1
15250000.000000 545 1
15300000.000000 1 35
15300000.000000 2 4
15300000.000000 3 2
15300000.000000 4 1
15300000.000000 547 1
15350000.000000 1 34
15350000.000000 2 4
15350000.000000 3 2
15350000.000000 4 1
15350000.000000 5 1
15350000.000000 543 1
15400000.000000 1 24
15400000.000000 2 6
15400000.000000 3 2
15400000.000000 4 1
15400000.000000 5 2
15400000.000000 544 1
15450000.000000 1 39
15450000.000000 2 4
15450000.000000 3 4
15450000.000000 541 1
15500000.000000 1 43
15500000.000000 2 6
15500000.000000 3 2
15500000.000000 539 1
15550000.000000 1 38
15550000.000000 2 8
15550000.000000 3 3
15550000.000000 537 1
15600000.000000 1 47
15600000.000000 2 5
15600000.000000 3 2
15600000.000000 537 1
15650000.000000 1 44
15650000.000000 2 7
15650000.000000 3 1
15650000.000000 539 1
15700000.000000 1 37
15700000.000000 2 14
15700000.000000 535 1
15750000.000000 1 44
15750000.000000 2 6
15750000.000000 3 2
15750000.000000 538 1
15800000.000000 1 42
15800000.000000 2 4
15800000.000000 3 1
15800000.000000 4 1
15800000.000000 5 1
15800000.000000 538 1
15850000.000000 1 32
15850000.000000 2 6
15850000.000000 3 3
15850000.000000 5 1
15850000.000000 542 1
15900000.000000 1 36
15900000.000000 2 9
15900000.000000 4 1
15900000.000000 542 1
15950000.000000 1 33
15950000.000000 2 11
15950000.000000 4 1
15950000.000000 541 1
16000000.000000 1 40
16000000.000000 2 7
16000000.000000 3 1
16000000.000000 543 1
16050000.000000 1 31
16050000.000000 2 4
16050000.000000 3 3
16050000.000000 4 1
16050000.000000 548 1
16100000.000000 1 33
16100000.000000 2 3
16100000.000000 3 2
16100000.000000 4 1
16100000.000000 5 1
16100000.000000 546 1
16150000.000000 1 36
16150000.000000 2 5
16150000.000000 3 1
16150000.000000 4 2
16150000.000000 543 1
16200000.000000 1 40
16200000.000000 2 5
16200000.000000 5 1
16200000.000000 545 1
16250000.000000 1 36
16250000.000000 2 8
16250000.000000 3 2
16250000.000000 542 1
16300000.000000 1 35
16300000.000000 2 10
16300000.000000 3 2
16300000.000000 539 1
16350000.000000 1 34
16350000.000000 2 7
16350000.000000 3 1
16350000.000000 4 2
16350000.000000 541 1
16400000.000000 1 33
16400000.000000 2 7
16400000.000000 3 2
16400000.000000 4 1
16400000.000000 543 1
16450000.000000 1 31
16450000.000000 2 10
16450000.000000 3 2
16450000.000000 543 1
16500000.000000 1 40
16500000.000000 2 8
16500000.000000 4 1
16500000.000000 540 1
16550000.000000 1 45
16550000.000000 2 5
16550000.000000 3 1
16550000.000000 4 1
16550000.000000 538 1
16600000.000000 1 43
16600000.000000 2 6
16600000.000000 3 2
16600000.000000 539 1
16650000.000000 1 38
16650000.000000 2 8
16650000.000000 3 3
16650000.000000 537 1
16700000.000000 1 39
16700000.000000 2 7
16700000.000000 3 2
16700000.000000 541 1
16750000.000000 1 47
16750000.000000 2 3
16750000.000000 3 2
16750000.000000 541 1
16800000.000000 1 42
16800000.000000 2 6
16800000.000000 3 1
16800000.000000 543 1
16850000.000000 1 40
16850000.000000 2 8
16850000.000000 3 1
16850000.000000 541 1
16900000.000000 1 42
16900000.000000 2 6
16900000.000000 3 2
16900000.000000 540 1
16950000.000000 1 47
16950000.000000 2 4
16950000.000000 3 1
16950000.000000 542 1
17000000.000000 1 37
17000000.000000 2 7
17000000.000000 3 2
17000000.000000 543 1
17050000.000000 1 41
17050000.000000 2 2
17050000.000000 3 2
17050000.000000 549 1
17100000.000000 1 43
17100000.000000 2 1
17100000.000000 3 2
17100000.000000 549 1
17150000.000000 1 32
17150000.000000 2 6
17150000.000000 3 1
17150000.000000 4 1
17150000.000000 549 1
17200000.000000 1 31
17200000.000000 2 4
17200000.000000 3 3
17200000.000000 552 1
17250000.000000 1 30
17250000.000000 2 6
17250000.000000 3 1
17250000.000000 555 1
17300000.000000 1 27
17300000.000000 2 7
17300000.000000 3 1
17300000.000000 4 1
17300000.000000 552 1
17350000.000000 1 33
17350000.000000 2 3
17350000.000000 3 3
17350000.000000 552 1
17400000.000000 1 32
17400000.000000 2 5
17400000.000000 3 2
17400000.000000 552 1
17450000.000000 1 38
17450000.000000 2 3
17450000.000000 3 1
17450000.000000 553 1
17500000.000000 1 43
17500000.000000 2 4
17500000.000000 549 1
17550000.000000 1 36
17550000.000000 2 4
17550000.000000 3 1
17550000.000000 553 1
17600000.000000 1 36
17600000.000000 2 5
17600000.000000 4 1
17600000.000000 550 1
17650000.000000 1 36
17650000.000000 2 3
17650000.000000 3 1
17650000.000000 4 1
17650000.000000 551 1
17700000.000000 1 39
17700000.000000 2 3
17700000.000000 3 3
17700000.000000 546 1
17750000.000000 1 37
17750000.000000 2 8
17750000.000000 3 1
17750000.000000 4 1
17750000.000000 540 1
17800000.000000 1 37
17800000.000000 2 7
17800000.000000 4 1
17800000.000000 545 1
17850000.000000 1 42
17850000.000000 2 5
17850000.000000 3 2
17850000.000000 542 1
17900000.000000 1 32
17900000.000000 2 11
17900000.000000 4 1
17900000.000000 542 1
17950000.000000 1 45
17950000.000000 2 5
17950000.000000 3 2
17950000.000000 539 1
18000000.000000 1 43
18000000.000000 2 5
18000000.000000 3 1
18000000.000000 544 1
18050000.000000 1 37
18050000.000000 2 9
18050000.000000 545 1
18100000.000000 1 38
18100000.000000 2 6
18100000.000000 3 2
18100000.000000 4 1
18100000.000000 540 1
18150000.000000 1 37
18150000.000000 2 6
18150000.000000 3 3
18150000.000000 4 1
18150000.000000 538 1
18200000.000000 1 39
18200000.000000 2 4
18200000.000000 3 3
18200000.000000 544 1
18250000.000000 1 41
18250000.000000 2 5
18250000.000000 3 1
18250000.000000 546 1
18300000.000000 1 36
18300000.000000 2 10
18300000.000000 5 1
18300000.000000 539 1
18350000.000000 1 39
18350000.000000 2 7
18350000.000000 3 1
18350000.000000 544 1
18400000.000000 1 52
18400000.000000 2 5
18400000.000000 538 1
18450000.000000 1 45
18450000.000000 2 4
18450000.000000 3 1
18450000.000000 544 1
18500000.000000 1 48
18500000.000000 2 5
18500000.000000 3 1
18500000.000000 539 1
18550000.000000 1 47
18550000.000000 2 5
18550000.000000 5 2
18550000.000000 533 1
18600000.000000 1 38
18600000.000000 2 8
18600000.000000 3 1
18600000.000000 4 1
18600000.000000 539 1
18650000.000000 1 43
18650000.000000 2 6
18650000.000000 3 3
18650000.000000 536 1
18700000.000000 1 41
18700000.000000 2 5
18700000.000000 3 3
18700000.000000 4 1
18700000.000000 536 1
18750000.000000 1 48
18750000.000000 2 3
18750000.000000 3 2
18750000.000000 540 1
18800000.000000 1 36
18800000.000000 2 4
18800000.000000 3 4
18800000.000000 5 1
18800000.000000 539 1
18850000.000000 1 43
18850000.000000 2 10
18850000.000000 3 1
18850000.000000 534 1
18900000.000000 1 49
18900000.000000 2 3
18900000.000000 3 3
18900000.000000 536 1
18950000.000000 1 42
18950000.000000 2 4
18950000.000000 3 3
18950000.000000 5 1
18950000.000000 536 1
19000000.000000 1 34
19000000.000000 2 7
19000000.000000 3 3
19000000.000000 4 1
19000000.000000 539 1
19050000.000000 1 46
19050000.000000 2 8
19050000.000000 538 1
19100000.000000 1 37
19100000.000000 2 3
19100000.000000 3 1
19100000.000000 4 1
19100000.000000 5 1
19100000.000000 545 1
19150000.000000 1 41
19150000.000000 2 5
19150000.000000 3 2
19150000.000000 543 1
19200000.000000 1 47
19200000.000000 2 3
19200000.000000 3 1
19200000.000000 544 1
19250000.000000 1 40
19250000.000000 2 3
19250000.000000 3 2
19250000.000000 6 1
19250000.000000 542 1
19300000.000000 1 35
19300000.000000 2 5
19300000.000000 3 3
19300000.000000 4 1
19300000.000000 542 1
19350000.000000 1 39
19350000.000000 2 6
19350000.000000 3 1
19350000.000000 4 3
19350000.000000 534 1
19400000.000000 1 34
19400000.000000 2 9
19400000.000000 3 3
19400000.000000 539 1
19450000.000000 1 33
19450000.000000 2 8
19450000.000000 3 2
19450000.000000 545 1
19500000.000000 1 35
19500000.000000 2 4
19500000.000000 3 1
19500000.000000 4 1
19500000.000000 550 1
19550000.000000 1 44
19550000.000000 2 4
19550000.000000 3 2
19550000.000000 542 1
19600000.000000 1 36
19600000.000000 2 6
19600000.000000 3 4
19600000.000000 540 1
19650000.000000 1 32
19650000.000000 2 8
19650000.000000 3 2
19650000.000000 5 1
19650000.000000 541 1
19700000.000000 1 40
19700000.000000 2 4
19700000.000000 3 1
19700000.000000 4 2
19700000.000000 541 1
19750000.000000 1 32
19750000.000000 2 7
19750000.000000 4 1
19750000.000000 5 1
19750000.000000 545 1
19800000.000000 1 27
19800000.000000 2 6
19800000.000000 4 2
19800000.000000 553 1
19850000.000000 1 34
19850000.000000 2 5
19850000.000000 3 1
19850000.000000 6 1
19850000.000000 547 1
19900000.000000 1 37
19900000.000000 2 3
19900000.000000 4 1
19900000.000000 5 1
19900000.000000 548 1
19950000.000000 1 36
19950000.000000 2 3
19950000.000000 3 1
19950000.000000 4 1
19950000.000000 551 1
20000000.000000 1 27
20000000.000000 2 4
20000000.000000 3 1
20000000.000000 5 1
20000000.000000 557 1
