# time cluster_size count
50000.000000 1 3
50000.000000 6 1
50000.000000 242 1
50000.000000 349 1
100000.000000 1 7
100000.000000 2 2
100000.000000 7 1
100000.000000 181 1
100000.000000 401 1
150000.000000 1 22
150000.000000 2 2
150000.000000 3 1
150000.000000 4 1
150000.000000 5 1
150000.000000 45 1
150000.000000 173 1
150000.000000 344 1
200000.000000 1 21
200000.000000 2 3
200000.000000 5 1
200000.000000 12 1
200000.000000 37 1
200000.000000 60 1
200000.000000 208 1
200000.000000 251 1
250000.000000 1 19
250000.000000 2 5
250000.000000 3 1
250000.000000 4 1
250000.000000 11 1
250000.000000 13 1
250000.000000 36 1
250000.000000 45 1
250000.000000 57 1
250000.000000 198 1
250000.000000 204 1
300000.000000 1 31
300000.000000 2 2
300000.000000 3 2
300000.000000 6 1
300000.000000 7 1
300000.000000 36 1
300000.000000 38 1
300000.000000 44 1
300000.000000 57 1
300000.000000 61 1
300000.000000 145 1
300000.000000 165 1
350000.000000 1 34
350000.000000 2 4
350000.000000 6 1
350000.000000 10 1
350000.000000 45 1
350000.000000 58 1
350000.000000 60 1
350000.000000 144 1
350000.000000 235 1
400000.000000 1 22
400000.000000 2 4
400000.000000 3 2
400000.000000 12 1
400000.000000 34 1
400000.000000 47 1
400000.000000 75 1
400000.000000 97 1
400000.000000 133 1
400000.000000 166 1
450000.000000 1 26
450000.000000 2 6
450000.000000 3 1
450000.000000 13 1
450000.000000 36 1
450000.000000 47 1
450000.000000 58 1
450000.000000 62 1
450000.000000 142 1
450000.000000 201 1
500000.000000 1 26
500000.000000 2 4
500000.000000 3 2
500000.000000 4 1
500000.000000 12 1
500000.000000 33 1
500000.000000 47 1
500000.000000 165 1
500000.000000 299 1
550000.000000 1 29
550000.000000 2 3
550000.000000 3 1
550000.000000 13 1
550000.000000 17 1
550000.000000 34 1
550000.000000 37 1
550000.000000 45 1
550000.000000 60 2
550000.000000 131 1
550000.000000 165 1
600000.000000 1 33
600000.000000 2 3
600000.000000 3 2
600000.000000 14 1
600000.000000 17 1
600000.000000 32 1
600000.000000 42 1
600000.000000 58 2
600000.000000 165 1
600000.000000 169 1
650000.000000 1 20
650000.000000 2 7
650000.000000 3 2
650000.000000 4 1
650000.000000 13 1
650000.000000 17 1
650000.000000 32 1
650000.000000 37 1
650000.000000 45 1
650000.000000 57 1
650000.000000 58 1
650000.000000 131 1
650000.000000 166 1
700000.000000 1 36
700000.000000 2 5
700000.000000 4 1
700000.000000 13 1
700000.000000 18 1
700000.000000 31 1
700000.000000 40 1
700000.000000 54 1
700000.000000 58 1
700000.000000 163 1
700000.000000 173 1
750000.000000 1 38
750000.000000 2 7
750000.000000 4 2
750000.000000 29 1
750000.000000 38 1
750000.000000 56 1
750000.000000 199 1
750000.000000 218 1
800000.000000 1 35
800000.000000 2 5
800000.000000 3 2
800000.000000 4 2
800000.000000 38 1
800000.000000 59 1
800000.000000 215 1
800000.000000 229 1
850000.000000 1 30
850000.000000 2 10
850000.000000 3 1
850000.000000 8 1
850000.000000 39 1
850000.000000 48 1
850000.000000 58 1
850000.000000 67 1
850000.000000 156 1
850000.000000 171 1
900000.000000 1 45
900000.000000 2 9
900000.000000 5 1
900000.000000 15 1
900000.000000 32 1
900000.000000 40 1
900000.000000 58 1
900000.000000 65 1
900000.000000 147 1
900000.000000 175 1
950000.000000 1 30
950000.000000 2 5
950000.000000 3 1
950000.000000 5 2
950000.000000 10 1
950000.000000 16 1
950000.000000 35 1
950000.000000 45 1
950000.000000 55 1
950000.000000 60 1
950000.000000 159 1
950000.000000 167 1
1000000.000000 1 27
1000000.000000 2 6
1000000.000000 4 5
1000000.000000 5 1
1000000.000000 18 1
1000000.000000 36 1
1000000.000000 41 1
1000000.000000 53 1
1000000.000000 62 1
1000000.000000 155 1
1000000.000000 171 1
1050000.000000 1 29
1050000.000000 2 7
1050000.000000 4 1
1050000.000000 5 1
1050000.000000 6 1
1050000.000000 7 1
1050000.000000 42 1
1050000.000000 53 1
1050000.000000 55 1
1050000.000000 63 1
1050000.000000 156 1
1050000.000000 166 1
1100000.000000 1 26
1100000.000000 2 8
1100000.000000 3 2
1100000.000000 4 1
1100000.000000 6 2
1100000.000000 8 1
1100000.000000 17 1
1100000.000000 32 1
1100000.000000 41 1
1100000.000000 55 1
1100000.000000 60 1
1100000.000000 154 1
1100000.000000 169 1
1150000.000000 1 30
1150000.000000 2 6
1150000.000000 3 2
1150000.000000 4 1
1150000.000000 5 1
1150000.000000 7 1
1150000.000000 41 1
1150000.000000 54 1
1150000.000000 60 1
1150000.000000 61 1
1150000.000000 157 1
1150000.000000 163 1
1200000.000000 1 34
1200000.000000 2 7
1200000.000000 3 5
1200000.000000 4 2
1200000.000000 5 1
1200000.000000 7 1
1200000.000000 15 1
1200000.000000 36 1
1200000.000000 39 1
1200000.000000 54 1
1200000.000000 155 1
1200000.000000 218 1
1250000.000000 1 28
1250000.000000 2 7
1250000.000000 3 4
1250000.000000 4 2
1250000.000000 5 1
1250000.000000 15 1
1250000.000000 36 2
1250000.000000 56 1
1250000.000000 61 1
1250000.000000 158 1
1250000.000000 171 1
1300000.000000 1 35
1300000.000000 2 11
1300000.000000 3 1
1300000.000000 5 3
1300000.000000 18 1
1300000.000000 33 1
1300000.000000 36 1
1300000.000000 57 1
1300000.000000 59 1
1300000.000000 154 1
1300000.000000 168 1
1350000.000000 1 34
1350000.000000 2 12
1350000.000000 3 1
1350000.000000 4 1
1350000.000000 8 1
1350000.000000 18 1
1350000.000000 33 1
1350000.000000 46 1
1350000.000000 56 1
1350000.000000 58 1
1350000.000000 154 1
1350000.000000 162 1
1400000.000000 1 36
1400000.000000 2 9
1400000.000000 3 2
1400000.000000 4 1
1400000.000000 5 2
1400000.000000 7 1
1400000.000000 35 1
1400000.000000 38 1
1400000.000000 54 1
1400000.000000 59 1
1400000.000000 156 1
1400000.000000 177 1
1450000.000000 1 39
1450000.000000 2 7
1450000.000000 3 4
1450000.000000 4 1
1450000.000000 5 1
1450000.000000 6 1
1450000.000000 35 1
1450000.000000 37 1
1450000.000000 56 1
1450000.000000 60 1
1450000.000000 156 1
1450000.000000 176 1
1500000.000000 1 41
1500000.000000 2 7
1500000.000000 3 1
1500000.000000 4 3
1500000.000000 5 1
1500000.000000 36 1
1500000.000000 40 1
1500000.000000 58 1
1500000.000000 60 1
1500000.000000 155 1
1500000.000000 176 1
1550000.000000 1 37
1550000.000000 2 6
1550000.000000 3 4
1550000.000000 5 1
1550000.000000 12 1
1550000.000000 39 2
1550000.000000 57 2
1550000.000000 154 1
1550000.000000 176 1
1600000.000000 1 39
1600000.000000 2 11
1600000.000000 3 1
1600000.000000 4 1
1600000.000000 5 1
1600000.000000 8 1
1600000.000000 38 1
1600000.000000 39 1
1600000.000000 58 1
1600000.000000 59 1
1600000.000000 325 1
1650000.000000 1 40
1650000.000000 2 5
1650000.000000 4 4
1650000.000000 5 1
1650000.000000 7 1
1650000.000000 39 1
1650000.000000 41 1
1650000.000000 55 1
1650000.000000 59 1
1650000.000000 154 1
1650000.000000 174 1
1700000.000000 1 47
1700000.000000 2 5
1700000.000000 3 2
1700000.000000 4 3
1700000.000000 6 1
1700000.000000 38 1
1700000.000000 40 1
1700000.000000 117 1
1700000.000000 153 1
1700000.000000 171 1
1750000.000000 1 49
1750000.000000 2 7
1750000.000000 3 1
1750000.000000 4 1
1750000.000000 5 1
1750000.000000 7 1
1750000.000000 38 1
1750000.000000 41 1
1750000.000000 58 2
1750000.000000 154 1
1750000.000000 169 1
1800000.000000 1 36
1800000.000000 2 10
1800000.000000 3 3
1800000.000000 4 2
1800000.000000 5 1
1800000.000000 7 1
1800000.000000 38 1
1800000.000000 39 1
1800000.000000 59 1
1800000.000000 60 1
1800000.000000 152 1
1800000.000000 167 1
1850000.000000 1 49
1850000.000000 2 8
1850000.000000 3 1
1850000.000000 4 1
1850000.000000 7 1
1850000.000000 40 1
1850000.000000 45 1
1850000.000000 59 2
1850000.000000 151 1
1850000.000000 167 1
1900000.000000 1 47
1900000.000000 2 9
1900000.000000 3 2
1900000.000000 4 2
1900000.000000 5 1
1900000.000000 38 1
1900000.000000 39 1
1900000.000000 60 1
1900000.000000 62 1
1900000.000000 151 1
1900000.000000 166 1
1950000.000000 1 45
1950000.000000 2 6
1950000.000000 3 4
1950000.000000 5 1
1950000.000000 38 2
1950000.000000 60 1
1950000.000000 65 1
1950000.000000 155 1
1950000.000000 170 1
2000000.000000 1 43
2000000.000000 2 14
2000000.000000 3 2
2000000.000000 39 1
2000000.000000 40 1
2000000.000000 57 1
2000000.000000 63 1
2000000.000000 155 1
2000000.000000 169 1
2050000.000000 1 54
2050000.000000 2 7
2050000.000000 3 3
2050000.000000 37 1
2050000.000000 40 1
2050000.000000 58 1
2050000.000000 64 1
2050000.000000 156 1
2050000.000000 168 1
2100000.000000 1 41
2100000.000000 2 7
2100000.000000 3 1
2100000.000000 4 2
2100000.000000 6 1
2100000.000000 35 1
2100000.000000 38 1
2100000.000000 61 1
2100000.000000 66 1
2100000.000000 157 1
2100000.000000 171 1
2150000.000000 1 57
2150000.000000 2 9
2150000.000000 3 2
2150000.000000 4 1
2150000.000000 35 1
2150000.000000 42 1
2150000.000000 56 1
2150000.000000 62 1
2150000.000000 154 1
2150000.000000 166 1
2200000.000000 1 43
2200000.000000 2 9
2200000.000000 3 4
2200000.000000 5 1
2200000.000000 39 1
2200000.000000 42 1
2200000.000000 55 1
2200000.000000 65 1
2200000.000000 153 1
2200000.000000 168 1
2250000.000000 1 57
2250000.000000 2 5
2250000.000000 3 2
2250000.000000 4 1
2250000.000000 35 1
2250000.000000 44 1
2250000.000000 56 1
2250000.000000 67 1
2250000.000000 152 1
2250000.000000 169 1
2300000.000000 1 45
2300000.000000 2 11
2300000.000000 3 4
2300000.000000 4 1
2300000.000000 5 1
2300000.000000 34 1
2300000.000000 42 1
2300000.000000 56 1
2300000.000000 61 1
2300000.000000 150 1
2300000.000000 169 1
2350000.000000 1 45
2350000.000000 2 6
2350000.000000 3 3
2350000.000000 4 2
2350000.000000 6 1
2350000.000000 36 1
2350000.000000 41 1
2350000.000000 60 1
2350000.000000 62 1
2350000.000000 152 1
2350000.000000 169 1
2400000.000000 1 42
2400000.000000 2 10
2400000.000000 3 1
2400000.000000 5 3
2400000.000000 35 1
2400000.000000 40 1
2400000.000000 59 1
2400000.000000 61 1
2400000.000000 157 1
2400000.000000 168 1
2450000.000000 1 41
2450000.000000 2 11
2450000.000000 3 4
2450000.000000 4 1
2450000.000000 8 1
2450000.000000 36 1
2450000.000000 38 1
2450000.000000 59 1
2450000.000000 60 1
2450000.000000 153 1
2450000.000000 167 1
2500000.000000 1 49
2500000.000000 2 7
2500000.000000 4 1
2500000.000000 8 1
2500000.000000 38 1
2500000.000000 42 1
2500000.000000 59 1
2500000.000000 60 1
2500000.000000 157 1
2500000.000000 169 1
2550000.000000 1 44
2550000.000000 2 7
2550000.000000 3 2
2550000.000000 4 1
2550000.000000 7 2
2550000.000000 36 1
2550000.000000 41 1
2550000.000000 58 1
2550000.000000 63 1
2550000.000000 152 1
2550000.000000 168 1
2600000.000000 1 42
2600000.000000 2 7
2600000.000000 3 3
2600000.000000 4 1
2600000.000000 9 1
2600000.000000 40 1
2600000.000000 41 1
2600000.000000 58 1
2600000.000000 64 1
2600000.000000 152 1
2600000.000000 167 1
2650000.000000 1 36
2650000.000000 2 8
2650000.000000 3 3
2650000.000000 4 1
2650000.000000 5 1
2650000.000000 11 1
2650000.000000 38 1
2650000.000000 41 1
2650000.000000 61 2
2650000.000000 150 1
2650000.000000 168 1
2700000.000000 1 31
2700000.000000 2 6
2700000.000000 3 5
2700000.000000 6 1
2700000.000000 14 1
2700000.000000 40 1
2700000.000000 44 1
2700000.000000 57 1
2700000.000000 62 1
2700000.000000 148 1
2700000.000000 171 1
2750000.000000 1 50
2750000.000000 2 4
2750000.000000 3 1
2750000.000000 4 1
2750000.000000 13 1
2750000.000000 40 1
2750000.000000 41 1
2750000.000000 60 1
2750000.000000 63 1
2750000.000000 147 1
2750000.000000 171 1
2800000.000000 1 40
2800000.000000 2 5
2800000.000000 3 2
2800000.000000 5 1
2800000.000000 12 1
2800000.000000 40 1
2800000.000000 43 1
2800000.000000 61 1
2800000.000000 62 1
2800000.000000 151 1
2800000.000000 170 1
2850000.000000 1 44
2850000.000000 2 9
2850000.000000 5 1
2850000.000000 10 1
2850000.000000 43 1
2850000.000000 58 1
2850000.000000 101 1
2850000.000000 151 1
2850000.000000 170 1
2900000.000000 1 43
2900000.000000 2 7
2900000.000000 3 1
2900000.000000 5 1
2900000.000000 8 1
2900000.000000 41 1
2900000.000000 44 1
2900000.000000 171 1
2900000.000000 271 1
2950000.000000 1 32
2950000.000000 2 7
2950000.000000 3 1
2950000.000000 4 1
2950000.000000 11 1
2950000.000000 44 1
2950000.000000 49 1
2950000.000000 118 1
2950000.000000 153 1
2950000.000000 172 1
3000000.000000 1 39
3000000.000000 2 8
3000000.000000 3 1
3000000.000000 10 1
3000000.000000 42 1
3000000.000000 44 1
3000000.000000 60 1
3000000.000000 63 1
3000000.000000 149 1
3000000.000000 174 1
3050000.000000 1 30
3050000.000000 2 8
3050000.000000 3 2
3050000.000000 6 1
3050000.000000 10 1
3050000.000000 41 1
3050000.000000 42 1
3050000.000000 65 1
3050000.000000 174 1
3050000.000000 210 1
3100000.000000 1 32
3100000.000000 2 8
3100000.000000 3 2
3100000.000000 4 1
3100000.000000 9 1
3100000.000000 42 1
3100000.000000 45 1
3100000.000000 63 1
3100000.000000 173 1
3100000.000000 210 1
3150000.000000 1 43
3150000.000000 2 8
3150000.000000 3 4
3150000.000000 9 1
3150000.000000 42 1
3150000.000000 43 1
3150000.000000 56 1
3150000.000000 172 1
3150000.000000 207 1
3200000.000000 1 46
3200000.000000 2 9
3200000.000000 3 3
3200000.000000 9 1
3200000.000000 42 2
3200000.000000 59 1
3200000.000000 171 1
3200000.000000 204 1
3250000.000000 1 43
3250000.000000 2 8
3250000.000000 3 2
3250000.000000 9 1
3250000.000000 44 2
3250000.000000 58 1
3250000.000000 173 1
3250000.000000 207 1
3300000.000000 1 41
3300000.000000 2 10
3300000.000000 3 3
3300000.000000 10 1
3300000.000000 39 1
3300000.000000 42 1
3300000.000000 58 1
3300000.000000 174 1
3300000.000000 207 1
3350000.000000 1 49
3350000.000000 2 7
3350000.000000 3 2
3350000.000000 9 1
3350000.000000 39 1
3350000.000000 42 1
3350000.000000 59 1
3350000.000000 173 1
3350000.000000 209 1
3400000.000000 1 39
3400000.000000 2 10
3400000.000000 3 1
3400000.000000 4 1
3400000.000000 44 2
3400000.000000 176 1
3400000.000000 270 1
3450000.000000 1 46
3450000.000000 2 9
3450000.000000 3 3
3450000.000000 4 1
3450000.000000 39 1
3450000.000000 45 1
3450000.000000 63 1
3450000.000000 175 1
3450000.000000 201 1
3500000.000000 1 41
3500000.000000 2 7
3500000.000000 3 2
3500000.000000 4 1
3500000.000000 5 1
3500000.000000 7 1
3500000.000000 38 1
3500000.000000 46 1
3500000.000000 61 1
3500000.000000 176 1
3500000.000000 202 1
3550000.000000 1 39
3550000.000000 2 7
3550000.000000 3 3
3550000.000000 5 1
3550000.000000 6 1
3550000.000000 8 1
3550000.000000 39 1
3550000.000000 48 1
3550000.000000 61 1
3550000.000000 176 1
3550000.000000 195 1
3600000.000000 1 34
3600000.000000 2 4
3600000.000000 3 4
3600000.000000 4 2
3600000.000000 6 1
3600000.000000 11 1
3600000.000000 38 1
3600000.000000 43 1
3600000.000000 62 1
3600000.000000 175 1
3600000.000000 203 1
3650000.000000 1 41
3650000.000000 2 6
3650000.000000 3 4
3650000.000000 4 1
3650000.000000 8 2
3650000.000000 36 1
3650000.000000 39 1
3650000.000000 62 1
3650000.000000 180 1
3650000.000000 198 1
3700000.000000 1 45
3700000.000000 2 6
3700000.000000 3 4
3700000.000000 4 1
3700000.000000 8 1
3700000.000000 39 1
3700000.000000 46 1
3700000.000000 61 1
3700000.000000 373 1
3750000.000000 1 37
3750000.000000 2 4
3750000.000000 3 5
3750000.000000 4 3
3750000.000000 46 2
3750000.000000 62 1
3750000.000000 175 1
3750000.000000 199 1
3800000.000000 1 53
3800000.000000 2 5
3800000.000000 3 2
3800000.000000 4 2
3800000.000000 42 1
3800000.000000 46 1
3800000.000000 59 1
3800000.000000 176 1
3800000.000000 200 1
3850000.000000 1 46
3850000.000000 2 9
3850000.000000 3 3
3850000.000000 43 1
3850000.000000 50 1
3850000.000000 57 1
3850000.000000 176 1
3850000.000000 201 1
3900000.000000 1 45
3900000.000000 2 9
3900000.000000 3 3
3900000.000000 4 1
3900000.000000 41 1
3900000.000000 43 1
3900000.000000 59 1
3900000.000000 176 1
3900000.000000 205 1
3950000.000000 1 47
3950000.000000 2 7
3950000.000000 3 4
3950000.000000 41 1
3950000.000000 42 1
3950000.000000 58 1
3950000.000000 178 1
3950000.000000 208 1
4000000.000000 1 42
4000000.000000 2 11
4000000.000000 3 2
4000000.000000 5 1
4000000.000000 39 1
4000000.000000 58 1
4000000.000000 175 1
4000000.000000 253 1
4050000.000000 1 53
4050000.000000 2 7
4050000.000000 5 1
4050000.000000 41 1
4050000.000000 44 1
4050000.000000 60 1
4050000.000000 174 1
4050000.000000 209 1
4100000.000000 1 52
4100000.000000 2 7
4100000.000000 3 2
4100000.000000 4 1
4100000.000000 37 1
4100000.000000 43 1
4100000.000000 62 1
4100000.000000 382 1
4150000.000000 1 37
4150000.000000 2 7
4150000.000000 3 1
4150000.000000 4 4
4150000.000000 6 1
4150000.000000 42 1
4150000.000000 46 1
4150000.000000 54 1
4150000.000000 175 1
4150000.000000 207 1
4200000.000000 1 33
4200000.000000 2 7
4200000.000000 3 5
4200000.000000 4 1
4200000.000000 6 2
4200000.000000 42 1
4200000.000000 43 1
4200000.000000 55 1
4200000.000000 173 1
4200000.000000 209 1
4250000.000000 1 37
4250000.000000 2 7
4250000.000000 3 2
4250000.000000 4 1
4250000.000000 6 2
4250000.000000 43 1
4250000.000000 45 1
4250000.000000 54 1
4250000.000000 385 1
4300000.000000 1 37
4300000.000000 2 10
4300000.000000 3 2
4300000.000000 6 1
4300000.000000 42 1
4300000.000000 44 1
4300000.000000 63 1
4300000.000000 176 1
4300000.000000 206 1
4350000.000000 1 31
4350000.000000 2 8
4350000.000000 3 2
4350000.000000 6 2
4350000.000000 42 1
4350000.000000 46 1
4350000.000000 62 1
4350000.000000 178 1
4350000.000000 207 1
4400000.000000 1 44
4400000.000000 2 6
4400000.000000 3 1
4400000.000000 4 4
4400000.000000 38 1
4400000.000000 44 1
4400000.000000 57 1
4400000.000000 178 1
4400000.000000 208 1
4450000.000000 1 37
4450000.000000 2 8
4450000.000000 3 2
4450000.000000 4 1
4450000.000000 5 2
4450000.000000 39 1
4450000.000000 46 1
4450000.000000 56 1
4450000.000000 177 1
4450000.000000 209 1
4500000.000000 1 35
4500000.000000 2 12
4500000.000000 3 2
4500000.000000 4 2
4500000.000000 5 1
4500000.000000 40 1
4500000.000000 45 1
4500000.000000 58 1
4500000.000000 174 1
4500000.000000 205 1
4550000.000000 1 38
4550000.000000 2 8
4550000.000000 3 3
4550000.000000 4 2
4550000.000000 38 1
4550000.000000 44 1
4550000.000000 56 1
4550000.000000 177 1
4550000.000000 214 1
4600000.000000 1 33
4600000.000000 2 10
4600000.000000 3 2
4600000.000000 4 1
4600000.000000 5 1
4600000.000000 38 1
4600000.000000 44 1
4600000.000000 60 1
4600000.000000 182 1
4600000.000000 208 1
4650000.000000 1 34
4650000.000000 2 7
4650000.000000 3 4
4650000.000000 4 2
4650000.000000 7 1
4650000.000000 38 1
4650000.000000 40 1
4650000.000000 60 1
4650000.000000 180 1
4650000.000000 207 1
4700000.000000 1 36
4700000.000000 2 7
4700000.000000 3 2
4700000.000000 5 1
4700000.000000 8 1
4700000.000000 38 1
4700000.000000 43 1
4700000.000000 58 1
4700000.000000 182 1
4700000.000000 210 1
4750000.000000 1 51
4750000.000000 2 5
4750000.000000 4 3
4750000.000000 37 1
4750000.000000 41 1
4750000.000000 55 1
4750000.000000 182 1
4750000.000000 212 1
4800000.000000 1 52
4800000.000000 2 7
4800000.000000 3 1
4800000.000000 4 1
4800000.000000 39 2
4800000.000000 56 1
4800000.000000 184 1
4800000.000000 209 1
4850000.000000 1 44
4850000.000000 2 4
4850000.000000 3 3
4850000.000000 4 1
4850000.000000 5 1
4850000.000000 36 1
4850000.000000 56 1
4850000.000000 184 1
4850000.000000 254 1
4900000.000000 1 54
4900000.000000 2 4
4900000.000000 3 2
4900000.000000 4 1
4900000.000000 5 1
4900000.000000 54 1
4900000.000000 73 1
4900000.000000 184 1
4900000.000000 212 1
4950000.000000 1 51
4950000.000000 2 10
4950000.000000 3 2
4950000.000000 5 1
4950000.000000 10 1
4950000.000000 35 1
4950000.000000 41 1
4950000.000000 50 1
4950000.000000 185 1
4950000.000000 197 1
5000000.000000 1 52
5000000.000000 2 12
5000000.000000 3 1
5000000.000000 4 1
5000000.000000 32 1
5000000.000000 42 1
5000000.000000 53 1
5000000.000000 185 1
5000000.000000 205 1
5050000.000000 1 47
5050000.000000 2 9
5050000.000000 3 2
5050000.000000 5 1
5050000.000000 6 1
5050000.000000 33 1
5050000.000000 41 1
5050000.000000 52 1
5050000.000000 185 1
5050000.000000 207 1
5100000.000000 1 43
5100000.000000 2 9
5100000.000000 3 3
5100000.000000 4 1
5100000.000000 5 1
5100000.000000 6 1
5100000.000000 7 2
5100000.000000 31 1
5100000.000000 38 1
5100000.000000 44 1
5100000.000000 182 1
5100000.000000 206 1
5150000.000000 1 42
5150000.000000 2 11
5150000.000000 3 1
5150000.000000 4 1
5150000.000000 5 1
5150000.000000 6 1
5150000.000000 33 1
5150000.000000 42 1
5150000.000000 48 1
5150000.000000 185 1
5150000.000000 210 1
5200000.000000 1 50
5200000.000000 2 6
5200000.000000 3 5
5200000.000000 5 1
5200000.000000 31 1
5200000.000000 44 1
5200000.000000 52 1
5200000.000000 185 1
5200000.000000 206 1
5250000.000000 1 45
5250000.000000 2 9
5250000.000000 3 4
5250000.000000 5 1
5250000.000000 6 1
5250000.000000 45 1
5250000.000000 50 1
5250000.000000 184 1
5250000.000000 235 1
5300000.000000 1 46
5300000.000000 2 10
5300000.000000 3 3
5300000.000000 5 1
5300000.000000 8 1
5300000.000000 30 1
5300000.000000 43 1
5300000.000000 51 1
5300000.000000 186 1
5300000.000000 202 1
5350000.000000 1 42
5350000.000000 2 14
5350000.000000 3 2
5350000.000000 29 1
5350000.000000 46 1
5350000.000000 59 1
5350000.000000 184 1
5350000.000000 206 1
5400000.000000 1 39
5400000.000000 2 9
5400000.000000 3 4
5400000.000000 4 1
5400000.000000 7 1
5400000.000000 30 1
5400000.000000 45 1
5400000.000000 50 1
5400000.000000 189 1
5400000.000000 206 1
5450000.000000 1 42
5450000.000000 2 9
5450000.000000 3 3
5450000.000000 5 1
5450000.000000 6 1
5450000.000000 49 1
5450000.000000 82 1
5450000.000000 389 1
5500000.000000 1 37
5500000.000000 2 14
5500000.000000 3 3
5500000.000000 4 1
5500000.000000 5 1
5500000.000000 7 1
5500000.000000 31 1
5500000.000000 43 1
5500000.000000 45 1
5500000.000000 185 1
5500000.000000 206 1
5550000.000000 1 38
5550000.000000 2 9
5550000.000000 3 6
5550000.000000 4 3
5550000.000000 6 1
5550000.000000 30 1
5550000.000000 45 1
5550000.000000 46 1
5550000.000000 186 1
5550000.000000 201 1
5600000.000000 1 33
5600000.000000 2 12
5600000.000000 3 7
5600000.000000 4 1
5600000.000000 8 1
5600000.000000 25 1
5600000.000000 46 1
5600000.000000 48 1
5600000.000000 187 1
5600000.000000 204 1
5650000.000000 1 30
5650000.000000 2 12
5650000.000000 3 2
5650000.000000 5 1
5650000.000000 6 2
5650000.000000 26 1
5650000.000000 47 1
5650000.000000 55 1
5650000.000000 189 1
5650000.000000 206 1
5700000.000000 1 44
5700000.000000 2 12
5700000.000000 3 2
5700000.000000 7 1
5700000.000000 26 1
5700000.000000 48 1
5700000.000000 54 1
5700000.000000 190 1
5700000.000000 201 1
5750000.000000 1 45
5750000.000000 2 4
5750000.000000 3 5
5750000.000000 4 1
5750000.000000 5 1
5750000.000000 7 1
5750000.000000 25 1
5750000.000000 49 1
5750000.000000 52 1
5750000.000000 189 1
5750000.000000 201 1
5800000.000000 1 39
5800000.000000 2 7
5800000.000000 3 5
5800000.000000 4 2
5800000.000000 5 1
5800000.000000 9 1
5800000.000000 51 1
5800000.000000 66 1
5800000.000000 190 1
5800000.000000 203 1
5850000.000000 1 35
5850000.000000 2 10
5850000.000000 3 5
5850000.000000 5 2
5850000.000000 9 1
5850000.000000 48 1
5850000.000000 71 1
5850000.000000 190 1
5850000.000000 202 1
5900000.000000 1 40
5900000.000000 2 7
5900000.000000 3 3
5900000.000000 4 1
5900000.000000 9 2
5900000.000000 24 1
5900000.000000 47 1
5900000.000000 50 1
5900000.000000 394 1
5950000.000000 1 52
5950000.000000 2 7
5950000.000000 3 2
5950000.000000 5 1
5950000.000000 7 1
5950000.000000 9 1
5950000.000000 24 1
5950000.000000 45 1
5950000.000000 48 1
5950000.000000 188 1
5950000.000000 202 1
6000000.000000 1 43
6000000.000000 2 14
6000000.000000 3 2
6000000.000000 4 2
6000000.000000 6 1
6000000.000000 9 1
6000000.000000 45 1
6000000.000000 47 1
6000000.000000 186 1
6000000.000000 222 1
6050000.000000 1 42
6050000.000000 2 8
6050000.000000 3 2
6050000.000000 4 2
6050000.000000 6 1
6050000.000000 8 1
6050000.000000 9 1
6050000.000000 11 1
6050000.000000 46 1
6050000.000000 51 1
6050000.000000 189 1
6050000.000000 208 1
6100000.000000 1 45
6100000.000000 2 6
6100000.000000 3 5
6100000.000000 5 1
6100000.000000 8 1
6100000.000000 20 1
6100000.000000 45 1
6100000.000000 56 1
6100000.000000 188 1
6100000.000000 206 1
6150000.000000 1 56
6150000.000000 2 8
6150000.000000 3 2
6150000.000000 4 3
6150000.000000 10 1
6150000.000000 16 1
6150000.000000 41 1
6150000.000000 46 1
6150000.000000 187 1
6150000.000000 210 1
6200000.000000 1 51
6200000.000000 2 5
6200000.000000 3 3
6200000.000000 4 2
6200000.000000 5 1
6200000.000000 10 1
6200000.000000 48 1
6200000.000000 72 1
6200000.000000 186 1
6200000.000000 201 1
6250000.000000 1 44
6250000.000000 2 9
6250000.000000 3 3
6250000.000000 4 4
6250000.000000 10 1
6250000.000000 14 1
6250000.000000 49 1
6250000.000000 53 1
6250000.000000 188 1
6250000.000000 199 1
6300000.000000 1 43
6300000.000000 2 9
6300000.000000 3 8
6300000.000000 8 1
6300000.000000 51 1
6300000.000000 53 1
6300000.000000 200 1
6300000.000000 203 1
6350000.000000 1 44
6350000.000000 2 10
6350000.000000 3 5
6350000.000000 5 1
6350000.000000 7 2
6350000.000000 45 1
6350000.000000 55 1
6350000.000000 196 1
6350000.000000 206 1
6400000.000000 1 51
6400000.000000 2 10
6400000.000000 3 4
6400000.000000 4 2
6400000.000000 5 1
6400000.000000 6 1
6400000.000000 44 1
6400000.000000 62 1
6400000.000000 189 1
6400000.000000 203 1
6450000.000000 1 49
6450000.000000 2 6
6450000.000000 3 4
6450000.000000 4 1
6450000.000000 5 1
6450000.000000 6 1
6450000.000000 7 2
6450000.000000 10 1
6450000.000000 46 1
6450000.000000 51 1
6450000.000000 188 1
6450000.000000 203 1
6500000.000000 1 66
6500000.000000 2 11
6500000.000000 3 2
6500000.000000 6 1
6500000.000000 8 1
6500000.000000 10 1
6500000.000000 45 1
6500000.000000 188 1
6500000.000000 249 1
6550000.000000 1 56
6550000.000000 2 5
6550000.000000 3 4
6550000.000000 4 4
6550000.000000 5 1
6550000.000000 6 1
6550000.000000 8 1
6550000.000000 47 1
6550000.000000 48 1
6550000.000000 189 1
6550000.000000 203 1
6600000.000000 1 56
6600000.000000 2 6
6600000.000000 3 3
6600000.000000 4 2
6600000.000000 5 1
6600000.000000 7 2
6600000.000000 11 1
6600000.000000 44 1
6600000.000000 51 1
6600000.000000 190 1
6600000.000000 200 1
6650000.000000 1 39
6650000.000000 2 12
6650000.000000 3 8
6650000.000000 4 1
6650000.000000 7 2
6650000.000000 8 1
6650000.000000 45 1
6650000.000000 51 1
6650000.000000 188 1
6650000.000000 203 1
6700000.000000 1 52
6700000.000000 2 7
6700000.000000 3 3
6700000.000000 4 4
6700000.000000 8 1
6700000.000000 11 1
6700000.000000 46 1
6700000.000000 48 1
6700000.000000 189 1
6700000.000000 207 1
6750000.000000 1 36
6750000.000000 2 15
6750000.000000 3 1
6750000.000000 4 2
6750000.000000 5 1
6750000.000000 8 1
6750000.000000 10 1
6750000.000000 12 1
6750000.000000 43 1
6750000.000000 51 1
6750000.000000 190 1
6750000.000000 204 1
6800000.000000 1 42
6800000.000000 2 9
6800000.000000 3 3
6800000.000000 4 3
6800000.000000 5 2
6800000.000000 9 1
6800000.000000 12 1
6800000.000000 44 1
6800000.000000 190 1
6800000.000000 254 1
6850000.000000 1 48
6850000.000000 2 10
6850000.000000 3 2
6850000.000000 4 1
6850000.000000 5 2
6850000.000000 6 1
6850000.000000 8 3
6850000.000000 39 1
6850000.000000 50 1
6850000.000000 190 1
6850000.000000 203 1
6900000.000000 1 51
6900000.000000 2 10
6900000.000000 3 3
6900000.000000 4 3
6900000.000000 6 1
6900000.000000 7 2
6900000.000000 8 1
6900000.000000 38 1
6900000.000000 191 1
6900000.000000 251 1
6950000.000000 1 43
6950000.000000 2 8
6950000.000000 3 3
6950000.000000 4 1
6950000.000000 6 1
6950000.000000 7 2
6950000.000000 12 1
6950000.000000 36 1
6950000.000000 41 1
6950000.000000 419 1
7000000.000000 1 44
7000000.000000 2 8
7000000.000000 3 5
7000000.000000 4 4
7000000.000000 5 2
7000000.000000 6 1
7000000.000000 12 1
7000000.000000 38 1
7000000.000000 47 1
7000000.000000 192 1
7000000.000000 204 1
7050000.000000 1 38
7050000.000000 2 7
7050000.000000 3 6
7050000.000000 4 3
7050000.000000 5 1
7050000.000000 6 1
7050000.000000 8 2
7050000.000000 12 1
7050000.000000 39 1
7050000.000000 49 1
7050000.000000 191 1
7050000.000000 200 1
7100000.000000 1 52
7100000.000000 2 11
7100000.000000 3 3
7100000.000000 4 2
7100000.000000 6 1
7100000.000000 7 1
7100000.000000 12 1
7100000.000000 39 1
7100000.000000 445 1
7150000.000000 1 44
7150000.000000 2 11
7150000.000000 3 4
7150000.000000 4 1
7150000.000000 5 3
7150000.000000 6 1
7150000.000000 10 1
7150000.000000 13 1
7150000.000000 39 1
7150000.000000 193 1
7150000.000000 242 1
7200000.000000 1 45
7200000.000000 2 8
7200000.000000 3 3
7200000.000000 4 2
7200000.000000 5 2
7200000.000000 7 1
7200000.000000 10 1
7200000.000000 14 1
7200000.000000 33 1
7200000.000000 40 1
7200000.000000 201 1
7200000.000000 207 1
7250000.000000 1 43
7250000.000000 2 13
7250000.000000 3 5
7250000.000000 4 1
7250000.000000 5 2
7250000.000000 7 1
7250000.000000 8 1
7250000.000000 15 1
7250000.000000 34 1
7250000.000000 37 1
7250000.000000 198 1
7250000.000000 203 1
7300000.000000 1 34
7300000.000000 2 8
7300000.000000 3 9
7300000.000000 5 1
7300000.000000 6 2
7300000.000000 7 2
7300000.000000 8 1
7300000.000000 14 1
7300000.000000 28 1
7300000.000000 39 1
7300000.000000 198 1
7300000.000000 205 1
7350000.000000 1 40
7350000.000000 2 12
7350000.000000 3 5
7350000.000000 4 1
7350000.000000 5 1
7350000.000000 6 2
7350000.000000 7 1
7350000.000000 9 1
7350000.000000 13 1
7350000.000000 30 1
7350000.000000 40 1
7350000.000000 196 1
7350000.000000 205 1
7400000.000000 1 56
7400000.000000 2 9
7400000.000000 3 6
7400000.000000 4 1
7400000.000000 5 1
7400000.000000 7 1
7400000.000000 8 1
7400000.000000 13 1
7400000.000000 29 1
7400000.000000 45 1
7400000.000000 196 1
7400000.000000 201 1
7450000.000000 1 52
7450000.000000 2 8
7450000.000000 3 8
7450000.000000 4 1
7450000.000000 5 1
7450000.000000 6 1
7450000.000000 8 1
7450000.000000 11 1
7450000.000000 29 1
7450000.000000 45 1
7450000.000000 197 1
7450000.000000 203 1
7500000.000000 1 47
7500000.000000 2 8
7500000.000000 3 5
7500000.000000 4 1
7500000.000000 5 3
7500000.000000 6 2
7500000.000000 10 1
7500000.000000 13 1
7500000.000000 32 1
7500000.000000 37 1
7500000.000000 198 1
7500000.000000 201 1
7550000.000000 1 53
7550000.000000 2 12
7550000.000000 3 4
7550000.000000 4 2
7550000.000000 5 1
7550000.000000 9 1
7550000.000000 11 1
7550000.000000 33 1
7550000.000000 43 1
7550000.000000 201 2
7600000.000000 1 39
7600000.000000 2 12
7600000.000000 3 4
7600000.000000 4 4
7600000.000000 5 3
7600000.000000 6 1
7600000.000000 33 1
7600000.000000 40 1
7600000.000000 199 1
7600000.000000 216 1
7650000.000000 1 50
7650000.000000 2 12
7650000.000000 3 9
7650000.000000 4 3
7650000.000000 5 1
7650000.000000 8 1
7650000.000000 32 1
7650000.000000 39 1
7650000.000000 200 1
7650000.000000 203 1
7700000.000000 1 42
7700000.000000 2 10
7700000.000000 3 5
7700000.000000 4 3
7700000.000000 5 1
7700000.000000 6 1
7700000.000000 7 2
7700000.000000 9 1
7700000.000000 28 1
7700000.000000 39 1
7700000.000000 201 1
7700000.000000 209 1
7750000.000000 1 51
7750000.000000 2 15
7750000.000000 3 1
7750000.000000 4 3
7750000.000000 5 1
7750000.000000 6 2
7750000.000000 14 1
7750000.000000 30 1
7750000.000000 33 1
7750000.000000 410 1
7800000.000000 1 38
7800000.000000 2 11
7800000.000000 3 5
7800000.000000 4 2
7800000.000000 5 1
7800000.000000 6 2
7800000.000000 30 1
7800000.000000 35 1
7800000.000000 200 1
7800000.000000 235 1
7850000.000000 1 42
7850000.000000 2 12
7850000.000000 3 5
7850000.000000 4 3
7850000.000000 5 3
7850000.000000 22 1
7850000.000000 24 1
7850000.000000 41 1
7850000.000000 196 1
7850000.000000 209 1
7900000.000000 1 40
7900000.000000 2 15
7900000.000000 3 3
7900000.000000 4 3
7900000.000000 5 2
7900000.000000 6 1
7900000.000000 9 1
7900000.000000 10 1
7900000.000000 27 1
7900000.000000 196 1
7900000.000000 251 1
7950000.000000 1 43
7950000.000000 2 16
7950000.000000 3 5
7950000.000000 4 2
7950000.000000 5 2
7950000.000000 7 1
7950000.000000 15 1
7950000.000000 33 1
7950000.000000 37 1
7950000.000000 197 1
7950000.000000 203 1
8000000.000000 1 55
8000000.000000 2 13
8000000.000000 3 4
8000000.000000 4 4
8000000.000000 6 1
8000000.000000 10 1
8000000.000000 12 1
8000000.000000 29 1
8000000.000000 37 1
8000000.000000 193 1
8000000.000000 204 1
8050000.000000 1 57
8050000.000000 2 9
8050000.000000 3 6
8050000.000000 4 1
8050000.000000 7 2
8050000.000000 9 1
8050000.000000 10 1
8050000.000000 28 1
8050000.000000 41 1
8050000.000000 196 1
8050000.000000 205 1
8100000.000000 1 37
8100000.000000 2 15
8100000.000000 3 7
8100000.000000 4 1
8100000.000000 5 2
8100000.000000 6 1
8100000.000000 7 1
8100000.000000 10 1
8100000.000000 28 1
8100000.000000 44 1
8100000.000000 197 1
8100000.000000 206 1
8150000.000000 1 49
8150000.000000 2 14
8150000.000000 3 2
8150000.000000 5 2
8150000.000000 6 2
8150000.000000 7 1
8150000.000000 10 1
8150000.000000 31 1
8150000.000000 39 1
8150000.000000 203 1
8150000.000000 205 1
8200000.000000 1 55
8200000.000000 2 10
8200000.000000 3 5
8200000.000000 4 1
8200000.000000 5 2
8200000.000000 6 1
8200000.000000 7 1
8200000.000000 34 1
8200000.000000 42 1
8200000.000000 407 1
8250000.000000 1 50
8250000.000000 2 12
8250000.000000 3 5
8250000.000000 4 3
8250000.000000 5 1
8250000.000000 8 1
8250000.000000 37 1
8250000.000000 38 1
8250000.000000 200 1
8250000.000000 211 1
8300000.000000 1 47
8300000.000000 2 18
8300000.000000 3 2
8300000.000000 4 2
8300000.000000 8 2
8300000.000000 10 1
8300000.000000 33 1
8300000.000000 36 1
8300000.000000 200 1
8300000.000000 208 1
8350000.000000 1 38
8350000.000000 2 15
8350000.000000 3 4
8350000.000000 4 1
8350000.000000 6 1
8350000.000000 7 1
8350000.000000 8 2
8350000.000000 36 1
8350000.000000 37 1
8350000.000000 414 1
8400000.000000 1 48
8400000.000000 2 8
8400000.000000 3 4
8400000.000000 4 2
8400000.000000 5 2
8400000.000000 7 1
8400000.000000 8 1
8400000.000000 16 1
8400000.000000 32 1
8400000.000000 35 1
8400000.000000 408 1
8450000.000000 1 43
8450000.000000 2 11
8450000.000000 3 3
8450000.000000 4 2
8450000.000000 5 1
8450000.000000 6 2
8450000.000000 11 1
8450000.000000 37 1
8450000.000000 43 1
8450000.000000 410 1
8500000.000000 1 42
8500000.000000 2 14
8500000.000000 3 3
8500000.000000 5 1
8500000.000000 8 2
8500000.000000 10 1
8500000.000000 12 1
8500000.000000 31 1
8500000.000000 34 1
8500000.000000 413 1
8550000.000000 1 53
8550000.000000 2 9
8550000.000000 3 7
8550000.000000 4 3
8550000.000000 11 1
8550000.000000 31 1
8550000.000000 37 1
8550000.000000 200 1
8550000.000000 217 1
8600000.000000 1 47
8600000.000000 2 10
8600000.000000 3 3
8600000.000000 4 4
8600000.000000 5 1
8600000.000000 7 1
8600000.000000 9 1
8600000.000000 11 1
8600000.000000 24 1
8600000.000000 35 1
8600000.000000 203 1
8600000.000000 214 1
8650000.000000 1 62
8650000.000000 2 7
8650000.000000 3 4
8650000.000000 4 4
8650000.000000 5 1
8650000.000000 9 1
8650000.000000 31 1
8650000.000000 32 1
8650000.000000 203 1
8650000.000000 216 1
8700000.000000 1 46
8700000.000000 2 10
8700000.000000 3 3
8700000.000000 4 3
8700000.000000 5 1
8700000.000000 6 2
8700000.000000 8 1
8700000.000000 11 1
8700000.000000 18 1
8700000.000000 38 1
8700000.000000 203 1
8700000.000000 218 1
8750000.000000 1 54
8750000.000000 2 10
8750000.000000 3 4
8750000.000000 4 2
8750000.000000 5 1
8750000.000000 9 2
8750000.000000 13 1
8750000.000000 20 1
8750000.000000 32 1
8750000.000000 203 1
8750000.000000 215 1
8800000.000000 1 52
8800000.000000 2 15
8800000.000000 3 4
8800000.000000 4 2
8800000.000000 5 3
8800000.000000 9 1
8800000.000000 10 1
8800000.000000 16 1
8800000.000000 32 1
8800000.000000 416 1
8850000.000000 1 52
8850000.000000 2 15
8850000.000000 3 4
8850000.000000 4 1
8850000.000000 7 1
8850000.000000 14 1
8850000.000000 32 2
8850000.000000 204 1
8850000.000000 213 1
8900000.000000 1 59
8900000.000000 2 14
8900000.000000 3 3
8900000.000000 4 2
8900000.000000 6 1
8900000.000000 12 1
8900000.000000 15 1
8900000.000000 32 1
8900000.000000 205 1
8900000.000000 226 1
8950000.000000 1 48
8950000.000000 2 7
8950000.000000 3 4
8950000.000000 4 2
8950000.000000 5 3
8950000.000000 6 1
8950000.000000 14 1
8950000.000000 16 1
8950000.000000 17 1
8950000.000000 33 1
8950000.000000 417 1
9000000.000000 1 50
9000000.000000 2 8
9000000.000000 3 7
9000000.000000 4 3
9000000.000000 5 1
9000000.000000 7 1
9000000.000000 15 2
9000000.000000 34 1
9000000.000000 206 1
9000000.000000 219 1
9050000.000000 1 54
9050000.000000 2 15
9050000.000000 3 4
9050000.000000 4 2
9050000.000000 5 1
9050000.000000 7 1
9050000.000000 14 1
9050000.000000 16 1
9050000.000000 34 1
9050000.000000 210 2
9100000.000000 1 45
9100000.000000 2 16
9100000.000000 3 3
9100000.000000 4 4
9100000.000000 6 2
9100000.000000 15 1
9100000.000000 16 1
9100000.000000 35 1
9100000.000000 209 1
9100000.000000 211 1
9150000.000000 1 59
9150000.000000 2 11
9150000.000000 3 4
9150000.000000 4 1
9150000.000000 5 1
9150000.000000 7 1
9150000.000000 14 1
9150000.000000 26 1
9150000.000000 34 1
9150000.000000 207 1
9150000.000000 210 1
9200000.000000 1 50
9200000.000000 2 11
9200000.000000 3 6
9200000.000000 4 2
9200000.000000 6 1
9200000.000000 9 1
9200000.000000 13 1
9200000.000000 18 1
9200000.000000 36 1
9200000.000000 208 1
9200000.000000 212 1
9250000.000000 1 50
9250000.000000 2 10
9250000.000000 3 8
9250000.000000 4 2
9250000.000000 5 1
9250000.000000 6 2
9250000.000000 26 1
9250000.000000 34 1
9250000.000000 208 1
9250000.000000 213 1
9300000.000000 1 49
9300000.000000 2 7
9300000.000000 3 7
9300000.000000 4 3
9300000.000000 9 1
9300000.000000 30 1
9300000.000000 35 1
9300000.000000 430 1
9350000.000000 1 43
9350000.000000 2 14
9350000.000000 3 3
9350000.000000 4 3
9350000.000000 5 1
9350000.000000 6 3
9350000.000000 21 1
9350000.000000 35 1
9350000.000000 429 1
9400000.000000 1 49
9400000.000000 2 7
9400000.000000 3 3
9400000.000000 4 4
9400000.000000 5 2
9400000.000000 10 1
9400000.000000 20 1
9400000.000000 36 1
9400000.000000 436 1
9450000.000000 1 50
9450000.000000 2 6
9450000.000000 3 2
9450000.000000 5 3
9450000.000000 6 1
9450000.000000 20 1
9450000.000000 25 1
9450000.000000 33 1
9450000.000000 433 1
9500000.000000 1 50
9500000.000000 2 11
9500000.000000 4 1
9500000.000000 5 2
9500000.000000 7 1
9500000.000000 9 1
9500000.000000 13 1
9500000.000000 21 1
9500000.000000 33 1
9500000.000000 431 1
9550000.000000 1 48
9550000.000000 2 7
9550000.000000 3 4
9550000.000000 6 2
9550000.000000 7 4
9550000.000000 13 1
9550000.000000 19 1
9550000.000000 28 1
9550000.000000 426 1
9600000.000000 1 45
9600000.000000 2 10
9600000.000000 3 3
9600000.000000 4 2
9600000.000000 7 1
9600000.000000 11 1
9600000.000000 15 1
9600000.000000 25 1
9600000.000000 33 1
9600000.000000 427 1
9650000.000000 1 58
9650000.000000 2 9
9650000.000000 3 2
9650000.000000 4 1
9650000.000000 11 1
9650000.000000 13 1
9650000.000000 15 1
9650000.000000 36 1
9650000.000000 439 1
9700000.000000 1 41
9700000.000000 2 8
9700000.000000 3 2
9700000.000000 4 2
9700000.000000 5 3
9700000.000000 7 1
9700000.000000 8 1
9700000.000000 9 1
9700000.000000 14 1
9700000.000000 19 1
9700000.000000 24 1
9700000.000000 433 1
9750000.000000 1 35
9750000.000000 2 13
9750000.000000 3 3
9750000.000000 4 2
9750000.000000 5 1
9750000.000000 6 1
9750000.000000 9 1
9750000.000000 10 1
9750000.000000 15 1
9750000.000000 37 1
9750000.000000 440 1
9800000.000000 1 37
9800000.000000 2 14
9800000.000000 3 4
9800000.000000 4 1
9800000.000000 5 3
9800000.000000 9 1
9800000.000000 12 1
9800000.000000 17 1
9800000.000000 32 1
9800000.000000 215 1
9800000.000000 219 1
9850000.000000 1 56
9850000.000000 2 9
9850000.000000 3 4
9850000.000000 4 2
9850000.000000 5 1
9850000.000000 6 1
9850000.000000 15 1
9850000.000000 21 1
9850000.000000 30 1
9850000.000000 214 1
9850000.000000 215 1
9900000.000000 1 55
9900000.000000 2 8
9900000.000000 3 2
9900000.000000 4 3
9900000.000000 5 3
9900000.000000 8 1
9900000.000000 10 1
9900000.000000 15 1
9900000.000000 33 1
9900000.000000 213 1
9900000.000000 217 1
9950000.000000 1 49
9950000.000000 2 6
9950000.000000 3 7
9950000.000000 4 2
9950000.000000 5 1
9950000.000000 6 2
9950000.000000 7 1
9950000.000000 13 1
9950000.000000 15 1
9950000.000000 30 1
9950000.000000 428 1
10000000.000000 1 48
10000000.000000 2 11
10000000.000000 3 5
10000000.000000 4 2
10000000.000000 5 1
10000000.000000 6 1
10000000.000000 9 1
10000000.000000 10 1
10000000.000000 17 1
10000000.000000 30 1
10000000.000000 430 1
10050000.000000 1 45
10050000.000000 2 7
10050000.000000 3 3
10050000.000000 4 3
10050000.000000 5 1
10050000.000000 12 1
10050000.000000 18 1
10050000.000000 21 1
10050000.000000 35 1
10050000.000000 212 1
10050000.000000 217 1
10100000.000000 1 47
10100000.000000 2 10
10100000.000000 3 6
10100000.000000 4 2
10100000.000000 5 4
10100000.000000 8 1
10100000.000000 19 1
10100000.000000 31 1
10100000.000000 429 1
10150000.000000 1 41
10150000.000000 2 12
10150000.000000 3 11
10150000.000000 4 1
10150000.000000 6 1
10150000.000000 7 1
10150000.000000 11 2
10150000.000000 32 1
10150000.000000 431 1
10200000.000000 1 47
10200000.000000 2 8
10200000.000000 3 4
10200000.000000 4 2
10200000.000000 5 2
10200000.000000 6 2
10200000.000000 7 1
10200000.000000 8 1
10200000.000000 12 1
10200000.000000 35 1
10200000.000000 433 1
10250000.000000 1 66
10250000.000000 2 8
10250000.000000 3 1
10250000.000000 4 3
10250000.000000 6 1
10250000.000000 7 2
10250000.000000 8 1
10250000.000000 17 1
10250000.000000 31 1
10250000.000000 427 1
10300000.000000 1 47
10300000.000000 2 9
10300000.000000 3 4
10300000.000000 4 1
10300000.000000 5 2
10300000.000000 6 2
10300000.000000 7 1
10300000.000000 8 1
10300000.000000 9 1
10300000.000000 10 1
10300000.000000 33 1
10300000.000000 430 1
10350000.000000 1 49
10350000.000000 2 7
10350000.000000 3 5
10350000.000000 4 2
10350000.000000 5 2
10350000.000000 6 2
10350000.000000 7 1
10350000.000000 8 1
10350000.000000 11 1
10350000.000000 33 1
10350000.000000 433 1
10400000.000000 1 54
10400000.000000 2 7
10400000.000000 3 5
10400000.000000 4 1
10400000.000000 5 1
10400000.000000 6 1
10400000.000000 7 1
10400000.000000 8 2
10400000.000000 15 1
10400000.000000 34 1
10400000.000000 430 1
10450000.000000 1 51
10450000.000000 2 11
10450000.000000 3 3
10450000.000000 4 3
10450000.000000 5 4
10450000.000000 10 2
10450000.000000 34 1
10450000.000000 432 1
10500000.000000 1 45
10500000.000000 2 12
10500000.000000 3 4
10500000.000000 4 2
10500000.000000 6 2
10500000.000000 7 1
10500000.000000 11 2
10500000.000000 34 1
10500000.000000 218 2
10550000.000000 1 41
10550000.000000 2 14
10550000.000000 3 2
10550000.000000 5 1
10550000.000000 6 1
10550000.000000 7 2
10550000.000000 9 2
10550000.000000 11 1
10550000.000000 34 1
10550000.000000 216 1
10550000.000000 221 1
10600000.000000 1 46
10600000.000000 2 14
10600000.000000 3 4
10600000.000000 4 3
10600000.000000 7 1
10600000.000000 8 1
10600000.000000 12 1
10600000.000000 34 1
10600000.000000 441 1
10650000.000000 1 43
10650000.000000 2 13
10650000.000000 3 1
10650000.000000 4 1
10650000.000000 5 1
10650000.000000 6 1
10650000.000000 9 1
10650000.000000 10 1
10650000.000000 12 1
10650000.000000 33 1
10650000.000000 223 1
10650000.000000 226 1
10700000.000000 1 57
10700000.000000 2 7
10700000.000000 3 7
10700000.000000 4 1
10700000.000000 6 2
10700000.000000 10 1
10700000.000000 12 1
10700000.000000 32 1
10700000.000000 215 1
10700000.000000 223 1
10750000.000000 1 44
10750000.000000 2 11
10750000.000000 3 2
10750000.000000 4 3
10750000.000000 5 2
10750000.000000 9 1
10750000.000000 11 1
10750000.000000 13 1
10750000.000000 30 1
10750000.000000 220 1
10750000.000000 223 1
10800000.000000 1 42
10800000.000000 2 14
10800000.000000 3 8
10800000.000000 4 2
10800000.000000 5 1
10800000.000000 8 1
10800000.000000 10 1
10800000.000000 33 1
10800000.000000 220 1
10800000.000000 222 1
10850000.000000 1 53
10850000.000000 2 12
10850000.000000 3 3
10850000.000000 4 4
10850000.000000 5 2
10850000.000000 8 1
10850000.000000 11 1
10850000.000000 31 1
10850000.000000 218 1
10850000.000000 220 1
10900000.000000 1 54
10900000.000000 2 9
10900000.000000 3 5
10900000.000000 4 3
10900000.000000 5 2
10900000.000000 6 2
10900000.000000 12 1
10900000.000000 28 1
10900000.000000 218 1
10900000.000000 221 1
10950000.000000 1 47
10950000.000000 2 12
10950000.000000 3 3
10950000.000000 4 4
10950000.000000 5 1
10950000.000000 6 1
10950000.000000 8 1
10950000.000000 15 1
10950000.000000 31 1
10950000.000000 215 1
10950000.000000 224 1
11000000.000000 1 46
11000000.000000 2 10
11000000.000000 3 7
11000000.000000 5 1
11000000.000000 8 1
11000000.000000 9 1
11000000.000000 11 1
11000000.000000 27 1
11000000.000000 218 1
11000000.000000 235 1
11050000.000000 1 56
11050000.000000 2 5
11050000.000000 3 5
11050000.000000 4 2
11050000.000000 5 2
11050000.000000 7 3
11050000.000000 32 1
11050000.000000 448 1
11100000.000000 1 48
11100000.000000 2 14
11100000.000000 3 4
11100000.000000 4 2
11100000.000000 5 1
11100000.000000 7 1
11100000.000000 8 1
11100000.000000 9 1
11100000.000000 29 1
11100000.000000 216 1
11100000.000000 230 1
11150000.000000 1 45
11150000.000000 2 9
11150000.000000 3 3
11150000.000000 4 1
11150000.000000 5 1
11150000.000000 6 1
11150000.000000 8 3
11150000.000000 9 1
11150000.000000 29 1
11150000.000000 451 1
11200000.000000 1 53
11200000.000000 2 10
11200000.000000 3 6
11200000.000000 4 2
11200000.000000 6 1
11200000.000000 7 1
11200000.000000 10 1
11200000.000000 30 1
11200000.000000 448 1
11250000.000000 1 44
11250000.000000 2 12
11250000.000000 3 1
11250000.000000 4 2
11250000.000000 5 1
11250000.000000 6 1
11250000.000000 7 1
11250000.000000 10 1
11250000.000000 12 1
11250000.000000 30 1
11250000.000000 451 1
11300000.000000 1 42
11300000.000000 2 14
11300000.000000 3 1
11300000.000000 5 2
11300000.000000 10 2
11300000.000000 14 1
11300000.000000 29 1
11300000.000000 454 1
11350000.000000 1 53
11350000.000000 2 5
11350000.000000 3 7
11350000.000000 4 1
11350000.000000 5 1
11350000.000000 10 1
11350000.000000 19 1
11350000.000000 28 1
11350000.000000 450 1
11400000.000000 1 37
11400000.000000 2 8
11400000.000000 3 7
11400000.000000 4 2
11400000.000000 6 1
11400000.000000 7 1
11400000.000000 9 1
11400000.000000 12 1
11400000.000000 26 1
11400000.000000 458 1
11450000.000000 1 39
11450000.000000 2 12
11450000.000000 3 2
11450000.000000 4 3
11450000.000000 5 2
11450000.000000 9 1
11450000.000000 19 1
11450000.000000 26 1
11450000.000000 455 1
11500000.000000 1 50
11500000.000000 2 18
11500000.000000 3 2
11500000.000000 4 2
11500000.000000 5 2
11500000.000000 17 1
11500000.000000 23 1
11500000.000000 450 1
11550000.000000 1 48
11550000.000000 2 7
11550000.000000 3 6
11550000.000000 4 3
11550000.000000 5 1
11550000.000000 7 1
11550000.000000 18 1
11550000.000000 25 1
11550000.000000 453 1
11600000.000000 1 45
11600000.000000 2 6
11600000.000000 3 6
11600000.000000 5 1
11600000.000000 6 2
11600000.000000 7 1
11600000.000000 19 1
11600000.000000 24 1
11600000.000000 458 1
11650000.000000 1 49
11650000.000000 2 13
11650000.000000 3 2
11650000.000000 4 3
11650000.000000 5 1
11650000.000000 8 1
11650000.000000 12 1
11650000.000000 25 1
11650000.000000 457 1
11700000.000000 1 36
11700000.000000 2 16
11700000.000000 3 7
11700000.000000 4 1
11700000.000000 5 1
11700000.000000 7 1
11700000.000000 19 1
11700000.000000 22 1
11700000.000000 454 1
11750000.000000 1 58
11750000.000000 2 9
11750000.000000 3 2
11750000.000000 4 2
11750000.000000 5 1
11750000.000000 11 1
11750000.000000 12 1
11750000.000000 25 1
11750000.000000 457 1
11800000.000000 1 49
11800000.000000 2 10
11800000.000000 3 5
11800000.000000 4 2
11800000.000000 5 2
11800000.000000 10 1
11800000.000000 11 1
11800000.000000 18 1
11800000.000000 459 1
11850000.000000 1 46
11850000.000000 2 13
11850000.000000 3 5
11850000.000000 4 3
11850000.000000 5 1
11850000.000000 6 1
11850000.000000 7 1
11850000.000000 10 1
11850000.000000 18 1
11850000.000000 455 1
11900000.000000 1 41
11900000.000000 2 13
11900000.000000 3 6
11900000.000000 4 4
11900000.000000 5 1
11900000.000000 6 1
11900000.000000 8 1
11900000.000000 19 1
11900000.000000 461 1
11950000.000000 1 54
11950000.000000 2 13
11950000.000000 3 6
11950000.000000 4 3
11950000.000000 6 1
11950000.000000 20 1
11950000.000000 464 1
12000000.000000 1 48
12000000.000000 2 13
12000000.000000 3 2
12000000.000000 4 3
12000000.000000 5 3
12000000.000000 7 1
12000000.000000 21 1
12000000.000000 465 1
12050000.000000 1 42
12050000.000000 2 20
12050000.000000 3 1
12050000.000000 4 4
12050000.000000 5 2
12050000.000000 6 1
12050000.000000 7 1
12050000.000000 19 1
12050000.000000 457 1
12100000.000000 1 56
12100000.000000 2 12
12100000.000000 3 4
12100000.000000 4 3
12100000.000000 5 1
12100000.000000 6 2
12100000.000000 21 1
12100000.000000 458 1
12150000.000000 1 51
12150000.000000 2 8
12150000.000000 3 3
12150000.000000 4 3
12150000.000000 5 1
12150000.000000 6 3
12150000.000000 8 2
12150000.000000 13 1
12150000.000000 460 1
12200000.000000 1 49
12200000.000000 2 9
12200000.000000 3 4
12200000.000000 4 3
12200000.000000 5 1
12200000.000000 6 3
12200000.000000 13 1
12200000.000000 14 1
12200000.000000 459 1
12250000.000000 1 59
12250000.000000 2 8
12250000.000000 3 5
12250000.000000 4 3
12250000.000000 5 1
12250000.000000 6 1
12250000.000000 7 1
12250000.000000 20 1
12250000.000000 460 1
12300000.000000 1 49
12300000.000000 2 13
12300000.000000 3 4
12300000.000000 4 1
12300000.000000 5 2
12300000.000000 6 2
12300000.000000 9 1
12300000.000000 14 1
12300000.000000 464 1
12350000.000000 1 48
12350000.000000 2 10
12350000.000000 3 6
12350000.000000 4 2
12350000.000000 5 1
12350000.000000 7 2
12350000.000000 9 1
12350000.000000 13 1
12350000.000000 465 1
12400000.000000 1 39
12400000.000000 2 9
12400000.000000 3 2
12400000.000000 4 4
12400000.000000 5 2
12400000.000000 6 1
12400000.000000 8 1
12400000.000000 9 1
12400000.000000 11 1
12400000.000000 16 1
12400000.000000 461 1
12450000.000000 1 43
12450000.000000 2 5
12450000.000000 3 4
12450000.000000 4 2
12450000.000000 5 1
12450000.000000 6 4
12450000.000000 8 1
12450000.000000 12 1
12450000.000000 14 1
12450000.000000 464 1
12500000.000000 1 40
12500000.000000 2 10
12500000.000000 3 2
12500000.000000 4 2
12500000.000000 5 2
12500000.000000 9 1
12500000.000000 10 1
12500000.000000 12 1
12500000.000000 19 1
12500000.000000 466 1
12550000.000000 1 40
12550000.000000 2 15
12550000.000000 3 4
12550000.000000 4 2
12550000.000000 5 2
12550000.000000 6 1
12550000.000000 7 1
12550000.000000 18 1
12550000.000000 469 1
12600000.000000 1 41
12600000.000000 2 13
12600000.000000 3 4
12600000.000000 4 2
12600000.000000 5 1
12600000.000000 7 1
12600000.000000 8 1
12600000.000000 25 1
12600000.000000 468 1
12650000.000000 1 47
12650000.000000 2 8
12650000.000000 3 6
12650000.000000 4 3
12650000.000000 5 2
12650000.000000 6 1
12650000.000000 8 1
12650000.000000 16 1
12650000.000000 467 1
12700000.000000 1 43
12700000.000000 2 12
12700000.000000 3 4
12700000.000000 4 1
12700000.000000 5 1
12700000.000000 6 1
12700000.000000 16 1
12700000.000000 17 1
12700000.000000 473 1
12750000.000000 1 44
12750000.000000 2 17
12750000.000000 4 2
12750000.000000 5 1
12750000.000000 6 1
12750000.000000 8 1
12750000.000000 14 1
12750000.000000 15 1
12750000.000000 466 1
12800000.000000 1 60
12800000.000000 2 11
12800000.000000 3 5
12800000.000000 4 1
12800000.000000 5 2
12800000.000000 7 1
12800000.000000 23 1
12800000.000000 459 1
12850000.000000 1 59
12850000.000000 2 16
12850000.000000 3 6
12850000.000000 4 1
12850000.000000 5 2
12850000.000000 6 1
12850000.000000 15 1
12850000.000000 456 1
12900000.000000 1 53
12900000.000000 2 10
12900000.000000 3 5
12900000.000000 4 3
12900000.000000 5 1
12900000.000000 6 1
12900000.000000 7 1
12900000.000000 8 1
12900000.000000 13 1
12900000.000000 461 1
12950000.000000 1 41
12950000.000000 2 18
12950000.000000 3 2
12950000.000000 4 6
12950000.000000 7 2
12950000.000000 9 1
12950000.000000 11 1
12950000.000000 459 1
13000000.000000 1 46
13000000.000000 2 15
13000000.000000 3 3
13000000.000000 4 3
13000000.000000 6 1
13000000.000000 7 2
13000000.000000 20 1
13000000.000000 463 1
13050000.000000 1 52
13050000.000000 2 13
13050000.000000 3 2
13050000.000000 4 2
13050000.000000 6 1
13050000.000000 7 1
13050000.000000 13 1
13050000.000000 22 1
13050000.000000 460 1
13100000.000000 1 53
13100000.000000 2 8
13100000.000000 3 5
13100000.000000 4 2
13100000.000000 6 2
13100000.000000 7 2
13100000.000000 11 2
13100000.000000 460 1
13150000.000000 1 47
13150000.000000 2 11
13150000.000000 3 5
13150000.000000 4 1
13150000.000000 6 1
13150000.000000 9 1
13150000.000000 10 1
13150000.000000 13 1
13150000.000000 17 1
13150000.000000 457 1
13200000.000000 1 42
13200000.000000 2 11
13200000.000000 3 4
13200000.000000 4 2
13200000.000000 6 1
13200000.000000 10 2
13200000.000000 11 1
13200000.000000 12 1
13200000.000000 467 1
13250000.000000 1 55
13250000.000000 2 6
13250000.000000 3 5
13250000.000000 5 1
13250000.000000 6 2
13250000.000000 11 1
13250000.000000 14 1
13250000.000000 18 1
13250000.000000 458 1
13300000.000000 1 45
13300000.000000 2 14
13300000.000000 3 5
13300000.000000 4 1
13300000.000000 5 1
13300000.000000 9 1
13300000.000000 10 1
13300000.000000 11 1
13300000.000000 15 1
13300000.000000 458 1
13350000.000000 1 58
13350000.000000 2 7
13350000.000000 3 3
13350000.000000 4 3
13350000.000000 6 3
13350000.000000 7 1
13350000.000000 10 1
13350000.000000 12 1
13350000.000000 460 1
13400000.000000 1 53
13400000.000000 2 9
13400000.000000 3 3
13400000.000000 4 2
13400000.000000 5 1
13400000.000000 7 1
13400000.000000 10 1
13400000.000000 14 1
13400000.000000 16 1
13400000.000000 460 1
13450000.000000 1 53
13450000.000000 2 14
13450000.000000 3 2
13450000.000000 4 1
13450000.000000 5 3
13450000.000000 9 1
13450000.000000 13 1
13450000.000000 14 1
13450000.000000 458 1
13500000.000000 1 43
13500000.000000 2 8
13500000.000000 3 5
13500000.000000 4 7
13500000.000000 6 1
13500000.000000 8 1
13500000.000000 9 1
13500000.000000 10 1
13500000.000000 465 1
13550000.000000 1 46
13550000.000000 2 10
13550000.000000 3 3
13550000.000000 4 2
13550000.000000 5 2
13550000.000000 6 2
13550000.000000 7 2
13550000.000000 16 1
13550000.000000 465 1
13600000.000000 1 34
13600000.000000 2 14
13600000.000000 3 3
13600000.000000 4 4
13600000.000000 6 3
13600000.000000 8 1
13600000.000000 10 1
13600000.000000 11 1
13600000.000000 466 1
13650000.000000 1 45
13650000.000000 2 13
13650000.000000 3 5
13650000.000000 4 4
13650000.000000 6 2
13650000.000000 9 1
13650000.000000 10 1
13650000.000000 467 1
13700000.000000 1 42
13700000.000000 2 13
13700000.000000 3 4
13700000.000000 4 3
13700000.000000 5 3
13700000.000000 10 1
13700000.000000 483 1
13750000.000000 1 38
13750000.000000 2 9
13750000.000000 3 1
13750000.000000 4 2
13750000.000000 5 3
13750000.000000 6 4
13750000.000000 20 1
13750000.000000 474 1
13800000.000000 1 51
13800000.000000 2 7
13800000.000000 3 3
13800000.000000 4 2
13800000.000000 5 3
13800000.000000 6 3
13800000.000000 7 1
13800000.000000 11 1
13800000.000000 467 1
13850000.000000 1 50
13850000.000000 2 11
13850000.000000 3 6
13850000.000000 4 2
13850000.000000 6 2
13850000.000000 8 1
13850000.000000 10 1
13850000.000000 472 1
13900000.000000 1 59
13900000.000000 2 9
13900000.000000 3 2
13900000.000000 4 4
13900000.000000 6 1
13900000.000000 7 1
13900000.000000 19 1
13900000.000000 469 1
13950000.000000 1 48
13950000.000000 2 13
13950000.000000 3 5
13950000.000000 4 3
13950000.000000 6 1
13950000.000000 8 1
13950000.000000 485 1
14000000.000000 1 36
14000000.000000 2 15
14000000.000000 3 6
14000000.000000 4 4
14000000.000000 5 1
14000000.000000 6 1
14000000.000000 9 1
14000000.000000 480 1
14050000.000000 1 47
14050000.000000 2 10
14050000.000000 3 5
14050000.000000 4 5
14050000.000000 5 1
14050000.000000 7 1
14050000.000000 8 1
14050000.000000 478 1
14100000.000000 1 41
14100000.000000 2 10
14100000.000000 3 4
14100000.000000 4 2
14100000.000000 5 2
14100000.000000 6 1
14100000.000000 7 1
14100000.000000 12 1
14100000.000000 484 1
14150000.000000 1 29
14150000.000000 2 17
14150000.000000 3 5
14150000.000000 4 1
14150000.000000 5 2
14150000.000000 6 2
14150000.000000 10 1
14150000.000000 486 1
14200000.000000 1 41
14200000.000000 2 11
14200000.000000 3 6
14200000.000000 4 1
14200000.000000 5 2
14200000.000000 6 1
14200000.000000 8 1
14200000.000000 9 2
14200000.000000 473 1
14250000.000000 1 41
14250000.000000 2 7
14250000.000000 3 4
14250000.000000 4 1
14250000.000000 5 2
14250000.000000 6 1
14250000.000000 8 1
14250000.000000 10 1
14250000.000000 12 1
14250000.000000 483 1
14300000.000000 1 41
14300000.000000 2 11
14300000.000000 3 6
14300000.000000 4 1
14300000.000000 5 1
14300000.000000 6 1
14300000.000000 7 1
14300000.000000 8 1
14300000.000000 9 1
14300000.000000 480 1
14350000.000000 1 39
14350000.000000 2 11
14350000.000000 3 4
14350000.000000 4 3
14350000.000000 5 2
14350000.000000 8 1
14350000.000000 11 1
14350000.000000 486 1
14400000.000000 1 40
14400000.000000 2 17
14400000.000000 3 2
14400000.000000 4 6
14400000.000000 5 1
14400000.000000 7 1
14400000.000000 484 1
14450000.000000 1 58
14450000.000000 2 7
14450000.000000 3 6
14450000.000000 4 3
14450000.000000 6 1
14450000.000000 7 1
14450000.000000 485 1
14500000.000000 1 37
14500000.000000 2 5
14500000.000000 3 2
14500000.000000 4 2
14500000.000000 5 3
14500000.000000 6 1
14500000.000000 7 1
14500000.000000 8 2
14500000.000000 9 1
14500000.000000 486 1
14550000.000000 1 37
14550000.000000 2 9
14550000.000000 3 1
14550000.000000 4 2
14550000.000000 5 2
14550000.000000 6 3
14550000.000000 7 1
14550000.000000 8 2
14550000.000000 483 1
14600000.000000 1 48
14600000.000000 2 7
14600000.000000 3 3
14600000.000000 4 3
14600000.000000 5 2
14600000.000000 7 2
14600000.000000 8 1
14600000.000000 485 1
14650000.000000 1 40
14650000.000000 2 14
14650000.000000 3 6
14650000.000000 4 2
14650000.000000 5 1
14650000.000000 11 1
14650000.000000 490 1
14700000.000000 1 52
14700000.000000 2 5
14700000.000000 3 2
14700000.000000 4 5
14700000.000000 5 2
14700000.000000 12 1
14700000.000000 490 1
14750000.000000 1 43
14750000.000000 2 8
14750000.000000 3 9
14750000.000000 4 4
14750000.000000 11 1
14750000.000000 487 1
14800000.000000 1 38
14800000.000000 2 8
14800000.000000 3 5
14800000.000000 4 3
14800000.000000 5 2
14800000.000000 8 1
14800000.000000 9 1
14800000.000000 492 1
14850000.000000 1 46
14850000.000000 2 14
14850000.000000 3 2
14850000.000000 4 3
14850000.000000 5 2
14850000.000000 9 1
14850000.000000 489 1
14900000.000000 1 52
14900000.000000 2 12
14900000.000000 4 1
14900000.000000 5 3
14900000.000000 6 1
14900000.000000 8 1
14900000.000000 491 1
14950000.000000 1 52
14950000.000000 2 10
14950000.000000 4 3
14950000.000000 5 1
14950000.000000 6 1
14950000.000000 7 2
14950000.000000 491 1
15000000.000000 1 48
15000000.000000 2 17
15000000.000000 3 5
15000000.000000 4 1
15000000.000000 6 2
15000000.000000 487 1
15050000.000000 1 44
15050000.000000 2 9
15050000.000000 3 9
15050000.000000 4 2
15050000.000000 5 1
15050000.000000 6 1
15050000.000000 492 1
15100000.000000 1 42
15100000.000000 2 19
15100000.000000 4 2
15100000.000000 5 1
15100000.000000 6 1
15100000.000000 11 1
15100000.000000 490 1
15150000.000000 1 61
15150000.000000 2 11
15150000.000000 3 1
15150000.000000 5 2
15150000.000000 6 1
15150000.000000 7 1
15150000.000000 491 1
15200000.000000 1 49
15200000.000000 2 7
15200000.000000 3 2
15200000.000000 4 4
15200000.000000 5 1
15200000.000000 6 1
15200000.000000 7 1
15200000.000000 497 1
15250000.000000 1 47
15250000.000000 2 7
15250000.000000 3 1
15250000.000000 4 2
15250000.000000 5 2
15250000.000000 7 1
15250000.000000 11 1
15250000.000000 500 1
15300000.000000 1 48
15300000.000000 2 12
15300000.000000 3 3
15300000.000000 4 2
15300000.000000 5 1
15300000.000000 6 1
15300000.000000 500 1
15350000.000000 1 50
15350000.000000 2 11
15350000.000000 3 4
15350000.000000 4 2
15350000.000000 8 1
15350000.000000 500 1
15400000.000000 1 56
15400000.000000 2 11
15400000.000000 3 2
15400000.000000 4 1
15400000.000000 5 1
15400000.000000 9 1
15400000.000000 498 1
15450000.000000 1 47
15450000.000000 2 6
15450000.000000 3 7
15450000.000000 4 2
15450000.000000 15 1
15450000.000000 497 1
15500000.000000 1 53
15500000.000000 2 7
15500000.000000 3 5
15500000.000000 5 1
15500000.000000 15 1
15500000.000000 498 1
15550000.000000 1 52
15550000.000000 2 9
15550000.000000 3 3
15550000.000000 4 3
15550000.000000 5 2
15550000.000000 6 1
15550000.000000 493 1
15600000.000000 1 54
15600000.000000 2 12
15600000.000000 3 5
15600000.000000 4 1
15600000.000000 8 1
15600000.000000 495 1
15650000.000000 1 52
15650000.000000 2 8
15650000.000000 3 5
15650000.000000 4 2
15650000.000000 5 2
15650000.000000 499 1
15700000.000000 1 44
15700000.000000 2 13
15700000.000000 3 3
15700000.000000 5 2
15700000.000000 6 1
15700000.000000 7 1
15700000.000000 498 1
15750000.000000 1 48
15750000.000000 2 14
15750000.000000 3 4
15750000.000000 4 2
15750000.000000 8 1
15750000.000000 496 1
15800000.000000 1 47
15800000.000000 2 11
15800000.000000 3 5
15800000.000000 4 1
15800000.000000 5 2
15800000.000000 502 1
15850000.000000 1 43
15850000.000000 2 10
15850000.000000 3 5
15850000.000000 4 1
15850000.000000 5 1
15850000.000000 7 1
15850000.000000 506 1
15900000.000000 1 45
15900000.000000 2 10
15900000.000000 3 6
15900000.000000 4 1
15900000.000000 5 1
15900000.000000 7 1
15900000.000000 501 1
15950000.000000 1 47
15950000.000000 2 6
15950000.000000 3 8
15950000.000000 4 3
15950000.000000 5 1
15950000.000000 500 1
16000000.000000 1 50
16000000.000000 2 9
16000000.000000 3 3
16000000.000000 4 2
16000000.000000 5 1
16000000.000000 8 1
16000000.000000 502 1
16050000.000000 1 34
16050000.000000 2 8
16050000.000000 3 7
16050000.000000 4 1
16050000.000000 6 1
16050000.000000 7 2
16050000.000000 505 1
16100000.000000 1 44
16100000.000000 2 10
16100000.000000 3 5
16100000.000000 4 1
16100000.000000 5 1
16100000.000000 6 1
16100000.000000 506 1
16150000.000000 1 52
16150000.000000 2 8
16150000.000000 3 7
16150000.000000 4 1
16150000.000000 507 1
16200000.000000 1 55
16200000.000000 2 13
16200000.000000 3 1
16200000.000000 4 1
16200000.000000 5 1
16200000.000000 507 1
16250000.000000 1 41
16250000.000000 2 6
16250000.000000 3 2
16250000.000000 4 3
16250000.000000 5 1
16250000.000000 6 1
16250000.000000 8 1
16250000.000000 510 1
16300000.000000 1 42
16300000.000000 2 9
16300000.000000 3 2
16300000.000000 4 2
16300000.000000 5 1
16300000.000000 6 1
16300000.000000 7 1
16300000.000000 508 1
16350000.000000 1 51
16350000.000000 2 5
16350000.000000 3 4
16350000.000000 4 1
16350000.000000 5 2
16350000.000000 6 1
16350000.000000 507 1
16400000.000000 1 46
16400000.000000 2 6
16400000.000000 3 5
16400000.000000 4 1
16400000.000000 6 2
16400000.000000 511 1
16450000.000000 1 44
16450000.000000 2 7
16450000.000000 3 3
16450000.000000 4 3
16450000.000000 5 2
16450000.000000 511 1
16500000.000000 1 42
16500000.000000 2 7
16500000.000000 3 2
16500000.000000 4 1
16500000.000000 5 2
16500000.000000 6 2
16500000.000000 512 1
16550000.000000 1 43
16550000.000000 2 6
16550000.000000 3 3
16550000.000000 4 3
16550000.000000 6 1
16550000.000000 8 1
16550000.000000 510 1
16600000.000000 1 44
16600000.000000 2 8
16600000.000000 3 2
16600000.000000 4 1
16600000.000000 5 1
16600000.000000 7 2
16600000.000000 511 1
16650000.000000 1 48
16650000.000000 2 10
16650000.000000 3 4
16650000.000000 5 1
16650000.000000 8 1
16650000.000000 507 1
16700000.000000 1 40
16700000.000000 2 9
16700000.000000 3 5
16700000.000000 4 2
16700000.000000 5 1
16700000.000000 514 1
16750000.000000 1 43
16750000.000000 2 9
16750000.000000 3 5
16750000.000000 4 3
16750000.000000 512 1
16800000.000000 1 46
16800000.000000 2 9
16800000.000000 3 3
16800000.000000 4 3
16800000.000000 6 1
16800000.000000 509 1
16850000.000000 1 36
16850000.000000 2 13
16850000.000000 3 5
16850000.000000 4 2
16850000.000000 5 1
16850000.000000 510 1
16900000.000000 1 45
16900000.000000 2 7
16900000.000000 3 5
16900000.000000 4 3
16900000.000000 5 1
16900000.000000 509 1
16950000.000000 1 41
16950000.000000 2 15
16950000.000000 3 4
16950000.000000 4 1
16950000.000000 5 1
16950000.000000 508 1
17000000.000000 1 52
17000000.000000 2 12
17000000.000000 3 3
17000000.000000 4 1
17000000.000000 5 1
17000000.000000 506 1
17050000.000000 1 41
17050000.000000 2 13
17050000.000000 3 6
17050000.000000 4 2
17050000.000000 507 1
17100000.000000 1 36
17100000.000000 2 10
17100000.000000 3 5
17100000.000000 5 2
17100000.000000 519 1
17150000.000000 1 42
17150000.000000 2 7
17150000.000000 3 7
17150000.000000 7 1
17150000.000000 516 1
17200000.000000 1 41
17200000.000000 2 9
17200000.000000 3 4
17200000.000000 4 1
17200000.000000 6 1
17200000.000000 519 1
17250000.000000 1 39
17250000.000000 2 7
17250000.000000 3 2
17250000.000000 4 3
17250000.000000 8 1
17250000.000000 521 1
17300000.000000 1 48
17300000.000000 2 5
17300000.000000 3 2
17300000.000000 4 2
17300000.000000 8 1
17300000.000000 520 1
17350000.000000 1 39
17350000.000000 2 9
17350000.000000 3 4
17350000.000000 4 1
17350000.000000 8 1
17350000.000000 519 1
17400000.000000 1 36
17400000.000000 2 8
17400000.000000 3 5
17400000.000000 4 2
17400000.000000 6 1
17400000.000000 519 1
17450000.000000 1 39
17450000.000000 2 9
17450000.000000 3 3
17450000.000000 4 1
17450000.000000 10 1
17450000.000000 520 1
17500000.000000 1 42
17500000.000000 2 6
17500000.000000 3 4
17500000.000000 4 3
17500000.000000 522 1
17550000.000000 1 38
17550000.000000 2 8
17550000.000000 3 3
17550000.000000 5 1
17550000.000000 6 1
17550000.000000 526 1
17600000.000000 1 36
17600000.000000 2 10
17600000.000000 3 6
17600000.000000 4 1
17600000.000000 522 1
17650000.000000 1 37
17650000.000000 2 10
17650000.000000 3 4
17650000.000000 5 2
17650000.000000 521 1
17700000.000000 1 38
17700000.000000 2 9
17700000.000000 3 3
17700000.000000 4 1
17700000.000000 5 1
17700000.000000 6 1
17700000.000000 520 1
17750000.000000 1 45
17750000.000000 2 9
17750000.000000 3 3
17750000.000000 4 2
17750000.000000 520 1
17800000.000000 1 41
17800000.000000 2 8
17800000.000000 3 3
17800000.000000 4 2
17800000.000000 6 1
17800000.000000 520 1
17850000.000000 1 50
17850000.000000 2 4
17850000.000000 3 1
17850000.000000 4 4
17850000.000000 5 1
17850000.000000 518 1
17900000.000000 1 48
17900000.000000 2 6
17900000.000000 4 4
17900000.000000 5 1
17900000.000000 519 1
17950000.000000 1 48
17950000.000000 2 6
17950000.000000 3 3
17950000.000000 6 1
17950000.000000 7 1
17950000.000000 518 1
18000000.000000 1 46
18000000.000000 2 7
18000000.000000 3 3
18000000.000000 4 1
18000000.000000 5 1
18000000.000000 522 1
18050000.000000 1 46
18050000.000000 2 10
18050000.000000 3 1
18050000.000000 11 1
18050000.000000 520 1
18100000.000000 1 46
18100000.000000 2 8
18100000.000000 4 1
18100000.000000 9 1
18100000.000000 525 1
18150000.000000 1 42
18150000.000000 2 10
18150000.000000 3 2
18150000.000000 8 1
18150000.000000 524 1
18200000.000000 1 39
18200000.000000 2 14
18200000.000000 3 2
18200000.000000 7 1
18200000.000000 520 1
18250000.000000 1 53
18250000.000000 2 8
18250000.000000 3 1
18250000.000000 6 1
18250000.000000 522 1
18300000.000000 1 42
18300000.000000 2 11
18300000.000000 3 2
18300000.000000 7 1
18300000.000000 523 1
18350000.000000 1 53
18350000.000000 2 7
18350000.000000 3 3
18350000.000000 4 2
18350000.000000 516 1
18400000.000000 1 46
18400000.000000 2 11
18400000.000000 3 2
18400000.000000 5 1
18400000.000000 521 1
18450000.000000 1 47
18450000.000000 2 9
18450000.000000 3 3
18450000.000000 4 2
18450000.000000 518 1
18500000.000000 1 40
18500000.000000 2 9
18500000.000000 3 2
18500000.000000 4 2
18500000.000000 7 1
18500000.000000 521 1
18550000.000000 1 43
18550000.000000 2 8
18550000.000000 3 2
18550000.000000 4 1
18550000.000000 5 1
18550000.000000 6 1
18550000.000000 520 1
18600000.000000 1 39
18600000.000000 2 6
18600000.000000 3 2
18600000.000000 5 2
18600000.000000 6 1
18600000.000000 8 1
18600000.000000 519 1
18650000.000000 1 48
18650000.000000 2 6
18650000.000000 4 1
18650000.000000 5 3
18650000.000000 521 1
18700000.000000 1 44
18700000.000000 2 9
18700000.000000 3 1
18700000.000000 4 2
18700000.000000 5 1
18700000.000000 522 1
18750000.000000 1 44
18750000.000000 2 9
18750000.000000 3 3
18750000.000000 6 1
18750000.000000 523 1
18800000.000000 1 40
18800000.000000 2 6
18800000.000000 3 3
18800000.000000 4 3
18800000.000000 5 1
18800000.000000 522 1
18850000.000000 1 41
18850000.000000 2 8
18850000.000000 3 3
18850000.000000 4 2
18850000.000000 5 1
18850000.000000 521 1
18900000.000000 1 47
18900000.000000 2 8
18900000.000000 3 5
18900000.000000 522 1
18950000.000000 1 51
18950000.000000 2 6
18950000.000000 3 3
18950000.000000 5 1
18950000.000000 523 1
19000000.000000 1 44
19000000.000000 2 8
19000000.000000 3 3
19000000.000000 4 1
19000000.000000 5 1
19000000.000000 522 1
19050000.000000 1 40
19050000.000000 2 7
19050000.000000 3 2
19050000.000000 4 4
19050000.000000 524 1
19100000.000000 1 39
19100000.000000 2 9
19100000.000000 3 3
19100000.000000 4 1
19100000.000000 5 1
19100000.000000 525 1
19150000.000000 1 45
19150000.000000 2 9
19150000.000000 3 3
19150000.000000 4 1
19150000.000000 524 1
19200000.000000 1 47
19200000.000000 2 5
19200000.000000 3 4
19200000.000000 5 2
19200000.000000 521 1
19250000.000000 1 47
19250000.000000 2 6
19250000.000000 3 1
19250000.000000 5 2
19250000.000000 528 1
19300000.000000 1 36
19300000.000000 2 12
19300000.000000 3 1
19300000.000000 4 3
19300000.000000 5 1
19300000.000000 520 1
19350000.000000 1 54
19350000.000000 2 3
19350000.000000 3 4
19350000.000000 4 1
19350000.000000 524 1
19400000.000000 1 41
19400000.000000 2 9
19400000.000000 3 3
19400000.000000 4 1
19400000.000000 7 1
19400000.000000 521 1
19450000.000000 1 37
19450000.000000 2 11
19450000.000000 3 6
19450000.000000 523 1
19500000.000000 1 40
19500000.000000 2 12
19500000.000000 3 5
19500000.000000 521 1
19550000.000000 1 44
19550000.000000 2 13
19550000.000000 5 1
19550000.000000 525 1
19600000.000000 1 42
19600000.000000 2 14
19600000.000000 3 2
19600000.000000 4 1
19600000.000000 520 1
19650000.000000 1 43
19650000.000000 2 11
19650000.000000 3 2
19650000.000000 4 1
19650000.000000 525 1
19700000.000000 1 50
19700000.000000 2 4
19700000.000000 3 4
19700000.000000 4 1
19700000.000000 526 1
19750000.000000 1 44
19750000.000000 2 10
19750000.000000 3 3
19750000.000000 527 1
19800000.000000 1 50
19800000.000000 2 12
19800000.000000 3 1
19800000.000000 4 1
19800000.000000 519 1
19850000.000000 1 44
19850000.000000 2 10
19850000.000000 3 1
19850000.000000 4 2
19850000.000000 5 1
19850000.000000 520 1
19900000.000000 1 44
19900000.000000 2 8
19900000.000000 4 4
19900000.000000 6 2
19900000.000000 512 1
19950000.000000 1 41
19950000.000000 2 8
19950000.000000 3 1
19950000.000000 4 5
19950000.000000 520 1
20000000.000000 1 42
20000000.000000 2 5
20000000.000000 3 2
20000000.000000 4 3
20000000.000000 6 2
20000000.000000 518 1
